-100000	0
6.53620870922208	0
6.539542042555413	0.0000007153527388356091
6.544542042555413	0.000006287586086825413
6.552042042555414	0.000025721781805246023
6.563292042555414	0.00008073616033493051
6.580167042555414	0.0002277890562036204
6.605479542555414	0.0006027042104803846
6.643448292555414	0.0015555080865146853
6.700401417555414	0.0039742425831366356
6.785831105055413	0.010161671903772552
6.885831105055413	0.021865401895134747
6.9858311050554125	0.03899779340444575
7.085831105055412	0.06212028598929605
7.185831105055412	0.09170886644391237
7.285831105055411	0.12821478665673275
7.385831105055411	0.17203758398703403
7.485831105055411	0.22354409495151523
7.58583110505541	0.2830609289810966
7.68583110505541	0.3509065646895515
7.78583110505541	0.42734941035830737
7.885831105055409	0.512635139816802
7.985831105055409	0.60700393250027
8.085831105055409	0.7106794254179188
8.185831105055408	0.823864170553116
8.285831105055408	0.9467660944166237
8.385831105055408	1.0795544924201939
8.485831105055407	1.2223873761368063
8.585831105055407	1.3754103614847257
8.685831105055406	1.5387612936592097
8.785831105055406	1.712566018155888
8.885831105055406	1.8969450932310603
8.985831105055405	2.0920033505974103
9.085831105055405	2.2978517607653366
9.185831105055405	2.514569566788658
9.285831105055404	2.74223483555841
9.385831105055404	2.9809380703415393
9.485831105055404	3.230749576418238
9.585831105055403	3.4917059219234794
9.685831105055403	3.763955143418903
9.785831105055403	4.047543667243511
9.885831105055402	4.3424391479688325
9.985831105055402	4.648662867546916
10.085831105055401	4.96627450280347
10.185831105055401	5.295292653483514
10.2858311050554	5.635745366259153
10.3858311050554	5.98767980786141
10.4858311050554	6.351146069006481
10.5858311050554	6.726174101195921
10.6858311050554	7.1128200419958825
10.785831105055399	7.511137999175611
10.885831105055399	7.921182244372867
10.985831105055398	8.343001886106999
11.085831105055398	8.776665940013745
11.185831105055398	9.222208728329097
11.285831105055397	9.679713935535206
11.385831105055397	10.149235997562931
11.485831105055397	10.630790241557218
11.585831105055396	11.124484726617354
11.685831105055396	11.630375450033165
11.785831105055395	12.14850860287264
11.885831105055395	12.678959325886513
11.985831105055395	13.221765564863995
12.085831105055394	13.776968047267898
12.185831105055394	14.344625820141703
12.285831105055394	14.924685818298963
12.385831105055393	15.51707833079786
12.485831105055393	16.12163135391255
12.585831105055393	16.738043622239893
12.685831105055392	17.365814670645584
12.7799599609375	17.89166860218716
1000012.779959961	17.89166860218716
