-100000	0
6.407326399177893	0
6.410659732511226	0.0000005750181613189506
6.415659732511226	0.000006244423949093842
6.423159732511226	0.00003450233917389788
6.434409732511226	0.000149888627271461
6.451284732511226	0.0005794229574597573
6.476597232511226	0.002109911020586995
6.514565982511226	0.007382575018308418
6.571519107511226	0.024749743062204146
6.6569487950112265	0.07238699494417652
6.756948795011226	0.15689548959854696
6.856948795011226	0.2691382464014326
6.956948795011225	0.4068827647867618
7.056948795011225	0.56830494264426
7.156948795011225	0.7518397372808683
7.256948795011224	0.9563604606827052
7.356948795011224	1.180769273657677
7.456948795011224	1.424194837929299
7.556948795011223	1.685899333555401
7.656948795011223	1.9650766931309174
7.756948795011223	2.261202521753586
7.856948795011222	2.5735103966072974
7.956948795011222	2.9014421661170227
8.056948795011222	3.244501131061609
8.156948795011221	3.6021240346249326
8.25694879501122	3.973871239597745
8.35694879501122	4.359198005753962
8.45694879501122	4.75775084331864
8.55694879501122	5.169041766813145
8.65694879501122	5.592729919260288
8.756948795011219	6.028374032822807
8.856948795011219	6.475676664722822
8.956948795011218	6.93423335655845
9.056948795011218	7.403747676064555
9.156948795011218	7.883861074692236
9.256948795011217	8.374289501583489
9.356948795011217	8.87470212270008
9.456948795011217	9.384840443154397
9.556948795011216	9.90439779319649
9.656948795011216	10.433145385704568
9.756948795011215	10.970800368401676
9.856948795011215	11.51696347050157
9.956948795011215	12.071485652090264
10.056948795011214	12.63406243180749
10.156948795011214	13.204370535589582
10.256948795011214	13.782232484255996
10.356948795011213	14.367417675589532
10.456948795011213	14.959695215502215
10.556948795011213	15.558855810770408
10.656948795011212	16.164709152109044
10.756948795011212	16.777082868351695
10.856948795011212	17.395803118395147
10.956948795011211	18.02070909753142
11.05694879501121	18.651642355617412
11.15694879501121	19.288433956975172
11.25694879501121	19.930970840719787
11.35694879501121	20.57911765311174
11.45694879501121	21.23272638440234
11.556948795011209	21.891685626482964
11.656948795011209	22.555844693202715
11.756948795011208	23.22502497617335
11.856948795011208	23.89906557052967
11.956948795011208	24.577759684382126
12.056948795011207	25.260877919121533
12.156948795011207	25.948179886670893
12.256948795011207	26.63932673209554
12.356948795011206	27.333919808229282
12.456948795011206	28.031450386741405
12.556948795011206	28.73132520944756
12.656948795011205	29.432841073892355
12.756948795011205	30.134312275065547
12.772317873405175	30.182998880497372
1000012.7723178734	30.182998880497372
