-100000	0
1.3712475839923393	0
1.3745809173256727	0.0000001659417410593234
1.3795809173256726	0.0000013140095575460143
1.3870809173256726	0.000006246874052535248
1.3983309173256726	0.000024905750408586055
1.4152059173256726	0.00009110045804519146
1.4405184173256727	0.0003120783564581962
1.4784871673256728	0.0010004158565095627
1.5354402923256727	0.0030632747057026963
1.6208699798256727	0.008961411594943083
1.7208699798256728	0.0204455641513429
1.820869979825673	0.03668570954889853
1.920869979825673	0.05699950083477986
2.020869979825673	0.08038897108241395
2.120869979825673	0.10569333574722255
2.220869979825673	0.13187089766119037
2.320869979825673	0.15818939078345182
2.420869979825673	0.18364052522965957
2.5208699798256733	0.20635287760829035
2.6208699798256734	0.2242269739856509
2.7208699798256735	0.23638812927394065
2.8208699798256736	0.24310261087721524
2.9208699798256736	0.2455938541187756
3.0208699798256737	0.24587713046806028
3.120869979825674	0.24587713046806028
3.220869979825674	0.24587713046806028
3.320869979825674	0.24587713046806028
3.420869979825674	0.24587713046806028
3.520869979825674	0.24587713046806028
3.6208699798256743	0.24587713046806028
3.7208699798256744	0.24587713046806028
3.8208699798256744	0.24587713046806028
3.9208699798256745	0.24587713046806028
4.020869979825674	0.24587713046806028
4.120869979825674	0.24587713046806028
4.2208699798256735	0.24587713046806028
4.320869979825673	0.24587713046806028
4.420869979825673	0.24587713046806028
4.520869979825672	0.24587713046806028
4.620869979825672	0.24587713046806028
4.720869979825672	0.24587713046806028
4.820869979825671	0.24587713046806028
4.920869979825671	0.24587713046806028
5.020869979825671	0.24587713046806028
5.12086997982567	0.24587713046806028
5.22086997982567	0.24634951464503319
5.32086997982567	0.2537895791034043
5.420869979825669	0.2827958265621146
5.520869979825669	0.34911762159190635
5.6208699798256685	0.4607658204223862
5.720869979825668	0.6155208541821413
5.820869979825668	0.8099505914478587
5.920869979825667	1.0414721923545456
6.020869979825667	1.3072833417067955
6.120869979825667	1.605047375388563
6.220869979825666	1.9328175402249268
6.320869979825666	2.2886237793484945
6.420869979825666	2.6707331715918317
6.520869979825665	3.077609328848035
6.620869979825665	3.5079297327339454
6.720869979825665	3.960429467806136
6.820869979825664	4.43393961691707
6.920869979825664	4.927311913329908
7.0208699798256635	5.439849804387822
7.120869979825663	5.970452134669817
7.220869979825663	6.518170482322705
7.3208699798256625	7.082251379004943
7.420869979825662	7.662038573242032
7.520869979825662	8.256793575169779
7.620869979825661	8.865818966055334
7.720869979825661	9.488538605162647
7.820869979825661	10.124408196601436
7.92086997982566	10.772808584164244
8.02086997982566	11.43322661230653
8.12086997982566	12.105243270870607
8.22086997982566	12.788292003586655
8.320869979825659	13.481978937338091
8.420869979825659	14.185906278859825
8.520869979825658	14.899571448496568
8.620869979825658	15.622713685100463
8.720869979825657	16.354862009331725
8.820869979825657	17.0957372542111
8.920869979825657	17.844984483595915
9.020869979825656	18.602212739445292
9.120869979825656	19.367179401067194
9.220869979825656	20.139608483928523
9.320869979825655	20.919186981101777
9.420869979825655	21.705621763056534
9.520869979825655	22.498665234012297
9.620869979825654	23.29807758905377
9.720869979825654	24.103633194011653
9.820869979825654	24.915073146066074
9.920869979825653	25.732165239502685
10.020869979825653	26.55472729840089
10.120869979825653	27.38254951328706
10.220869979825652	28.215403267982524
10.320869979825652	29.053106459353252
10.420869979825651	29.895444703961296
10.520869979825651	30.742198728084865
10.62086997982565	31.59318389779317
10.72086997982565	32.44817635754566
10.82086997982565	33.30697016199735
10.92086997982565	34.1693723051416
11.02086997982565	35.03515550916033
11.120869979825649	35.90412919471574
11.220869979825649	36.77608360688846
11.320869979825648	37.65079996764916
11.420869979825648	38.52809149140167
11.520869979825648	39.40773734592528
11.620869979825647	40.28953215929443
11.720869979825647	41.173283694691364
11.820869979825646	42.05876669808821
11.920869979825646	42.9458115450694
12.020869979825646	43.834190723080226
12.120869979825645	44.723699886684564
12.220869979825645	45.61413676647427
12.320869979825645	46.50530114944148
12.420869979825644	47.396989822607104
12.520869979825644	48.289001153111926
12.620869979825644	49.18113509279261
12.720869979825643	49.93608248572253
12.820869979825643	50.20608247612888
12.920869979825643	50.47608246653532
13.020869979825642	50.74608239406753
13.120869979825642	51.01608238458137
13.220869979825641	51.28608237509506
13.320869979825641	51.55608236560884
13.42086997982564	51.8260824235778
13.52086997982564	52.096082415771214
13.62086997982564	52.36608240796448
13.72086997982564	52.63608240015775
13.82086997982564	52.90608239235122
13.920869979825639	53.17608238454441
14.020869979825639	53.44608237673787
14.120869979825638	53.71608236893115
14.220869979825638	53.98608236112459
14.320869979825638	54.25608235331797
14.420869979825637	54.526082345510986
14.520869979825637	54.796082032861655
14.620869979825637	55.06608202251421
14.720869979825636	55.33608201216673
14.820869979825636	55.60608200181922
14.920869979825635	55.876081991472034
15.020869979825635	56.14608198112438
15.120869979825635	56.41608197132381
15.220869979825634	56.686081961804945
15.320869979825634	56.95608187015451
15.420869979825634	57.22608186062747
15.520869979825633	57.496081851100286
15.620869979825633	57.76608184157313
15.720869979825633	58.03608183204607
15.820869979825632	58.306081822518834
15.920869979825632	58.57608181299167
16.020869979825633	58.846081803464564
16.120869979825635	59.11608179393749
16.220869979825636	59.386081784410386
16.320869979825638	59.656081501781216
16.42086997982564	59.92608149053118
16.52086997982564	60.19608147928135
16.620869979825642	60.46608146803154
16.720869979825643	60.73608145678158
16.820869979825645	61.00608144553176
16.920869979825646	61.27608143428198
17.020869979825648	61.54608142303188
17.12086997982565	61.81608141178199
17.22086997982565	62.0860814005322
17.320869979825652	62.35608139006163
17.420869979825653	62.626081380537315
17.520869979825655	62.896081371012556
17.620869979825656	63.166081361488025
17.720869979825657	63.43608135196357
17.82086997982566	63.70608134243895
17.92086997982566	63.976081332914326
18.02086997982566	64.24608132338972
18.120869979825663	64.51608131386527
18.220869979825665	64.7860813043407
18.320869979825666	65.05608129481601
18.420869979825667	65.32608128529156
18.52086997982567	65.596081275767
18.62086997982567	65.8660812662425
18.72086997982567	66.13608125671793
18.820869979825673	66.40608124719336
18.920869979825675	66.67608123766882
19.020869979825676	66.94608100084288
19.120869979825677	67.21608099044754
19.22086997982568	67.4860809800522
19.32086997982568	67.75608096965688
19.42086997982568	68.02608107747581
19.520869979825683	68.29608106881358
19.620869979825684	68.56608106015159
19.720869979825686	68.8360810514894
19.820869979825687	69.10608104282721
19.92086997982569	69.376080548652
20.02086997982569	69.64608053740376
20.12086997982569	69.9160805261558
20.220869979825693	70.18608051490756
20.320869979825694	70.45608050365965
20.420869979825696	70.72608049282834
20.520869979825697	70.99608048245884
20.6208699798257	71.26608047208948
20.7208699798257	71.53608046171985
20.8208699798257	71.80608045135041
20.920869979825703	72.07608044098083
21.020869979825704	72.34608043061144
21.120869979825706	72.61608042024187
21.220869979825707	72.88608041014744
21.32086997982571	73.15608040065949
21.42086997982571	73.42608039117175
21.52086997982571	73.69608038168417
21.620869979825713	73.96608037219629
21.720869979825714	74.23607995371262
21.820869979825716	74.50607994254091
21.920869979825717	74.77607993136905
22.02086997982572	75.04607992019723
22.12086997982572	75.31607990902529
22.22086997982572	75.58607989785358
22.320869979825723	75.8560798866816
22.420869979825724	76.12607987550984
22.520869979825726	76.39607986433803
22.620869979825727	76.66607985316638
22.72086997982573	76.93607984199456
22.82086997982573	77.2060798308228
22.92086997982573	77.4760798196508
23.020869979825733	77.74607980847895
23.120869979825734	78.01607979730723
23.220869979825736	78.28607978613563
23.320869979825737	78.55607977496355
23.42086997982574	78.82607976379185
23.45	78.90473187616743
1000023.45	78.90473187616743
