-100000	0
0	0
0.0033333333333333335	0.03293899489131478
0.008333333333333333	0.08301334164845783
0.01583333333333333	0.15895013297121152
0.02708333333333333	0.27416675671893537
0.043958333333333335	0.44915305263967437
0.06927083333333334	0.7152726919362477
0.10723958333333333	1.1205070752464328
0.16419270833333333	1.7388565529189042
0.24962239583333334	2.683350177417002
0.3496223958333333	3.807632505694767
0.4496223958333333	4.946580309999714
0.5496223958333333	6.096382385786515
0.6496223958333333	7.254294546972414
0.7496223958333332	8.418208794129946
0.8496223958333332	9.586426181970348
0.9496223958333332	10.75755417394124
1.0496223958333333	11.930399200081917
1.1496223958333334	13.103949496567347
1.2496223958333335	14.27758949656736
1.3496223958333335	15.451229496567404
1.4496223958333336	16.624869496567413
1.5496223958333337	17.79850949656745
1.6496223958333338	18.97214949656745
1.749622395833334	20.14578949656749
1.849622395833334	21.319429496567498
1.949622395833334	22.493069496567546
2.049622395833334	23.666709496567524
2.149622395833334	24.84034949656755
2.249622395833334	26.01398949656757
2.349622395833334	27.187629496567602
2.4496223958333343	28.361269496567626
2.5496223958333344	29.53490949656764
2.6496223958333345	30.70854949656767
2.7496223958333346	31.88218949656765
2.8496223958333347	33.05582949656765
2.9496223958333347	34.22946949656761
3.049622395833335	35.403109496567694
3.149622395833335	36.576749496567736
3.249622395833335	37.75038949656774
3.349622395833335	38.9240294965677
3.449622395833335	40.097669496567725
3.5496223958333353	41.27130949656784
3.6496223958333354	42.44494949656774
3.7496223958333355	43.6185894965678
3.8496223958333355	44.792229496567806
3.9496223958333356	45.96586949656772
4.049622395833335	47.139509496567854
4.149622395833335	48.31314949656788
4.249622395833335	49.48678949656779
4.349622395833334	50.66042949656787
4.449622395833334	51.834069496567835
4.5496223958333335	53.00770949656782
4.649622395833333	54.18134949656783
4.749622395833333	55.35498949656778
4.849622395833332	56.52862949656776
4.949622395833332	57.70226949656777
5.049622395833332	58.875909496567914
5.149622395833331	60.049549496568
5.249622395833331	61.223189496567876
5.349622395833331	62.39682949656802
5.44962239583333	63.570469496567895
5.54962239583333	64.74410949656787
5.64962239583333	65.9177494965679
5.749622395833329	67.09138949656796
5.849622395833329	68.265029496568
5.9496223958333285	69.43866949656798
6.049622395833328	70.6123094965679
6.149622395833328	71.78594949656791
6.2496223958333275	72.95958949656801
6.349622395833327	74.133229496568
6.449622395833327	75.30686949656803
6.549622395833326	76.48050949656806
6.649622395833326	77.65414949656805
6.749622395833326	78.82778949656822
6.849622395833325	80.00142949656815
6.949622395833325	81.17506949656809
7.049622395833325	82.34870949656822
7.149622395833324	83.522349496568
7.249622395833324	84.69598949656813
7.3496223958333236	85.86962949656814
7.449622395833323	87.0432694965681
7.549622395833323	88.21690949656806
7.6496223958333225	89.39054949656804
7.749622395833322	90.56418949656785
7.849622395833322	91.73782949656757
7.949622395833321	92.9114694965671
8.049622395833321	94.0851094965665
8.14962239583332	95.25874949656618
8.24962239583332	96.4323894965657
8.34962239583332	97.60602949656543
8.44962239583332	98.77966949656508
8.54962239583332	99.9533094965647
8.649622395833319	101.12694949656452
8.749622395833319	102.30058949656423
8.849622395833318	103.47422949656419
8.949622395833318	104.64786949656396
9.049622395833318	105.82150949656389
9.149622395833317	106.99514949656391
9.249622395833317	108.16878949656386
9.349622395833316	109.34242949656402
9.449622395833316	110.51606949656377
9.549622395833316	111.68970949656381
9.649622395833315	112.86334949656386
9.749622395833315	114.03698949656393
9.849622395833315	115.21062949656381
9.949622395833314	116.384269496564
10.049622395833314	117.55790949656401
10.149622395833314	118.731549496564
10.249622395833313	119.90518949656396
10.349622395833313	121.07882949656388
10.449622395833313	122.25246949656392
10.549622395833312	123.42610949656391
10.649622395833312	124.59974949656402
10.749622395833311	125.77338949656404
10.849622395833311	126.94702949656393
10.94962239583331	128.12066949656378
11.04962239583331	129.29430949656407
11.14962239583331	130.4679494965638
11.24962239583331	131.4730503726055
11.34962239583331	132.4498503726056
11.449622395833309	133.4266503726057
11.549622395833309	134.40345037260582
11.649622395833308	135.3802503726058
11.749622395833308	136.35705037260578
11.849622395833308	137.3338503726057
11.949622395833307	138.31065037260555
12.049622395833307	139.31693860177242
12.149622395833306	140.3233386017725
12.249622395833306	141.32973860177233
12.349622395833306	142.33613860177246
12.449622395833305	143.34253860177245
12.549622395833305	144.34893860177263
12.649622395833305	144.45337881010607
12.749622395833304	144.45337881010607
12.849622395833304	144.45337881010607
12.949622395833304	144.45337881010607
13.049622395833303	144.45337881010607
13.149622395833303	144.45337881010607
13.249622395833303	144.45337881010607
13.349622395833302	144.45337881010607
13.449622395833302	144.45337881010607
13.549622395833302	144.45337881010607
13.649622395833301	144.45337881010607
13.7496223958333	144.45337881010607
13.8496223958333	144.45337881010607
13.9496223958333	144.45337881010607
14.0496223958333	144.45337881010607
14.1496223958333	144.45337881010607
14.249622395833299	144.45337881010607
14.349622395833299	144.45337881010607
14.449622395833298	144.45337881010607
14.549622395833298	144.45337881010607
14.649622395833298	144.45337881010607
14.749622395833297	144.45337881010607
14.849622395833297	144.45337881010607
14.949622395833297	144.45337881010607
15.049622395833296	144.45337881010607
15.149622395833296	144.45337881010607
15.249622395833295	144.45337881010607
15.349622395833295	144.45337881010607
15.449622395833295	144.45337881010607
15.549622395833294	144.45337881010607
15.649622395833294	144.45337881010607
15.749622395833294	144.45337881010607
15.849622395833293	144.45337881010607
15.949622395833293	144.45337881010607
16.049622395833293	144.45337881010607
16.149622395833294	144.45337881010607
16.249622395833295	144.45337881010607
16.349622395833297	144.45337881010607
16.4496223958333	144.45337881010607
16.5496223958333	144.45337881010607
16.6496223958333	144.45337881010607
16.749622395833303	144.45337881010607
16.849622395833304	144.45337881010607
16.949622395833305	144.45337881010607
17.049622395833307	144.45337881010607
17.14962239583331	144.45337881010607
17.24962239583331	144.45337881010607
17.34962239583331	144.45337881010607
17.449622395833313	144.45337881010607
17.549622395833314	144.45337881010607
17.649622395833315	144.45337881010607
17.749622395833317	144.45337881010607
17.849622395833318	144.45337881010607
17.94962239583332	144.45337881010607
18.04962239583332	144.45337881010607
18.149622395833322	144.45337881010607
18.249622395833324	144.45337881010607
18.349622395833325	144.45337881010607
18.449622395833327	144.45337881010607
18.549622395833328	144.45337881010607
18.64962239583333	144.45337881010607
18.74962239583333	144.45337881010607
18.849622395833332	144.45337881010607
18.949622395833334	144.45337881010607
19.049622395833335	144.45337881010607
19.149622395833337	144.45337881010607
19.249622395833338	144.45337881010607
19.34962239583334	144.45337881010607
19.44962239583334	144.45337881010607
19.549622395833342	144.45337881010607
19.649622395833344	144.45337881010607
19.749622395833345	144.45337881010607
19.849622395833347	144.45337881010607
19.949622395833348	144.45337881010607
20.04962239583335	144.45337881010607
20.14962239583335	144.45337881010607
20.249622395833352	144.45337881010607
20.349622395833354	144.45337881010607
20.449622395833355	144.45337881010607
20.549622395833357	144.45337881010607
20.649622395833358	144.45337881010607
20.74962239583336	144.45337881010607
20.84962239583336	144.45337881010607
20.949622395833362	144.45337881010607
21.049622395833364	144.45337881010607
21.149622395833365	144.45337881010607
21.249622395833367	144.45337881010607
21.349622395833368	144.45337881010607
21.44962239583337	144.45337881010607
21.54962239583337	144.45337881010607
21.649622395833372	144.45337881010607
21.749622395833374	144.45337881010607
21.849622395833375	144.45337881010607
21.949622395833376	144.45337881010607
22.049622395833378	144.45337881010607
22.14962239583338	144.45337881010607
22.24962239583338	144.45337881010607
22.349622395833382	144.45337881010607
22.449622395833384	144.45337881010607
22.549622395833385	144.45337881010607
22.649622395833386	144.45337881010607
22.749622395833388	144.45337881010607
22.84962239583339	144.45337881010607
22.94962239583339	144.45337881010607
23.049622395833392	144.45337881010607
23.149622395833394	144.45337881010607
23.249622395833395	144.45337881010607
23.349622395833396	144.45337881010607
23.449622395833398	144.45337881010607
23.5496223958334	144.45337881010607
23.6496223958334	144.45337881010607
23.749622395833402	144.45337881010607
23.849622395833403	144.45337881010607
23.949622395833405	144.45337881010607
24.049622395833406	144.45337881010607
24.149622395833408	144.45337881010607
24.24962239583341	144.45337881010607
24.34962239583341	144.45337881010607
24.449622395833412	144.45337881010607
24.549622395833413	144.51594161784453
24.649622395833415	144.61436161784468
24.749622395833416	144.71278161784457
24.849622395833418	144.81120161784466
24.94962239583342	144.90962161784486
25.04962239583342	145.00804161784467
25.149622395833422	145.10646161784467
25.208220472440946	145.1629869031096
1000025.2082204724	145.1629869031096
