-100000	0
0	0
0.0033333333333333335	0.032938892423449634
0.008333333333333333	0.08301308739258181
0.01583333333333333	0.1589496544425581
0.02708333333333333	0.27416594975326586
0.043958333333333335	0.44915177092196007
0.06927083333333334	0.715270734655102
0.10723958333333333	1.1205041793810897
0.16419270833333333	1.73885240461795
0.24962239583333334	2.6833444674843547
0.3496223958333333	3.807625370721964
0.4496223958333333	4.946572101857451
0.5496223958333333	6.096373411020071
0.6496223958333333	7.254285040865351
0.7496223958333332	8.418198953105085
0.8496223958333332	9.586416147283241
0.9496223958333332	10.757544043144197
1.0496223958333333	11.930389041041906
1.1496223958333334	13.103939333991656
1.2496223958333335	14.277579333991719
1.3496223958333335	15.451219333991716
1.4496223958333336	16.624859333991765
1.5496223958333337	17.798499333991778
1.6496223958333338	18.97213933399179
1.749622395833334	20.145779333991808
1.849622395833334	21.31941933399184
1.949622395833334	22.493059333991834
2.049622395833334	23.66669933399185
2.149622395833334	24.840339333991945
2.249622395833334	26.01397933399198
2.349622395833334	27.18761933399194
2.4496223958333343	28.36125933399194
2.5496223958333344	29.534899333991934
2.6496223958333345	30.708539333991972
2.7496223958333346	31.882179333991953
2.8496223958333347	33.05581933399198
2.9496223958333347	34.229459333992
3.049622395833335	35.403099333991946
3.149622395833335	36.57673933399202
3.249622395833335	37.75037933399201
3.349622395833335	38.92401933399204
3.449622395833335	40.097659333992056
3.5496223958333353	41.27129933399202
3.6496223958333354	42.444939333992174
3.7496223958333355	43.61857933399208
3.8496223958333355	44.792219333992016
3.9496223958333356	45.965859333992114
4.049622395833335	47.1394993339921
4.149622395833335	48.31313933399204
4.249622395833335	49.486779333992104
4.349622395833334	50.660419333992145
4.449622395833334	51.83405933399213
4.5496223958333335	53.007699333991994
4.649622395833333	54.181339333992206
4.749622395833333	55.35497933399224
4.849622395833332	56.52861933399218
4.949622395833332	57.702259333992174
5.049622395833332	58.87589933399231
5.149622395833331	60.04953933399216
5.249622395833331	61.22317933399226
5.349622395833331	62.39681933399213
5.44962239583333	63.5704593339923
5.54962239583333	64.7440993339922
5.64962239583333	65.91773933399224
5.749622395833329	67.09137933399228
5.849622395833329	68.26501933399231
5.9496223958333285	69.43865933399225
6.049622395833328	70.61229933399231
6.149622395833328	71.78593933399227
6.2496223958333275	72.95957933399237
6.349622395833327	74.13321933399239
6.449622395833327	75.30685933399239
6.549622395833326	76.48049933399226
6.649622395833326	77.65413933399239
6.749622395833326	78.82777933399244
6.849622395833325	80.00141933399242
6.949622395833325	81.17505933399244
7.049622395833325	82.34869933399249
7.149622395833324	83.52233933399238
7.249622395833324	84.69597933399243
7.3496223958333236	85.8696193339923
7.449622395833323	87.04325933399242
7.549622395833323	88.21689933399244
7.6496223958333225	89.39053933399252
7.749622395833322	90.56417933399229
7.849622395833322	91.73781933399192
7.949622395833321	92.91145933399147
8.049622395833321	94.08509933399093
8.14962239583332	95.25873933399068
8.24962239583332	96.43237933399013
8.34962239583332	97.60601933398976
8.44962239583332	98.77965933398943
8.54962239583332	99.95329933398915
8.649622395833319	101.1269393339888
8.749622395833319	102.30057933398878
8.849622395833318	103.47421933398857
8.949622395833318	104.64785933398831
9.049622395833318	105.82149933398833
9.149622395833317	106.99513933398839
9.249622395833317	108.16877933398825
9.349622395833316	109.34241933398823
9.449622395833316	110.516059333988
9.549622395833316	111.68969933398819
9.649622395833315	112.86333933398824
9.749622395833315	114.03697933398824
9.849622395833315	115.21061933398832
9.949622395833314	116.38425933398824
10.049622395833314	117.55789933398823
10.149622395833314	118.73153933398815
10.249622395833313	119.90517933398823
10.349622395833313	121.07881933398852
10.449622395833313	122.25245933398817
10.549622395833312	123.4260993339884
10.649622395833312	124.59973933398831
10.749622395833311	125.77337933398832
10.849622395833311	126.94701933398848
10.94962239583331	128.1206593339882
11.04962239583331	129.29429933398842
11.14962239583331	130.46793933398817
11.24962239583331	131.47304021003006
11.34962239583331	132.44984021003006
11.449622395833309	133.42664021002997
11.549622395833309	134.40344021003017
11.649622395833308	135.3802402100301
11.749622395833308	136.35704021003005
11.849622395833308	137.33384021002996
11.949622395833307	138.31064021003013
12.049622395833307	139.31692843919691
12.149622395833306	140.32332843919667
12.249622395833306	141.3297284391969
12.349622395833306	142.33612843919693
12.449622395833305	143.3425284391968
12.549622395833305	144.34892843919675
12.649622395833305	144.4533686475305
12.749622395833304	144.4533686475305
12.849622395833304	144.4533686475305
12.949622395833304	144.4533686475305
13.049622395833303	144.4533686475305
13.149622395833303	144.4533686475305
13.249622395833303	144.4533686475305
13.349622395833302	144.4533686475305
13.449622395833302	144.4533686475305
13.549622395833302	144.4533686475305
13.649622395833301	144.4533686475305
13.7496223958333	144.4533686475305
13.8496223958333	144.4533686475305
13.9496223958333	144.4533686475305
14.0496223958333	144.4533686475305
14.1496223958333	144.4533686475305
14.249622395833299	144.4533686475305
14.349622395833299	144.4533686475305
14.449622395833298	144.4533686475305
14.549622395833298	144.4533686475305
14.649622395833298	144.4533686475305
14.749622395833297	144.4533686475305
14.849622395833297	144.4533686475305
14.949622395833297	144.4533686475305
15.049622395833296	144.4533686475305
15.149622395833296	144.4533686475305
15.249622395833295	144.4533686475305
15.349622395833295	144.4533686475305
15.449622395833295	144.4533686475305
15.549622395833294	144.4533686475305
15.649622395833294	144.4533686475305
15.749622395833294	144.4533686475305
15.849622395833293	144.4533686475305
15.949622395833293	144.4533686475305
16.049622395833293	144.4533686475305
16.149622395833294	144.4533686475305
16.249622395833295	144.4533686475305
16.349622395833297	144.4533686475305
16.4496223958333	144.4533686475305
16.5496223958333	144.4533686475305
16.6496223958333	144.4533686475305
16.749622395833303	144.4533686475305
16.849622395833304	144.4533686475305
16.949622395833305	144.4533686475305
17.049622395833307	144.4533686475305
17.14962239583331	144.4533686475305
17.24962239583331	144.4533686475305
17.34962239583331	144.4533686475305
17.449622395833313	144.4533686475305
17.549622395833314	144.4533686475305
17.649622395833315	144.4533686475305
17.749622395833317	144.4533686475305
17.849622395833318	144.4533686475305
17.94962239583332	144.4533686475305
18.04962239583332	144.4533686475305
18.149622395833322	144.4533686475305
18.249622395833324	144.4533686475305
18.349622395833325	144.4533686475305
18.449622395833327	144.4533686475305
18.549622395833328	144.4533686475305
18.64962239583333	144.4533686475305
18.74962239583333	144.4533686475305
18.849622395833332	144.4533686475305
18.949622395833334	144.4533686475305
19.049622395833335	144.4533686475305
19.149622395833337	144.4533686475305
19.249622395833338	144.4533686475305
19.34962239583334	144.4533686475305
19.44962239583334	144.4533686475305
19.549622395833342	144.4533686475305
19.649622395833344	144.4533686475305
19.749622395833345	144.4533686475305
19.849622395833347	144.4533686475305
19.949622395833348	144.4533686475305
20.04962239583335	144.4533686475305
20.14962239583335	144.4533686475305
20.249622395833352	144.4533686475305
20.349622395833354	144.4533686475305
20.449622395833355	144.4533686475305
20.549622395833357	144.4533686475305
20.649622395833358	144.4533686475305
20.74962239583336	144.4533686475305
20.84962239583336	144.4533686475305
20.949622395833362	144.4533686475305
21.049622395833364	144.4533686475305
21.149622395833365	144.4533686475305
21.249622395833367	144.4533686475305
21.349622395833368	144.4533686475305
21.44962239583337	144.4533686475305
21.54962239583337	144.4533686475305
21.649622395833372	144.4533686475305
21.749622395833374	144.4533686475305
21.849622395833375	144.4533686475305
21.949622395833376	144.4533686475305
22.049622395833378	144.4533686475305
22.14962239583338	144.4533686475305
22.24962239583338	144.4533686475305
22.349622395833382	144.4533686475305
22.449622395833384	144.4533686475305
22.549622395833385	144.4533686475305
22.649622395833386	144.4533686475305
22.749622395833388	144.4533686475305
22.84962239583339	144.4533686475305
22.94962239583339	144.4533686475305
23.049622395833392	144.4533686475305
23.149622395833394	144.4533686475305
23.249622395833395	144.4533686475305
23.349622395833396	144.4533686475305
23.449622395833398	144.4533686475305
23.5496223958334	144.4533686475305
23.6496223958334	144.4533686475305
23.749622395833402	144.4533686475305
23.849622395833403	144.4533686475305
23.949622395833405	144.4533686475305
24.049622395833406	144.4533686475305
24.149622395833408	144.4533686475305
24.24962239583341	144.4533686475305
24.34962239583341	144.4533686475305
24.449622395833412	144.4538419986208
24.549622395833413	144.54322504895745
24.649622395833415	144.64164504895726
24.749622395833416	144.74006504895743
24.849622395833418	144.8384850489576
24.94962239583342	144.93690504895733
25.04962239583342	145.03532504895753
25.149622395833422	145.13374504895754
25.21055118110236	145.192564217687
1000025.2105511811	145.192564217687
