-100000	0
0	0
0.0033333333333333335	0.03293878995227499
0.008333333333333333	0.08301283310346261
0.01583333333333333	0.15894917580677995
0.02708333333333333	0.2741651425492464
0.043958333333333335	0.4491504887596699
0.06927083333333334	0.715268776614015
0.10723958333333333	1.1205012817118423
0.16419270833333333	1.7388482535416152
0.24962239583333334	2.6833387535816833
0.3496223958333333	3.8076182299513404
0.4496223958333333	4.946563886197456
0.5496223958333333	6.096364426949763
0.6496223958333333	7.254274803866316
0.7496223958333332	8.418189100763053
0.8496223958333332	9.586406100182046
0.9496223958333332	10.75753389950482
1.0496223958333333	11.930378868617536
1.1496223958333334	13.103929157958074
1.2496223958333335	14.277569157958109
1.3496223958333335	15.451209157958164
1.4496223958333336	16.62484915795819
1.5496223958333337	17.798489157958187
1.6496223958333338	18.972129157958214
1.749622395833334	20.145769157958203
1.849622395833334	21.319409157958216
1.949622395833334	22.493049157958257
2.049622395833334	23.666689157958277
2.149622395833334	24.840329157958344
2.249622395833334	26.013969157958325
2.349622395833334	27.187609157958388
2.4496223958333343	28.361249157958422
2.5496223958333344	29.53488915795844
2.6496223958333345	30.70852915795844
2.7496223958333346	31.882169157958398
2.8496223958333347	33.05580915795843
2.9496223958333347	34.22944915795846
3.049622395833335	35.40308915795851
3.149622395833335	36.57672915795853
3.249622395833335	37.750369157958524
3.349622395833335	38.92400915795856
3.449622395833335	40.097649157958585
3.5496223958333353	41.27128915795859
3.6496223958333354	42.444929157958676
3.7496223958333355	43.618569157958746
3.8496223958333355	44.79220915795862
3.9496223958333356	45.96584915795873
4.049622395833335	47.13948915795871
4.149622395833335	48.31312915795869
4.249622395833335	49.48676915795874
4.349622395833334	50.660409157958796
4.449622395833334	51.834049157958724
4.5496223958333335	53.00768915795867
4.649622395833333	54.18132915795867
4.749622395833333	55.3549691579587
4.849622395833332	56.528609157958634
4.949622395833332	57.70224915795865
5.049622395833332	58.875889157958675
5.149622395833331	60.04952915795865
5.249622395833331	61.22316915795868
5.349622395833331	62.39680915795868
5.44962239583333	63.57044915795875
5.54962239583333	64.74408915795877
5.64962239583333	65.91772915795872
5.749622395833329	67.09136915795877
5.849622395833329	68.26500915795879
5.9496223958333285	69.43864915795868
6.049622395833328	70.61228915795874
6.149622395833328	71.78592915795876
6.2496223958333275	72.95956915795873
6.349622395833327	74.13320915795883
6.449622395833327	75.30684915795884
6.549622395833326	76.48048915795886
6.649622395833326	77.65412915795886
6.749622395833326	78.82776915795887
6.849622395833325	80.00140915795886
6.949622395833325	81.175049157959
7.049622395833325	82.34868915795896
7.149622395833324	83.52232915795884
7.249622395833324	84.69596915795891
7.3496223958333236	85.86960915795892
7.449622395833323	87.04324915795894
7.549622395833323	88.21688915795912
7.6496223958333225	89.39052915795907
7.749622395833322	90.56416915795873
7.849622395833322	91.73780915795858
7.949622395833321	92.9114491579582
8.049622395833321	94.0850891579577
8.14962239583332	95.25872915795723
8.24962239583332	96.4323691579568
8.34962239583332	97.60600915795634
8.44962239583332	98.77964915795607
8.54962239583332	99.95328915795582
8.649622395833319	101.12692915795549
8.749622395833319	102.30056915795531
8.849622395833318	103.47420915795517
8.949622395833318	104.64784915795502
9.049622395833318	105.82148915795489
9.149622395833317	106.99512915795498
9.249622395833317	108.16876915795488
9.349622395833316	109.34240915795475
9.449622395833316	110.51604915795458
9.549622395833316	111.68968915795475
9.649622395833315	112.86332915795508
9.749622395833315	114.03696915795483
9.849622395833315	115.21060915795498
9.949622395833314	116.38424915795501
10.049622395833314	117.5578891579549
10.149622395833314	118.73152915795478
10.249622395833313	119.90516915795489
10.349622395833313	121.0788091579549
10.449622395833313	122.25244915795471
10.549622395833312	123.42608915795499
10.649622395833312	124.59972915795512
10.749622395833311	125.77336915795514
10.849622395833311	126.94700915795511
10.94962239583331	128.12064915795492
11.04962239583331	129.29428915795498
11.14962239583331	130.46792915795498
11.24962239583331	131.47303003399668
11.34962239583331	132.44983003399665
11.449622395833309	133.4266300339967
11.549622395833309	134.4034300339967
11.649622395833308	135.38023003399678
11.749622395833308	136.35703003399666
11.849622395833308	137.33383003399683
11.949622395833307	138.3106300339968
12.049622395833307	139.31691826316336
12.149622395833306	140.32331826316334
12.249622395833306	141.32971826316347
12.349622395833306	142.3361182631635
12.449622395833305	143.34251826316356
12.549622395833305	144.34891826316343
12.649622395833305	144.45335847149695
12.749622395833304	144.45335847149695
12.849622395833304	144.45335847149695
12.949622395833304	144.45335847149695
13.049622395833303	144.45335847149695
13.149622395833303	144.45335847149695
13.249622395833303	144.45335847149695
13.349622395833302	144.45335847149695
13.449622395833302	144.45335847149695
13.549622395833302	144.45335847149695
13.649622395833301	144.45335847149695
13.7496223958333	144.45335847149695
13.8496223958333	144.45335847149695
13.9496223958333	144.45335847149695
14.0496223958333	144.45335847149695
14.1496223958333	144.45335847149695
14.249622395833299	144.45335847149695
14.349622395833299	144.45335847149695
14.449622395833298	144.45335847149695
14.549622395833298	144.45335847149695
14.649622395833298	144.45335847149695
14.749622395833297	144.45335847149695
14.849622395833297	144.45335847149695
14.949622395833297	144.45335847149695
15.049622395833296	144.45335847149695
15.149622395833296	144.45335847149695
15.249622395833295	144.45335847149695
15.349622395833295	144.45335847149695
15.449622395833295	144.45335847149695
15.549622395833294	144.45335847149695
15.649622395833294	144.45335847149695
15.749622395833294	144.45335847149695
15.849622395833293	144.45335847149695
15.949622395833293	144.45335847149695
16.049622395833293	144.45335847149695
16.149622395833294	144.45335847149695
16.249622395833295	144.45335847149695
16.349622395833297	144.45335847149695
16.4496223958333	144.45335847149695
16.5496223958333	144.45335847149695
16.6496223958333	144.45335847149695
16.749622395833303	144.45335847149695
16.849622395833304	144.45335847149695
16.949622395833305	144.45335847149695
17.049622395833307	144.45335847149695
17.14962239583331	144.45335847149695
17.24962239583331	144.45335847149695
17.34962239583331	144.45335847149695
17.449622395833313	144.45335847149695
17.549622395833314	144.45335847149695
17.649622395833315	144.45335847149695
17.749622395833317	144.45335847149695
17.849622395833318	144.45335847149695
17.94962239583332	144.45335847149695
18.04962239583332	144.45335847149695
18.149622395833322	144.45335847149695
18.249622395833324	144.45335847149695
18.349622395833325	144.45335847149695
18.449622395833327	144.45335847149695
18.549622395833328	144.45335847149695
18.64962239583333	144.45335847149695
18.74962239583333	144.45335847149695
18.849622395833332	144.45335847149695
18.949622395833334	144.45335847149695
19.049622395833335	144.45335847149695
19.149622395833337	144.45335847149695
19.249622395833338	144.45335847149695
19.34962239583334	144.45335847149695
19.44962239583334	144.45335847149695
19.549622395833342	144.45335847149695
19.649622395833344	144.45335847149695
19.749622395833345	144.45335847149695
19.849622395833347	144.45335847149695
19.949622395833348	144.45335847149695
20.04962239583335	144.45335847149695
20.14962239583335	144.45335847149695
20.249622395833352	144.45335847149695
20.349622395833354	144.45335847149695
20.449622395833355	144.45335847149695
20.549622395833357	144.45335847149695
20.649622395833358	144.45335847149695
20.74962239583336	144.45335847149695
20.84962239583336	144.45335847149695
20.949622395833362	144.45335847149695
21.049622395833364	144.45335847149695
21.149622395833365	144.45335847149695
21.249622395833367	144.45335847149695
21.349622395833368	144.45335847149695
21.44962239583337	144.45335847149695
21.54962239583337	144.45335847149695
21.649622395833372	144.45335847149695
21.749622395833374	144.45335847149695
21.849622395833375	144.45335847149695
21.949622395833376	144.45335847149695
22.049622395833378	144.45335847149695
22.14962239583338	144.45335847149695
22.24962239583338	144.45335847149695
22.349622395833382	144.45335847149695
22.449622395833384	144.45335847149695
22.549622395833385	144.45335847149695
22.649622395833386	144.45335847149695
22.749622395833388	144.45335847149695
22.84962239583339	144.45335847149695
22.94962239583339	144.45335847149695
23.049622395833392	144.45335847149695
23.149622395833394	144.45335847149695
23.249622395833395	144.45335847149695
23.349622395833396	144.45335847149695
23.449622395833398	144.45335847149695
23.5496223958334	144.45335847149695
23.6496223958334	144.45335847149695
23.749622395833402	144.45335847149695
23.849622395833403	144.45335847149695
23.949622395833405	144.45335847149695
24.049622395833406	144.45335847149695
24.149622395833408	144.45335847149695
24.24962239583341	144.45335847149695
24.34962239583341	144.45335847149695
24.449622395833412	144.47208846661258
24.549622395833413	144.5705084666123
24.649622395833415	144.6689284666125
24.749622395833416	144.76734846661245
24.849622395833418	144.8657684666127
24.94962239583342	144.96418846661246
25.04962239583342	145.06260846661232
25.149622395833422	145.16102846661246
25.21288188976378	145.2221415188067
1000025.2128818898	145.2221415188067
