-100000	0
0	0
0.0033333333333333335	0.03293868747779089
0.008333333333333333	0.08301257878110044
0.01583333333333333	0.15894869706387652
0.02708333333333333	0.27416433510687455
0.043958333333333335	0.4491492061527972
0.06927083333333334	0.7152668178129828
0.10723958333333333	1.120498382238686
0.16419270833333333	1.7388440999260202
0.24962239583333334	2.6833330357089493
0.3496223958333333	3.807611083382891
0.4496223958333333	4.946555663358689
0.5496223958333333	6.096355433575551
0.6496223958333333	7.254265630850774
0.7496223958333332	8.418179237103766
0.8496223958333332	9.58639604066671
0.9496223958333332	10.757523743023023
1.0496223958333333	11.930368682808743
1.1496223958333334	13.103918968466377
1.2496223958333335	14.277558968466346
1.3496223958333335	15.451198968466368
1.4496223958333336	16.62483896846639
1.5496223958333337	17.798478968466373
1.6496223958333338	18.97211896846644
1.749622395833334	20.14575896846646
1.849622395833334	21.319398968466473
1.949622395833334	22.49303896846649
2.049622395833334	23.6666789684665
2.149622395833334	24.8403189684665
2.249622395833334	26.01395896846653
2.349622395833334	27.187598968466496
2.4496223958333343	28.361238968466534
2.5496223958333344	29.534878968466526
2.6496223958333345	30.708518968466613
2.7496223958333346	31.882158968466616
2.8496223958333347	33.05579896846656
2.9496223958333347	34.22943896846666
3.049622395833335	35.4030789684666
3.149622395833335	36.57671896846653
3.249622395833335	37.750358968466635
3.349622395833335	38.92399896846659
3.449622395833335	40.09763896846658
3.5496223958333353	41.27127896846667
3.6496223958333354	42.44491896846665
3.7496223958333355	43.61855896846665
3.8496223958333355	44.792198968466586
3.9496223958333356	45.965838968466734
4.049622395833335	47.139478968466726
4.149622395833335	48.31311896846681
4.249622395833335	49.48675896846681
4.349622395833334	50.660398968466815
4.449622395833334	51.83403896846679
4.5496223958333335	53.007678968466756
4.649622395833333	54.18131896846674
4.749622395833333	55.35495896846684
4.849622395833332	56.5285989684668
4.949622395833332	57.70223896846686
5.049622395833332	58.875878968466864
5.149622395833331	60.049518968466884
5.249622395833331	61.22315896846683
5.349622395833331	62.3967989684668
5.44962239583333	63.57043896846678
5.54962239583333	64.7440789684669
5.64962239583333	65.9177189684667
5.749622395833329	67.09135896846668
5.849622395833329	68.26499896846674
5.9496223958333285	69.43863896846673
6.049622395833328	70.61227896846684
6.149622395833328	71.78591896846693
6.2496223958333275	72.9595589684668
6.349622395833327	74.13319896846679
6.449622395833327	75.30683896846674
6.549622395833326	76.4804789684667
6.649622395833326	77.65411896846678
6.749622395833326	78.8277589684669
6.849622395833325	80.00139896846687
6.949622395833325	81.1750389684667
7.049622395833325	82.34867896846676
7.149622395833324	83.52231896846685
7.249622395833324	84.6959589684668
7.3496223958333236	85.86959896846689
7.449622395833323	87.0432389684669
7.549622395833323	88.21687896846683
7.6496223958333225	89.39051896846686
7.749622395833322	90.56415896846674
7.849622395833322	91.73779896846665
7.949622395833321	92.91143896846611
8.049622395833321	94.08507896846567
8.14962239583332	95.25871896846523
8.24962239583332	96.43235896846463
8.34962239583332	97.60599896846442
8.44962239583332	98.77963896846391
8.54962239583332	99.95327896846378
8.649622395833319	101.12691896846349
8.749622395833319	102.3005589684633
8.849622395833318	103.47419896846307
8.949622395833318	104.64783896846293
9.049622395833318	105.82147896846274
9.149622395833317	106.9951189684628
9.249622395833317	108.16875896846273
9.349622395833316	109.34239896846283
9.449622395833316	110.51603896846258
9.549622395833316	111.68967896846274
9.649622395833315	112.86331896846264
9.749622395833315	114.03695896846264
9.849622395833315	115.21059896846278
9.949622395833314	116.38423896846265
10.049622395833314	117.55787896846269
10.149622395833314	118.73151896846274
10.249622395833313	119.90515896846274
10.349622395833313	121.07879896846272
10.449622395833313	122.25243896846281
10.549622395833312	123.42607896846273
10.649622395833312	124.59971896846275
10.749622395833311	125.77335896846277
10.849622395833311	126.94699896846275
10.94962239583331	128.12063896846266
11.04962239583331	129.2942789684628
11.14962239583331	130.46791896846278
11.24962239583331	131.47301984450453
11.34962239583331	132.4498198445044
11.449622395833309	133.42661984450453
11.549622395833309	134.4034198445044
11.649622395833308	135.3802198445044
11.749622395833308	136.3570198445047
11.849622395833308	137.3338198445044
11.949622395833307	138.31061984450474
12.049622395833307	139.31690807367107
12.149622395833306	140.32330807367106
12.249622395833306	141.32970807367138
12.349622395833306	142.33610807367108
12.449622395833305	143.34250807367133
12.549622395833305	144.3489080736714
12.649622395833305	144.4533482820049
12.749622395833304	144.4533482820049
12.849622395833304	144.4533482820049
12.949622395833304	144.4533482820049
13.049622395833303	144.4533482820049
13.149622395833303	144.4533482820049
13.249622395833303	144.4533482820049
13.349622395833302	144.4533482820049
13.449622395833302	144.4533482820049
13.549622395833302	144.4533482820049
13.649622395833301	144.4533482820049
13.7496223958333	144.4533482820049
13.8496223958333	144.4533482820049
13.9496223958333	144.4533482820049
14.0496223958333	144.4533482820049
14.1496223958333	144.4533482820049
14.249622395833299	144.4533482820049
14.349622395833299	144.4533482820049
14.449622395833298	144.4533482820049
14.549622395833298	144.4533482820049
14.649622395833298	144.4533482820049
14.749622395833297	144.4533482820049
14.849622395833297	144.4533482820049
14.949622395833297	144.4533482820049
15.049622395833296	144.4533482820049
15.149622395833296	144.4533482820049
15.249622395833295	144.4533482820049
15.349622395833295	144.4533482820049
15.449622395833295	144.4533482820049
15.549622395833294	144.4533482820049
15.649622395833294	144.4533482820049
15.749622395833294	144.4533482820049
15.849622395833293	144.4533482820049
15.949622395833293	144.4533482820049
16.049622395833293	144.4533482820049
16.149622395833294	144.4533482820049
16.249622395833295	144.4533482820049
16.349622395833297	144.4533482820049
16.4496223958333	144.4533482820049
16.5496223958333	144.4533482820049
16.6496223958333	144.4533482820049
16.749622395833303	144.4533482820049
16.849622395833304	144.4533482820049
16.949622395833305	144.4533482820049
17.049622395833307	144.4533482820049
17.14962239583331	144.4533482820049
17.24962239583331	144.4533482820049
17.34962239583331	144.4533482820049
17.449622395833313	144.4533482820049
17.549622395833314	144.4533482820049
17.649622395833315	144.4533482820049
17.749622395833317	144.4533482820049
17.849622395833318	144.4533482820049
17.94962239583332	144.4533482820049
18.04962239583332	144.4533482820049
18.149622395833322	144.4533482820049
18.249622395833324	144.4533482820049
18.349622395833325	144.4533482820049
18.449622395833327	144.4533482820049
18.549622395833328	144.4533482820049
18.64962239583333	144.4533482820049
18.74962239583333	144.4533482820049
18.849622395833332	144.4533482820049
18.949622395833334	144.4533482820049
19.049622395833335	144.4533482820049
19.149622395833337	144.4533482820049
19.249622395833338	144.4533482820049
19.34962239583334	144.4533482820049
19.44962239583334	144.4533482820049
19.549622395833342	144.4533482820049
19.649622395833344	144.4533482820049
19.749622395833345	144.4533482820049
19.849622395833347	144.4533482820049
19.949622395833348	144.4533482820049
20.04962239583335	144.4533482820049
20.14962239583335	144.4533482820049
20.249622395833352	144.4533482820049
20.349622395833354	144.4533482820049
20.449622395833355	144.4533482820049
20.549622395833357	144.4533482820049
20.649622395833358	144.4533482820049
20.74962239583336	144.4533482820049
20.84962239583336	144.4533482820049
20.949622395833362	144.4533482820049
21.049622395833364	144.4533482820049
21.149622395833365	144.4533482820049
21.249622395833367	144.4533482820049
21.349622395833368	144.4533482820049
21.44962239583337	144.4533482820049
21.54962239583337	144.4533482820049
21.649622395833372	144.4533482820049
21.749622395833374	144.4533482820049
21.849622395833375	144.4533482820049
21.949622395833376	144.4533482820049
22.049622395833378	144.4533482820049
22.14962239583338	144.4533482820049
22.24962239583338	144.4533482820049
22.349622395833382	144.4533482820049
22.449622395833384	144.4533482820049
22.549622395833385	144.4533482820049
22.649622395833386	144.4533482820049
22.749622395833388	144.4533482820049
22.84962239583339	144.4533482820049
22.94962239583339	144.4533482820049
23.049622395833392	144.4533482820049
23.149622395833394	144.4533482820049
23.249622395833395	144.4533482820049
23.349622395833396	144.4533482820049
23.449622395833398	144.4533482820049
23.5496223958334	144.4533482820049
23.6496223958334	144.4533482820049
23.749622395833402	144.4533482820049
23.849622395833403	144.4533482820049
23.949622395833405	144.4533482820049
24.049622395833406	144.4533482820049
24.149622395833408	144.4533482820049
24.24962239583341	144.4533482820049
24.34962239583341	144.4533482820049
24.449622395833412	144.49937187080852
24.549622395833413	144.59779187080846
24.649622395833415	144.6962118708085
24.749622395833416	144.79463187080853
24.849622395833418	144.8930518708087
24.94962239583342	144.99147187080848
25.04962239583342	145.08989187080877
25.149622395833422	145.18831187080866
25.215212598425197	145.25171880646695
1000025.2152125984	145.25171880646695
