-100000	0
0	0
0.0033333333333333335	0.032938584999998216
0.008333333333333333	0.08301232442549485
0.01583333333333333	0.15894821821384897
0.02708333333333333	0.274163527426155
0.043958333333333335	0.4491479231013494
0.06927083333333334	0.7152648582520129
0.10723958333333333	1.1204954809616265
0.16419270833333333	1.7388399437867832
0.24962239583333334	2.6833273138661786
0.3496223958333333	3.807603931016649
0.4496223958333333	4.946547433355352
0.5496223958333333	6.096346430897495
0.6496223958333333	7.254256459134273
0.7496223958333332	8.418169362127347
0.8496223958333332	9.58638596873739
0.9496223958333332	10.757513573698963
1.0496223958333333	11.930358483615672
1.1496223958333334	13.103908765516785
1.2496223958333335	14.27754876551677
1.3496223958333335	15.451188765516795
1.4496223958333336	16.624828765516828
1.5496223958333337	17.798468765516823
1.6496223958333338	18.97210876551681
1.749622395833334	20.145748765516853
1.849622395833334	21.31938876551688
1.949622395833334	22.493028765516897
2.049622395833334	23.666668765516885
2.149622395833334	24.84030876551691
2.249622395833334	26.01394876551697
2.349622395833334	27.18758876551692
2.4496223958333343	28.361228765516955
2.5496223958333344	29.534868765516972
2.6496223958333345	30.708508765516974
2.7496223958333346	31.882148765517023
2.8496223958333347	33.05578876551705
2.9496223958333347	34.22942876551705
3.049622395833335	35.40306876551702
3.149622395833335	36.576708765517026
3.249622395833335	37.7503487655171
3.349622395833335	38.92398876551704
3.449622395833335	40.097628765517115
3.5496223958333353	41.27126876551716
3.6496223958333354	42.44490876551706
3.7496223958333355	43.6185487655172
3.8496223958333355	44.79218876551719
3.9496223958333356	45.96582876551725
4.049622395833335	47.139468765517144
4.149622395833335	48.31310876551714
4.249622395833335	49.48674876551727
4.349622395833334	50.66038876551719
4.449622395833334	51.83402876551724
4.5496223958333335	53.00766876551724
4.649622395833333	54.18130876551729
4.749622395833333	55.35494876551733
4.849622395833332	56.528588765517135
4.949622395833332	57.70222876551697
5.049622395833332	58.875868765517055
5.149622395833331	60.04950876551703
5.249622395833331	61.22314876551702
5.349622395833331	62.39678876551704
5.44962239583333	63.570428765517086
5.54962239583333	64.74406876551711
5.64962239583333	65.91770876551723
5.749622395833329	67.09134876551732
5.849622395833329	68.2649887655172
5.9496223958333285	69.43862876551712
6.049622395833328	70.61226876551716
6.149622395833328	71.78590876551719
6.2496223958333275	72.95954876551725
6.349622395833327	74.13318876551718
6.449622395833327	75.3068287655172
6.549622395833326	76.48046876551716
6.649622395833326	77.65410876551714
6.749622395833326	78.82774876551721
6.849622395833325	80.0013887655171
6.949622395833325	81.1750287655172
7.049622395833325	82.34866876551729
7.149622395833324	83.52230876551728
7.249622395833324	84.69594876551739
7.3496223958333236	85.86958876551725
7.449622395833323	87.04322876551738
7.549622395833323	88.21686876551729
7.6496223958333225	89.39050876551731
7.749622395833322	90.56414876551725
7.849622395833322	91.73778876551711
7.949622395833321	92.91142876551682
8.049622395833321	94.08506876551617
8.14962239583332	95.25870876551569
8.24962239583332	96.43234876551531
8.34962239583332	97.60598876551495
8.44962239583332	98.7796287655147
8.54962239583332	99.95326876551434
8.649622395833319	101.126908765514
8.749622395833319	102.30054876551384
8.849622395833318	103.47418876551362
8.949622395833318	104.64782876551332
9.049622395833318	105.82146876551327
9.149622395833317	106.99510876551331
9.249622395833317	108.16874876551312
9.349622395833316	109.34238876551329
9.449622395833316	110.51602876551328
9.549622395833316	111.68966876551329
9.649622395833315	112.86330876551324
9.749622395833315	114.03694876551327
9.849622395833315	115.21058876551331
9.949622395833314	116.38422876551328
10.049622395833314	117.55786876551332
10.149622395833314	118.7315087655132
10.249622395833313	119.90514876551327
10.349622395833313	121.07878876551322
10.449622395833313	122.25242876551314
10.549622395833312	123.42606876551334
10.649622395833312	124.59970876551321
10.749622395833311	125.77334876551313
10.849622395833311	126.94698876551324
10.94962239583331	128.12062876551317
11.04962239583331	129.29426876551327
11.14962239583331	130.46790876551322
11.24962239583331	131.47300964155485
11.34962239583331	132.44980964155496
11.449622395833309	133.42660964155496
11.549622395833309	134.40340964155496
11.649622395833308	135.38020964155484
11.749622395833308	136.35700964155484
11.849622395833308	137.33380964155484
11.949622395833307	138.3106096415549
12.049622395833307	139.31689787072162
12.149622395833306	140.32329787072138
12.249622395833306	141.32969787072145
12.349622395833306	142.3360978707215
12.449622395833305	143.34249787072162
12.549622395833305	144.34889787072166
12.649622395833305	144.45333807905513
12.749622395833304	144.45333807905513
12.849622395833304	144.45333807905513
12.949622395833304	144.45333807905513
13.049622395833303	144.45333807905513
13.149622395833303	144.45333807905513
13.249622395833303	144.45333807905513
13.349622395833302	144.45333807905513
13.449622395833302	144.45333807905513
13.549622395833302	144.45333807905513
13.649622395833301	144.45333807905513
13.7496223958333	144.45333807905513
13.8496223958333	144.45333807905513
13.9496223958333	144.45333807905513
14.0496223958333	144.45333807905513
14.1496223958333	144.45333807905513
14.249622395833299	144.45333807905513
14.349622395833299	144.45333807905513
14.449622395833298	144.45333807905513
14.549622395833298	144.45333807905513
14.649622395833298	144.45333807905513
14.749622395833297	144.45333807905513
14.849622395833297	144.45333807905513
14.949622395833297	144.45333807905513
15.049622395833296	144.45333807905513
15.149622395833296	144.45333807905513
15.249622395833295	144.45333807905513
15.349622395833295	144.45333807905513
15.449622395833295	144.45333807905513
15.549622395833294	144.45333807905513
15.649622395833294	144.45333807905513
15.749622395833294	144.45333807905513
15.849622395833293	144.45333807905513
15.949622395833293	144.45333807905513
16.049622395833293	144.45333807905513
16.149622395833294	144.45333807905513
16.249622395833295	144.45333807905513
16.349622395833297	144.45333807905513
16.4496223958333	144.45333807905513
16.5496223958333	144.45333807905513
16.6496223958333	144.45333807905513
16.749622395833303	144.45333807905513
16.849622395833304	144.45333807905513
16.949622395833305	144.45333807905513
17.049622395833307	144.45333807905513
17.14962239583331	144.45333807905513
17.24962239583331	144.45333807905513
17.34962239583331	144.45333807905513
17.449622395833313	144.45333807905513
17.549622395833314	144.45333807905513
17.649622395833315	144.45333807905513
17.749622395833317	144.45333807905513
17.849622395833318	144.45333807905513
17.94962239583332	144.45333807905513
18.04962239583332	144.45333807905513
18.149622395833322	144.45333807905513
18.249622395833324	144.45333807905513
18.349622395833325	144.45333807905513
18.449622395833327	144.45333807905513
18.549622395833328	144.45333807905513
18.64962239583333	144.45333807905513
18.74962239583333	144.45333807905513
18.849622395833332	144.45333807905513
18.949622395833334	144.45333807905513
19.049622395833335	144.45333807905513
19.149622395833337	144.45333807905513
19.249622395833338	144.45333807905513
19.34962239583334	144.45333807905513
19.44962239583334	144.45333807905513
19.549622395833342	144.45333807905513
19.649622395833344	144.45333807905513
19.749622395833345	144.45333807905513
19.849622395833347	144.45333807905513
19.949622395833348	144.45333807905513
20.04962239583335	144.45333807905513
20.14962239583335	144.45333807905513
20.249622395833352	144.45333807905513
20.349622395833354	144.45333807905513
20.449622395833355	144.45333807905513
20.549622395833357	144.45333807905513
20.649622395833358	144.45333807905513
20.74962239583336	144.45333807905513
20.84962239583336	144.45333807905513
20.949622395833362	144.45333807905513
21.049622395833364	144.45333807905513
21.149622395833365	144.45333807905513
21.249622395833367	144.45333807905513
21.349622395833368	144.45333807905513
21.44962239583337	144.45333807905513
21.54962239583337	144.45333807905513
21.649622395833372	144.45333807905513
21.749622395833374	144.45333807905513
21.849622395833375	144.45333807905513
21.949622395833376	144.45333807905513
22.049622395833378	144.45333807905513
22.14962239583338	144.45333807905513
22.24962239583338	144.45333807905513
22.349622395833382	144.45333807905513
22.449622395833384	144.45333807905513
22.549622395833385	144.45333807905513
22.649622395833386	144.45333807905513
22.749622395833388	144.45333807905513
22.84962239583339	144.45333807905513
22.94962239583339	144.45333807905513
23.049622395833392	144.45333807905513
23.149622395833394	144.45333807905513
23.249622395833395	144.45333807905513
23.349622395833396	144.45333807905513
23.449622395833398	144.45333807905513
23.5496223958334	144.45333807905513
23.6496223958334	144.45333807905513
23.749622395833402	144.45333807905513
23.849622395833403	144.45333807905513
23.949622395833405	144.45333807905513
24.049622395833406	144.45333807905513
24.149622395833408	144.45333807905513
24.24962239583341	144.45333807905513
24.34962239583341	144.45333807905513
24.449622395833412	144.52659117656856
24.549622395833413	144.6250111765683
24.649622395833415	144.7234311765687
24.749622395833416	144.82185117656869
24.849622395833418	144.9202711765686
24.94962239583342	145.0186911765685
25.04962239583342	145.1171111765685
25.149622395833422	145.21553117656856
25.217543307086615	145.2812319956919
1000025.2175433071	145.2812319956919
