-100000	0
0	0
0.0033333333333333335	0.03293848251889558
0.008333333333333333	0.0830120700366463
0.01583333333333333	0.15894773925669636
0.02708333333333333	0.27416271950708376
0.043958333333333335	0.4491466396053222
0.06927083333333334	0.7152628979311
0.10723958333333333	1.1204925778806567
0.16419270833333333	1.7388357851239016
0.24962239583333334	2.683321588053378
0.3496223958333333	3.80759677285258
0.4496223958333333	4.946539196187345
0.5496223958333333	6.096337418915578
0.6496223958333333	7.254246911569664
0.7496223958333332	8.418159475833727
0.8496223958333332	9.586375884393965
0.9496223958333332	10.757503391532566
1.0496223958333333	11.930348271038232
1.1496223958333334	13.103898549109136
1.2496223958333335	14.277538549109083
1.3496223958333335	15.451178549109136
1.4496223958333336	16.624818549109158
1.5496223958333337	17.79845854910915
1.6496223958333338	18.972098549109184
1.749622395833334	20.145738549109193
1.849622395833334	21.31937854910922
1.949622395833334	22.493018549109237
2.049622395833334	23.66665854910933
2.149622395833334	24.840298549109214
2.249622395833334	26.01393854910929
2.349622395833334	27.187578549109343
2.4496223958333343	28.36121854910927
2.5496223958333344	29.53485854910934
2.6496223958333345	30.708498549109386
2.7496223958333346	31.882138549109303
2.8496223958333347	33.05577854910939
2.9496223958333347	34.22941854910942
3.049622395833335	35.40305854910943
3.149622395833335	36.57669854910942
3.249622395833335	37.75033854910949
3.349622395833335	38.923978549109414
3.449622395833335	40.0976185491095
3.5496223958333353	41.27125854910952
3.6496223958333354	42.44489854910955
3.7496223958333355	43.61853854910948
3.8496223958333355	44.792178549109565
3.9496223958333356	45.965818549109514
4.049622395833335	47.13945854910951
4.149622395833335	48.31309854910958
4.249622395833335	49.48673854910959
4.349622395833334	50.66037854910961
4.449622395833334	51.83401854910955
4.5496223958333335	53.00765854910958
4.649622395833333	54.18129854910962
4.749622395833333	55.35493854910959
4.849622395833332	56.52857854910958
4.949622395833332	57.70221854910967
5.049622395833332	58.875858549109786
5.149622395833331	60.04949854910964
5.249622395833331	61.223138549109656
5.349622395833331	62.396778549109655
5.44962239583333	63.5704185491097
5.54962239583333	64.74405854910962
5.64962239583333	65.91769854910937
5.749622395833329	67.09133854910944
5.849622395833329	68.2649785491095
5.9496223958333285	69.43861854910955
6.049622395833328	70.61225854910946
6.149622395833328	71.78589854910949
6.2496223958333275	72.95953854910944
6.349622395833327	74.13317854910954
6.449622395833327	75.3068185491095
6.549622395833326	76.48045854910943
6.649622395833326	77.65409854910948
6.749622395833326	78.82773854910934
6.849622395833325	80.00137854910945
6.949622395833325	81.17501854910948
7.049622395833325	82.34865854910944
7.149622395833324	83.52229854910944
7.249622395833324	84.69593854910948
7.3496223958333236	85.86957854910945
7.449622395833323	87.04321854910937
7.549622395833323	88.21685854910933
7.6496223958333225	89.39049854910934
7.749622395833322	90.56413854910942
7.849622395833322	91.73777854910938
7.949622395833321	92.911418549109
8.049622395833321	94.08505854910838
8.14962239583332	95.25869854910798
8.24962239583332	96.43233854910767
8.34962239583332	97.6059785491072
8.44962239583332	98.77961854910684
8.54962239583332	99.9532585491065
8.649622395833319	101.12689854910646
8.749622395833319	102.30053854910625
8.849622395833318	103.47417854910586
8.949622395833318	104.64781854910554
9.049622395833318	105.82145854910559
9.149622395833317	106.9950985491055
9.249622395833317	108.16873854910553
9.349622395833316	109.34237854910558
9.449622395833316	110.51601854910538
9.549622395833316	111.68965854910552
9.649622395833315	112.86329854910531
9.749622395833315	113.06382698660595
9.849622395833315	113.26066698660553
9.949622395833314	125.35355339427235
10.049622395833314	125.46983225646613
10.149622395833314	140.1863135591744
10.249622395833313	140.41413001605076
10.349622395833313	140.40714883145893
10.449622395833313	140.51418004821113
10.549622395833312	140.56078194260112
10.649622395833312	140.62790618321117
10.749622395833311	140.61827847453597
10.849622395833311	140.8639021231602
10.94962239583331	141.1054929710243
11.04962239583331	140.50616443202966
11.14962239583331	141.4431492235908
11.24962239583331	115.84788786264737
11.34962239583331	115.84788786264738
11.449622395833309	115.84788786264737
11.549622395833309	115.84788786264723
11.649622395833308	115.84788786264744
11.749622395833308	115.84788786264738
11.849622395833308	115.84788786264738
11.949622395833307	115.84788786264734
12.049622395833307	116.38983369598047
12.149622395833306	116.93383369598054
12.249622395833306	117.47783369598075
12.349622395833306	118.02183369598072
12.449622395833305	118.56583369598077
12.549622395833305	119.1098336959806
12.649622395833305	119.16628786264764
12.749622395833304	119.16628786264764
12.849622395833304	119.16628786264764
12.949622395833304	119.16628786264764
13.049622395833303	119.16628786264764
13.149622395833303	119.16628786264764
13.249622395833303	119.16628786264764
13.349622395833302	119.16628786264764
13.449622395833302	119.16628786264764
13.549622395833302	119.16628786264764
13.649622395833301	119.16628786264764
13.7496223958333	119.16628786264764
13.8496223958333	119.16628786264764
13.9496223958333	119.16628786264764
14.0496223958333	119.16628786264764
14.1496223958333	119.16628786264764
14.249622395833299	119.16628786264764
14.349622395833299	119.16628786264764
14.449622395833298	119.16628786264764
14.549622395833298	119.16628786264764
14.649622395833298	119.16628786264764
14.749622395833297	119.16628786264764
14.849622395833297	119.16628786264764
14.949622395833297	119.16628786264764
15.049622395833296	119.16628786264764
15.149622395833296	119.16628786264764
15.249622395833295	119.16628786264764
15.349622395833295	119.16628786264764
15.449622395833295	119.16628786264764
15.549622395833294	119.16628786264764
15.649622395833294	119.16628786264764
15.749622395833294	119.16628786264764
15.849622395833293	119.16628786264764
15.949622395833293	119.16628786264764
16.049622395833293	119.16628786264764
16.149622395833294	119.16628786264764
16.249622395833295	119.16628786264764
16.349622395833297	119.16628786264764
16.4496223958333	119.16628786264764
16.5496223958333	119.16628786264764
16.6496223958333	119.16628786264764
16.749622395833303	119.16628786264764
16.849622395833304	119.16628786264764
16.949622395833305	119.16628786264764
17.049622395833307	119.16628786264764
17.14962239583331	119.16628786264764
17.24962239583331	119.16628786264764
17.34962239583331	119.16628786264764
17.449622395833313	119.16628786264764
17.549622395833314	119.16628786264764
17.649622395833315	119.16628786264764
17.749622395833317	119.16628786264764
17.849622395833318	119.16628786264764
17.94962239583332	119.16628786264764
18.04962239583332	119.16628786264764
18.149622395833322	119.16628786264764
18.249622395833324	119.16628786264764
18.349622395833325	119.16628786264764
18.449622395833327	119.16628786264764
18.549622395833328	119.16628786264764
18.64962239583333	119.16628786264764
18.74962239583333	119.16628786264764
18.849622395833332	119.16628786264764
18.949622395833334	119.16628786264764
19.049622395833335	119.16628786264764
19.149622395833337	119.16628786264764
19.249622395833338	119.16628786264764
19.34962239583334	119.16628786264764
19.44962239583334	119.16628786264764
19.549622395833342	119.16628786264764
19.649622395833344	119.16628786264764
19.749622395833345	119.16628786264764
19.849622395833347	119.16628786264764
19.949622395833348	119.16628786264764
20.04962239583335	119.16628786264764
20.14962239583335	119.16628786264764
20.249622395833352	119.16628786264764
20.349622395833354	119.16628786264764
20.449622395833355	119.16628786264764
20.549622395833357	119.16628786264764
20.649622395833358	119.16628786264764
20.74962239583336	119.16628786264764
20.84962239583336	119.16628786264764
20.949622395833362	119.16628786264764
21.049622395833364	119.16628786264764
21.149622395833365	119.16628786264764
21.249622395833367	119.16628786264764
21.349622395833368	119.16628786264764
21.44962239583337	119.16628786264764
21.54962239583337	119.16628786264764
21.649622395833372	119.16628786264764
21.749622395833374	119.16628786264764
21.849622395833375	119.16628786264764
21.949622395833376	119.16628786264764
22.049622395833378	119.16628786264764
22.14962239583338	119.16628786264764
22.24962239583338	119.16628786264764
22.349622395833382	119.16628786264764
22.449622395833384	119.16628786264764
22.549622395833385	119.16628786264764
22.649622395833386	119.16628786264764
22.749622395833388	119.16628786264764
22.84962239583339	119.16628786264764
22.94962239583339	119.16628786264764
23.049622395833392	119.16628786264764
23.149622395833394	119.16628786264764
23.249622395833395	119.16628786264764
23.349622395833396	119.16628786264764
23.449622395833398	119.16628786264764
23.5496223958334	119.16628786264764
23.6496223958334	119.16628786264764
23.749622395833402	119.16628786264764
23.849622395833403	119.16628786264764
23.949622395833405	119.16628786264764
24.049622395833406	119.16628786264764
24.149622395833408	119.16628786264764
24.24962239583341	119.16628786264764
24.34962239583341	119.17065891066451
24.449622395833412	119.2665685755541
24.549622395833413	119.364988575554
24.649622395833415	119.46340857555397
24.749622395833416	119.5618285755541
24.849622395833418	119.66024857555404
24.94962239583342	119.75866857555395
25.04962239583342	119.85708857555412
25.149622395833422	119.95550857555426
25.21987401574803	120.0235032781417
1000025.2198740158	120.0235032781417
