-100000	0
0	0
0.0033333333333333335	0.032938380034484516
0.008333333333333333	0.08301181561455452
0.01583333333333333	0.15894726019241964
0.02708333333333333	0.27416191134966433
0.043958333333333335	0.44914535566471847
0.06927083333333334	0.7152609368502472
0.10723958333333333	1.120489672995783
0.16419270833333333	1.7388316239373889
0.24962239583333334	2.683315858270535
0.3496223958333333	3.807589608890698
0.4496223958333333	4.946530951854672
0.5496223958333333	6.096328397629773
0.6496223958333333	7.25423735399243
0.7496223958333332	8.418149578222977
0.8496223958333332	9.586365787636497
0.9496223958333332	10.757493196523825
1.0496223958333333	11.93033804507649
1.1496223958333334	13.103888319243454
1.2496223958333335	14.277528319243489
1.3496223958333335	15.45116831924352
1.4496223958333336	16.624808319243517
1.5496223958333337	17.79844831924354
1.6496223958333338	18.97208831924356
1.749622395833334	20.145728319243556
1.849622395833334	21.319368319243587
1.949622395833334	22.493008319243604
2.049622395833334	23.66664831924368
2.149622395833334	24.84028831924367
2.249622395833334	26.01392831924364
2.349622395833334	27.187568319243667
2.4496223958333343	28.361208319243698
2.5496223958333344	29.534848319243743
2.6496223958333345	30.70848831924376
2.7496223958333346	31.88212831924377
2.8496223958333347	33.05576831924375
2.9496223958333347	34.229408319243774
3.049622395833335	35.403048319243844
3.149622395833335	36.57668831924378
3.249622395833335	37.75032831924378
3.349622395833335	38.923968319243826
3.449622395833335	40.09760831924377
3.5496223958333353	41.27124831924377
3.6496223958333354	42.444888319243795
3.7496223958333355	43.61852831924385
3.8496223958333355	44.79216831924388
3.9496223958333356	45.96580831924386
4.049622395833335	47.13944831924396
4.149622395833335	48.31308831924393
4.249622395833335	49.48672831924396
4.349622395833334	50.66036831924395
4.449622395833334	51.83400831924401
4.5496223958333335	53.007648319243884
4.649622395833333	54.18128831924402
4.749622395833333	55.35492831924402
4.849622395833332	56.52856831924399
4.949622395833332	57.702208319244
5.049622395833332	58.87584831924398
5.149622395833331	60.04948831924405
5.249622395833331	61.22312831924406
5.349622395833331	62.39676831924406
5.44962239583333	63.57040831924413
5.54962239583333	64.74404831924414
5.64962239583333	65.91768831924414
5.749622395833329	67.09132831924418
5.849622395833329	68.2649683192441
5.9496223958333285	69.43860831924424
6.049622395833328	70.61224831924412
6.149622395833328	71.78588831924407
6.2496223958333275	72.95952831924423
6.349622395833327	74.13316831924423
6.449622395833327	75.30680831924424
6.549622395833326	76.48044831924418
6.649622395833326	77.65408831924417
6.749622395833326	78.82772831924417
6.849622395833325	80.00136831924432
6.949622395833325	81.17500831924427
7.049622395833325	82.34864831924426
7.149622395833324	83.52228831924428
7.249622395833324	84.69592831924412
7.3496223958333236	85.86956831924425
7.449622395833323	87.04320831924424
7.549622395833323	88.21684831924446
7.6496223958333225	89.39048831924426
7.749622395833322	90.56412831924433
7.849622395833322	91.73776831924442
7.949622395833321	92.91140831924399
8.049622395833321	94.08504831924346
8.14962239583332	95.25868831924319
8.24962239583332	96.43232831924277
8.34962239583332	97.60596831924231
8.44962239583332	98.77960831924203
8.54962239583332	99.95324831924174
8.649622395833319	101.12688831924133
8.749622395833319	102.30052831924114
8.849622395833318	103.4741683192409
8.949622395833318	104.647808319241
9.049622395833318	105.82144831924077
9.149622395833317	106.99508831924078
9.249622395833317	108.16872831924051
9.349622395833316	109.34236831924052
9.449622395833316	110.51600831924064
9.549622395833316	111.68964831924082
9.649622395833315	112.86328831924084
9.749622395833315	113.06381675674098
9.849622395833315	113.2606567567408
9.949622395833314	113.45749675674088
10.049622395833314	113.65433675674068
10.149622395833314	113.85117675674103
10.249622395833313	114.0480167567408
10.349622395833313	114.24485675674084
10.449622395833313	114.44169675674064
10.549622395833312	114.6385367567408
10.649622395833312	114.8353767567407
10.749622395833311	115.03221675674091
10.849622395833311	115.22905675674097
10.94962239583331	115.42589675674087
11.04962239583331	115.62273675674079
11.14962239583331	115.81957675674077
11.24962239583331	115.84787763278256
11.34962239583331	115.84787763278256
11.449622395833309	115.84787763278256
11.549622395833309	115.84787763278256
11.649622395833308	115.84787763278256
11.749622395833308	115.84787763278256
11.849622395833308	115.84787763278256
11.949622395833307	115.84787763278256
12.049622395833307	115.84787763278256
12.149622395833306	115.84787763278256
12.249622395833306	115.84787763278256
12.349622395833306	115.84787763278256
12.449622395833305	115.84787763278256
12.549622395833305	115.84787763278256
12.649622395833305	115.84787763278256
12.749622395833304	115.84787763278256
12.849622395833304	115.84787763278256
12.949622395833304	115.84787763278256
13.049622395833303	115.84787763278256
13.149622395833303	115.84787763278256
13.249622395833303	115.84787763278256
13.349622395833302	115.84787763278256
13.449622395833302	115.84787763278256
13.549622395833302	115.84787763278256
13.649622395833301	115.84787763278256
13.7496223958333	115.84787763278256
13.8496223958333	115.84787763278256
13.9496223958333	115.84787763278256
14.0496223958333	115.84787763278256
14.1496223958333	115.84787763278256
14.249622395833299	115.84787763278256
14.349622395833299	115.84787763278256
14.449622395833298	115.84787763278256
14.549622395833298	115.84787763278256
14.649622395833298	115.84787763278256
14.749622395833297	115.84787763278256
14.849622395833297	115.84787763278256
14.949622395833297	115.84787763278256
15.049622395833296	115.84787763278256
15.149622395833296	115.84787763278256
15.249622395833295	115.84787763278256
15.349622395833295	115.84787763278256
15.449622395833295	115.84787763278256
15.549622395833294	115.84787763278256
15.649622395833294	115.84787763278256
15.749622395833294	115.84787763278256
15.849622395833293	115.84787763278256
15.949622395833293	115.84787763278256
16.049622395833293	115.84787763278256
16.149622395833294	115.84787763278256
16.249622395833295	115.84787763278256
16.349622395833297	115.84787763278256
16.4496223958333	115.84787763278256
16.5496223958333	115.84787763278256
16.6496223958333	115.84787763278256
16.749622395833303	115.84787763278256
16.849622395833304	115.84787763278256
16.949622395833305	115.84787763278256
17.049622395833307	115.84787763278256
17.14962239583331	115.84787763278256
17.24962239583331	115.84787763278256
17.34962239583331	115.84787763278256
17.449622395833313	115.84787763278256
17.549622395833314	115.84787763278256
17.649622395833315	115.84787763278256
17.749622395833317	115.84787763278256
17.849622395833318	115.84787763278256
17.94962239583332	115.84787763278256
18.04962239583332	115.84787763278256
18.149622395833322	115.84787763278256
18.249622395833324	115.84787763278256
18.349622395833325	115.84787763278256
18.449622395833327	115.84787763278256
18.549622395833328	115.84787763278256
18.64962239583333	115.84787763278256
18.74962239583333	115.84787763278256
18.849622395833332	115.84787763278256
18.949622395833334	115.84787763278256
19.049622395833335	115.84787763278256
19.149622395833337	115.84787763278256
19.249622395833338	115.84787763278256
19.34962239583334	115.84787763278256
19.44962239583334	115.84787763278256
19.549622395833342	115.84787763278256
19.649622395833344	115.84787763278256
19.749622395833345	115.84787763278256
19.849622395833347	115.84787763278256
19.949622395833348	115.84787763278256
20.04962239583335	115.84787763278256
20.14962239583335	115.84787763278256
20.249622395833352	115.84787763278256
20.349622395833354	115.84787763278256
20.449622395833355	115.84787763278256
20.549622395833357	115.84787763278256
20.649622395833358	115.84787763278256
20.74962239583336	115.84787763278256
20.84962239583336	115.84787763278256
20.949622395833362	115.84787763278256
21.049622395833364	115.84787763278256
21.149622395833365	115.84787763278256
21.249622395833367	115.84787763278256
21.349622395833368	115.84787763278256
21.44962239583337	115.84787763278256
21.54962239583337	115.84787763278256
21.649622395833372	115.84787763278256
21.749622395833374	115.84787763278256
21.849622395833375	115.84787763278256
21.949622395833376	115.84787763278256
22.049622395833378	115.84787763278256
22.14962239583338	115.84787763278256
22.24962239583338	115.84787763278256
22.349622395833382	115.84787763278256
22.449622395833384	115.84787763278256
22.549622395833385	115.84787763278256
22.649622395833386	115.84787763278256
22.749622395833388	115.84787763278256
22.84962239583339	115.84787763278256
22.94962239583339	115.84787763278256
23.049622395833392	115.84787763278256
23.149622395833394	115.84787763278256
23.249622395833395	115.84787763278256
23.349622395833396	115.84787763278256
23.449622395833398	115.84787763278256
23.5496223958334	115.84787763278256
23.6496223958334	115.84787763278256
23.749622395833402	115.84787763278256
23.849622395833403	115.84787763278256
23.949622395833405	115.84787763278256
24.049622395833406	115.84787763278256
24.149622395833408	115.84787763278256
24.24962239583341	115.84787763278256
24.34962239583341	115.876751195903
24.449622395833412	115.97517119590297
24.549622395833413	116.07359119590309
24.649622395833415	116.17201119590307
24.749622395833416	116.27043119590307
24.849622395833418	116.36885119590296
24.94962239583342	116.46727119590311
25.04962239583342	116.565691195903
25.149622395833422	116.66411119590276
25.22114566284779	116.73390678879838
1000025.2211456628	116.73390678879838
