-100000	0
0	0
0.0033333333333333335	0.03293827754676302
0.008333333333333333	0.08301156115921977
0.01583333333333333	0.15894678102101753
0.02708333333333333	0.2741611029538929
0.043958333333333335	0.44914407127953454
0.06927083333333334	0.7152589750094477
0.10723958333333333	1.1204867663069953
0.16419270833333333	1.7388274602272245
0.24962239583333334	2.6833101245176385
0.3496223958333333	3.807582439130979
0.4496223958333333	4.946522700357351
0.5496223958333333	6.096319367040075
0.6496223958333333	7.254227786402477
0.7496223958333332	8.418139669294955
0.8496223958333332	9.586355678464887
0.9496223958333332	10.757482988672708
1.0496223958333333	11.930327805730373
1.1496223958333334	13.103878075919761
1.2496223958333335	14.277518075919753
1.3496223958333335	15.451158075919802
1.4496223958333336	16.62479807591981
1.5496223958333337	17.798438075919844
1.6496223958333338	18.972078075919843
1.749622395833334	20.14571807591983
1.849622395833334	21.319358075919883
1.949622395833334	22.492998075919886
2.049622395833334	23.666638075919877
2.149622395833334	24.84027807591993
2.249622395833334	26.0139180759199
2.349622395833334	27.18755807591992
2.4496223958333343	28.361198075919937
2.5496223958333344	29.534838075919946
2.6496223958333345	30.708478075919963
2.7496223958333346	31.88211807592
2.8496223958333347	33.055758075920025
2.9496223958333347	34.229398075920095
3.049622395833335	35.40303807592009
3.149622395833335	36.57667807592001
3.249622395833335	37.750318075920106
3.349622395833335	38.92395807592013
3.449622395833335	40.09759807592013
3.5496223958333353	41.27123807592016
3.6496223958333354	42.4448780759201
3.7496223958333355	43.6185180759201
3.8496223958333355	44.79215807592014
3.9496223958333356	45.965798075920176
4.049622395833335	47.139438075920175
4.149622395833335	48.31307807592018
4.249622395833335	49.48671807592015
4.349622395833334	50.66035807592016
4.449622395833334	51.83399807592019
4.5496223958333335	53.007638075920305
4.649622395833333	54.181278075920254
4.749622395833333	55.354918075920295
4.849622395833332	56.52855807592033
4.949622395833332	57.70219807592027
5.049622395833332	58.87583807592032
5.149622395833331	60.04947807592029
5.249622395833331	61.22311807592032
5.349622395833331	62.3967580759202
5.44962239583333	63.57039807592032
5.54962239583333	64.74403807592033
5.64962239583333	65.91767807592001
5.749622395833329	67.09131807592003
5.849622395833329	68.26495807592019
5.9496223958333285	69.43859807592018
6.049622395833328	70.61223807592003
6.149622395833328	71.78587807592011
6.2496223958333275	72.95951807591993
6.349622395833327	74.13315807591997
6.449622395833327	75.3067980759201
6.549622395833326	76.48043807592006
6.649622395833326	77.65407807592001
6.749622395833326	78.82771807592007
6.849622395833325	80.00135807592014
6.949622395833325	81.17499807592006
7.049622395833325	82.3486380759201
7.149622395833324	83.52227807591993
7.249622395833324	84.69591807592008
7.3496223958333236	85.8695580759201
7.449622395833323	87.04319807592
7.549622395833323	88.21683807592015
7.6496223958333225	89.39047807592002
7.749622395833322	90.56411807592015
7.849622395833322	91.73775807592001
7.949622395833321	92.91139807591988
8.049622395833321	94.08503807591939
8.14962239583332	95.25867807591898
8.24962239583332	96.43231807591839
8.34962239583332	97.60595807591821
8.44962239583332	98.77959807591782
8.54962239583332	99.95323807591753
8.649622395833319	101.12687807591716
8.749622395833319	102.30051807591693
8.849622395833318	103.47415807591683
8.949622395833318	104.64779807591653
9.049622395833318	105.82143807591652
9.149622395833317	106.99507807591628
9.249622395833317	108.16871807591633
9.349622395833316	109.3423580759163
9.449622395833316	110.51599807591631
9.549622395833316	111.6896380759165
9.649622395833315	112.86327807591694
9.749622395833315	113.06380651341702
9.849622395833315	113.2606465134169
9.949622395833314	126.18608053179882
10.049622395833314	126.64671454612606
10.149622395833314	141.69406317270773
10.249622395833313	142.0205360307286
10.349622395833313	142.63677981061392
10.449622395833313	142.8800801571856
10.549622395833312	143.49798340322843
10.649622395833312	143.99224055512886
10.749622395833311	144.36075826514818
10.849622395833311	144.8987267670543
10.94962239583331	145.5232938150556
11.04962239583331	146.15051034593876
11.14962239583331	146.64520098695507
11.24962239583331	115.84786738945833
11.34962239583331	115.84786738945833
11.449622395833309	115.84786738945833
11.549622395833309	115.84786738945833
11.649622395833308	115.84786738945833
11.749622395833308	115.84786738945833
11.849622395833308	115.84786738945833
11.949622395833307	115.84786738945833
12.049622395833307	116.36271593112477
12.149622395833306	116.87951593112516
12.249622395833306	117.39631593112534
12.349622395833306	117.91311593112471
12.449622395833305	118.42991593112481
12.549622395833305	118.94671593112488
12.649622395833305	119.00034738945841
12.749622395833304	119.00034738945841
12.849622395833304	119.00034738945841
12.949622395833304	119.00034738945841
13.049622395833303	119.00034738945841
13.149622395833303	119.00034738945841
13.249622395833303	119.00034738945841
13.349622395833302	119.00034738945841
13.449622395833302	119.00034738945841
13.549622395833302	119.00034738945841
13.649622395833301	119.00034738945841
13.7496223958333	119.00034738945841
13.8496223958333	119.00034738945841
13.9496223958333	119.00034738945841
14.0496223958333	119.00034738945841
14.1496223958333	119.00034738945841
14.249622395833299	119.00034738945841
14.349622395833299	119.00034738945841
14.449622395833298	119.00034738945841
14.549622395833298	119.00034738945841
14.649622395833298	119.00034738945841
14.749622395833297	119.00034738945841
14.849622395833297	119.00034738945841
14.949622395833297	119.00034738945841
15.049622395833296	119.00034738945841
15.149622395833296	119.00034738945841
15.249622395833295	119.00034738945841
15.349622395833295	119.00034738945841
15.449622395833295	119.00034738945841
15.549622395833294	119.00034738945841
15.649622395833294	119.00034738945841
15.749622395833294	119.00034738945841
15.849622395833293	119.00034738945841
15.949622395833293	119.00034738945841
16.049622395833293	119.00034738945841
16.149622395833294	119.00034738945841
16.249622395833295	119.00034738945841
16.349622395833297	119.00034738945841
16.4496223958333	119.00034738945841
16.5496223958333	119.00034738945841
16.6496223958333	119.00034738945841
16.749622395833303	119.00034738945841
16.849622395833304	119.00034738945841
16.949622395833305	119.00034738945841
17.049622395833307	119.00034738945841
17.14962239583331	119.00034738945841
17.24962239583331	119.00034738945841
17.34962239583331	119.00034738945841
17.449622395833313	119.00034738945841
17.549622395833314	119.00034738945841
17.649622395833315	119.00034738945841
17.749622395833317	119.00034738945841
17.849622395833318	119.00034738945841
17.94962239583332	119.00034738945841
18.04962239583332	119.00034738945841
18.149622395833322	119.00034738945841
18.249622395833324	119.00034738945841
18.349622395833325	119.00034738945841
18.449622395833327	119.00034738945841
18.549622395833328	119.00034738945841
18.64962239583333	119.00034738945841
18.74962239583333	119.00034738945841
18.849622395833332	119.00034738945841
18.949622395833334	119.00034738945841
19.049622395833335	119.00034738945841
19.149622395833337	119.00034738945841
19.249622395833338	119.00034738945841
19.34962239583334	119.00034738945841
19.44962239583334	119.00034738945841
19.549622395833342	119.00034738945841
19.649622395833344	119.00034738945841
19.749622395833345	119.00034738945841
19.849622395833347	119.00034738945841
19.949622395833348	119.00034738945841
20.04962239583335	119.00034738945841
20.14962239583335	119.00034738945841
20.249622395833352	119.00034738945841
20.349622395833354	119.00034738945841
20.449622395833355	119.00034738945841
20.549622395833357	119.00034738945841
20.649622395833358	119.00034738945841
20.74962239583336	119.00034738945841
20.84962239583336	119.00034738945841
20.949622395833362	119.00034738945841
21.049622395833364	119.00034738945841
21.149622395833365	119.00034738945841
21.249622395833367	119.00034738945841
21.349622395833368	119.00034738945841
21.44962239583337	119.00034738945841
21.54962239583337	119.00034738945841
21.649622395833372	119.00034738945841
21.749622395833374	119.00034738945841
21.849622395833375	119.00034738945841
21.949622395833376	119.00034738945841
22.049622395833378	119.00034738945841
22.14962239583338	119.00034738945841
22.24962239583338	119.00034738945841
22.349622395833382	119.00034738945841
22.449622395833384	119.00034738945841
22.549622395833385	119.00034738945841
22.649622395833386	119.00034738945841
22.749622395833388	119.00034738945841
22.84962239583339	119.00034738945841
22.94962239583339	119.00034738945841
23.049622395833392	119.00034738945841
23.149622395833394	119.00034738945841
23.249622395833395	119.00034738945841
23.349622395833396	119.00034738945841
23.449622395833398	119.00034738945841
23.5496223958334	119.00034738945841
23.6496223958334	119.00034738945841
23.749622395833402	119.00034738945841
23.849622395833403	119.00034738945841
23.949622395833405	119.00034738945841
24.049622395833406	119.00034738945841
24.149622395833408	119.00034738945841
24.24962239583341	119.00034738945841
24.34962239583341	119.05623380279268
24.449622395833412	119.15465380279275
24.549622395833413	119.25307380279266
24.649622395833415	119.3514938027926
24.749622395833416	119.44991380279274
24.849622395833418	119.54833380279274
24.94962239583342	119.64675380279265
25.04962239583342	119.74517380279295
25.149622395833422	119.8435938027929
25.222356792144026	119.91458299891492
1000025.2223567922	119.91458299891492
