-100000	0
0	0
0.0033333333333333335	0.032938175055732884
0.008333333333333333	0.0830113066706417
0.01583333333333333	0.15894630174249072
0.02708333333333333	0.2741602943197717
0.043958333333333335	0.4491427864497736
0.06927083333333334	0.7152570124087108
0.10723958333333333	1.120483857814309
0.16419270833333333	1.738823293993424
0.24962239583333334	2.6833043867947195
0.3496223958333333	3.807575263573469
0.4496223958333333	4.946514441695401
0.5496223958333333	6.096310327146523
0.6496223958333333	7.254218208799944
0.7496223958333332	8.418129749049854
0.8496223958333332	9.586345556879248
0.9496223958333332	10.757472767979232
1.0496223958333333	11.930317552999927
1.1496223958333334	13.10386781913813
1.2496223958333335	14.277507819138107
1.3496223958333335	15.451147819138173
1.4496223958333336	16.62478781913821
1.5496223958333337	17.798427819138183
1.6496223958333338	18.9720678191382
1.749622395833334	20.14570781913826
1.849622395833334	21.319347819138255
1.949622395833334	22.492987819138232
2.049622395833334	23.666627819138252
2.149622395833334	24.840267819138326
2.249622395833334	26.0139078191383
2.349622395833334	27.187547819138327
2.4496223958333343	28.361187819138312
2.5496223958333344	29.534827819138357
2.6496223958333345	30.708467819138406
2.7496223958333346	31.8821078191384
2.8496223958333347	33.05574781913852
2.9496223958333347	34.22938781913846
3.049622395833335	35.403027819138515
3.149622395833335	36.57666781913854
3.249622395833335	37.750307819138484
3.349622395833335	38.92394781913845
3.449622395833335	40.09758781913852
3.5496223958333353	41.27122781913857
3.6496223958333354	42.44486781913859
3.7496223958333355	43.61850781913858
3.8496223958333355	44.79214781913853
3.9496223958333356	45.96578781913856
4.049622395833335	47.1394278191386
4.149622395833335	48.3130678191386
4.249622395833335	49.486707819138566
4.349622395833334	50.660347819138565
4.449622395833334	51.83398781913865
4.5496223958333335	53.007627819138634
4.649622395833333	54.1812678191386
4.749622395833333	55.35490781913858
4.849622395833332	56.52854781913845
4.949622395833332	57.702187819138494
5.049622395833332	58.87582781913845
5.149622395833331	60.049467819138364
5.249622395833331	61.22310781913839
5.349622395833331	62.3967478191384
5.44962239583333	63.57038781913843
5.54962239583333	64.74402781913842
5.64962239583333	65.91766781913844
5.749622395833329	67.09130781913838
5.849622395833329	68.26494781913838
5.9496223958333285	69.43858781913833
6.049622395833328	70.6122278191384
6.149622395833328	71.78586781913847
6.2496223958333275	72.95950781913832
6.349622395833327	74.13314781913843
6.449622395833327	75.30678781913842
6.549622395833326	76.48042781913854
6.649622395833326	77.65406781913855
6.749622395833326	78.82770781913844
6.849622395833325	80.00134781913835
6.949622395833325	81.1749878191385
7.049622395833325	82.34862781913843
7.149622395833324	83.52226781913824
7.249622395833324	84.6959078191383
7.3496223958333236	85.86954781913822
7.449622395833323	87.04318781913818
7.549622395833323	88.21682781913795
7.6496223958333225	89.39046781913794
7.749622395833322	90.56410781913765
7.849622395833322	91.73774781913761
7.949622395833321	92.91138781913726
8.049622395833321	94.08502781913704
8.14962239583332	95.25866781913679
8.24962239583332	96.43230781913657
8.34962239583332	97.60594781913643
8.44962239583332	98.77958781913628
8.54962239583332	99.95322781913613
8.649622395833319	101.12686781913598
8.749622395833319	102.3005078191359
8.849622395833318	103.47414781913595
8.949622395833318	104.64778781913586
9.049622395833318	105.82142781913588
9.149622395833317	106.9950678191358
9.249622395833317	108.16870781913595
9.349622395833316	109.34234781913595
9.449622395833316	110.51598781913594
9.549622395833316	111.68962781913599
9.649622395833315	112.86326781913611
9.749622395833315	114.0369078191362
9.849622395833315	115.21054781913584
9.949622395833314	116.38418781913599
10.049622395833314	117.55782781913577
10.149622395833314	118.73146781913587
10.249622395833313	119.90510781913574
10.349622395833313	121.078747819136
10.449622395833313	122.25238781913596
10.549622395833312	123.42602781913578
10.649622395833312	124.59966781913589
10.749622395833311	125.77330781913582
10.849622395833311	126.94694781913581
10.94962239583331	128.12058781913584
11.04962239583331	129.29422781913576
11.14962239583331	130.4678678191358
11.24962239583331	131.47296869517746
11.34962239583331	132.4497686951773
11.449622395833309	133.4265686951773
11.549622395833309	134.40336869517725
11.649622395833308	135.3801686951773
11.749622395833308	136.3569686951773
11.849622395833308	137.3337686951775
11.949622395833307	138.31056869517732
12.049622395833307	139.31685692434417
12.149622395833306	140.3232569243441
12.249622395833306	141.32965692434402
12.349622395833306	142.33605692434395
12.449622395833305	143.34245692434425
12.549622395833305	144.34885692434415
12.649622395833305	144.45329713267748
12.749622395833304	144.45329713267748
12.849622395833304	144.45329713267748
12.949622395833304	144.45329713267748
13.049622395833303	144.45329713267748
13.149622395833303	144.45329713267748
13.249622395833303	144.45329713267748
13.349622395833302	144.45329713267748
13.449622395833302	144.45329713267748
13.549622395833302	144.45329713267748
13.649622395833301	144.45329713267748
13.7496223958333	144.45329713267748
13.8496223958333	144.45329713267748
13.9496223958333	144.45329713267748
14.0496223958333	144.45329713267748
14.1496223958333	144.45329713267748
14.249622395833299	144.45329713267748
14.349622395833299	144.45329713267748
14.449622395833298	144.45329713267748
14.549622395833298	144.45329713267748
14.649622395833298	144.45329713267748
14.749622395833297	144.45329713267748
14.849622395833297	144.45329713267748
14.949622395833297	144.45329713267748
15.049622395833296	144.45329713267748
15.149622395833296	144.45329713267748
15.249622395833295	144.45329713267748
15.349622395833295	144.45329713267748
15.449622395833295	144.45329713267748
15.549622395833294	144.45329713267748
15.649622395833294	144.45329713267748
15.749622395833294	144.45329713267748
15.849622395833293	144.45329713267748
15.949622395833293	144.45329713267748
16.049622395833293	144.45329713267748
16.149622395833294	144.45329713267748
16.249622395833295	144.45329713267748
16.349622395833297	144.45329713267748
16.4496223958333	144.45329713267748
16.5496223958333	144.45329713267748
16.6496223958333	144.45329713267748
16.749622395833303	144.45329713267748
16.849622395833304	144.45329713267748
16.949622395833305	144.45329713267748
17.049622395833307	144.45329713267748
17.14962239583331	144.45329713267748
17.24962239583331	144.45329713267748
17.34962239583331	144.45329713267748
17.449622395833313	144.45329713267748
17.549622395833314	144.45329713267748
17.649622395833315	144.45329713267748
17.749622395833317	144.45329713267748
17.849622395833318	144.45329713267748
17.94962239583332	144.45329713267748
18.04962239583332	144.45329713267748
18.149622395833322	144.45329713267748
18.249622395833324	144.45329713267748
18.349622395833325	144.45329713267748
18.449622395833327	144.45329713267748
18.549622395833328	144.45329713267748
18.64962239583333	144.45329713267748
18.74962239583333	144.45329713267748
18.849622395833332	144.45329713267748
18.949622395833334	144.45329713267748
19.049622395833335	144.45329713267748
19.149622395833337	144.45329713267748
19.249622395833338	144.45329713267748
19.34962239583334	144.45329713267748
19.44962239583334	144.45329713267748
19.549622395833342	144.45329713267748
19.649622395833344	144.45329713267748
19.749622395833345	144.45329713267748
19.849622395833347	144.45329713267748
19.949622395833348	144.45329713267748
20.04962239583335	144.45329713267748
20.14962239583335	144.45329713267748
20.249622395833352	144.45329713267748
20.349622395833354	144.45329713267748
20.449622395833355	144.45329713267748
20.549622395833357	144.45329713267748
20.649622395833358	144.45329713267748
20.74962239583336	144.45329713267748
20.84962239583336	144.45329713267748
20.949622395833362	144.45329713267748
21.049622395833364	144.45329713267748
21.149622395833365	144.45329713267748
21.249622395833367	144.45329713267748
21.349622395833368	144.45329713267748
21.44962239583337	144.45329713267748
21.54962239583337	144.45329713267748
21.649622395833372	144.45329713267748
21.749622395833374	144.45329713267748
21.849622395833375	144.45329713267748
21.949622395833376	144.45329713267748
22.049622395833378	144.45329713267748
22.14962239583338	144.45329713267748
22.24962239583338	144.45329713267748
22.349622395833382	144.45329713267748
22.449622395833384	144.45329713267748
22.549622395833385	144.45329713267748
22.649622395833386	144.45329713267748
22.749622395833388	144.45329713267748
22.84962239583339	144.45329713267748
22.94962239583339	144.45329713267748
23.049622395833392	144.45329713267748
23.149622395833394	144.45329713267748
23.249622395833395	144.45329713267748
23.349622395833396	144.45329713267748
23.449622395833398	144.45329713267748
23.5496223958334	144.45329713267748
23.6496223958334	144.45329713267748
23.749622395833402	144.45329713267748
23.849622395833403	144.45329713267748
23.949622395833405	144.45329713267748
24.049622395833406	144.45329713267748
24.149622395833408	144.45329713267748
24.24962239583341	144.45329713267748
24.34962239583341	144.5361963962262
24.449622395833412	144.63461639622602
24.549622395833413	144.73303639622608
24.649622395833415	144.83145639622603
24.749622395833416	144.92987639622604
24.849622395833418	145.02829639622632
24.94962239583342	145.1267163962262
25.04962239583342	145.22513639622622
25.149622395833422	145.3235563962262
25.22356792144026	145.39573758580178
1000025.2235679214	145.39573758580178
