-100000	0
0	0
0.0033333333333333335	0.03293807256139327
0.008333333333333333	0.08301105214882062
0.01583333333333333	0.15894582235683888
0.02708333333333333	0.2741594854473012
0.043958333333333335	0.4491415011754333
0.06927083333333334	0.71525504904803
0.10723958333333333	1.120480947517706
0.16419270833333333	1.7388191252359733
0.24962239583333334	2.6832986451017398
0.3496223958333333	3.807568082218121
0.4496223958333333	4.946506175868775
0.5496223958333333	6.096301277949102
0.6496223958333333	7.254208621184713
0.7496223958333332	8.418119817487495
0.8496223958333332	9.586335422879523
0.9496223958333332	10.757462534443496
1.0496223958333333	11.930307286885041
1.1496223958333334	13.103857548898407
1.2496223958333335	14.27749754889839
1.3496223958333335	15.45113754889842
1.4496223958333336	16.624777548898432
1.5496223958333337	17.798417548898446
1.6496223958333338	18.97205754889848
1.749622395833334	20.14569754889846
1.849622395833334	21.319337548898485
1.949622395833334	22.492977548898523
2.049622395833334	23.6666175488985
2.149622395833334	24.840257548898514
2.249622395833334	26.01389754889855
2.349622395833334	27.18753754889858
2.4496223958333343	28.361177548898585
2.5496223958333344	29.534817548898605
2.6496223958333345	30.708457548898604
2.7496223958333346	31.882097548898628
2.8496223958333347	33.05573754889861
2.9496223958333347	34.22937754889864
3.049622395833335	35.40301754889865
3.149622395833335	36.576657548898666
3.249622395833335	37.750297548898715
3.349622395833335	38.92393754889871
3.449622395833335	40.09757754889878
3.5496223958333353	41.27121754889874
3.6496223958333354	42.44485754889873
3.7496223958333355	43.618497548898794
3.8496223958333355	44.79213754889876
3.9496223958333356	45.965777548898714
4.049622395833335	47.13941754889878
4.149622395833335	48.313057548898804
4.249622395833335	49.486697548898725
4.349622395833334	50.66033754889885
4.449622395833334	51.83397754889881
4.5496223958333335	53.007617548898864
4.649622395833333	54.18125754889885
4.749622395833333	55.35489754889881
4.849622395833332	56.52853754889882
4.949622395833332	57.70217754889883
5.049622395833332	58.875817548898894
5.149622395833331	60.04945754889889
5.249622395833331	61.22309754889883
5.349622395833331	62.39673754889895
5.44962239583333	63.57037754889892
5.54962239583333	64.74401754889901
5.64962239583333	65.917657548899
5.749622395833329	67.09129754889892
5.849622395833329	68.26493754889903
5.9496223958333285	69.43857754889899
6.049622395833328	70.61221754889894
6.149622395833328	71.78585754889909
6.2496223958333275	72.95949754889894
6.349622395833327	74.133137548899
6.449622395833327	75.30677754889903
6.549622395833326	76.48041754889897
6.649622395833326	77.65405754889903
6.749622395833326	78.82769754889901
6.849622395833325	80.00133754889899
6.949622395833325	81.17497754889891
7.049622395833325	82.3486175488988
7.149622395833324	83.52225754889872
7.249622395833324	84.69589754889834
7.3496223958333236	85.86953754889807
7.449622395833323	87.04317754889767
7.549622395833323	88.21681754889755
7.6496223958333225	89.39045754889733
7.749622395833322	90.56409754889675
7.849622395833322	91.7377375488964
7.949622395833321	92.91137754889596
8.049622395833321	94.08501754889582
8.14962239583332	95.25865754889575
8.24962239583332	96.43229754889586
8.34962239583332	97.60593754889567
8.44962239583332	98.77957754889574
8.54962239583332	99.95321754889588
8.649622395833319	101.12685754889569
8.749622395833319	102.30049754889568
8.849622395833318	103.47413754889573
8.949622395833318	104.64777754889586
9.049622395833318	105.82141754889591
9.149622395833317	106.99505754889591
9.249622395833317	108.16869754889599
9.349622395833316	109.34233754889587
9.449622395833316	110.51597754889603
9.549622395833316	111.68961754889605
9.649622395833315	112.8632575488958
9.749622395833315	114.0368975488959
9.849622395833315	115.21053754889597
9.949622395833314	116.38417754889596
10.049622395833314	117.55781754889603
10.149622395833314	118.73145754889606
10.249622395833313	119.90509754889594
10.349622395833313	121.07873754889594
10.449622395833313	122.25237754889592
10.549622395833312	123.42601754889604
10.649622395833312	124.59965754889593
10.749622395833311	125.7732975488959
10.849622395833311	126.94693754889597
10.94962239583331	128.12057754889605
11.04962239583331	129.29421754889603
11.14962239583331	130.46785754889612
11.24962239583331	131.47295842493767
11.34962239583331	132.44975842493804
11.449622395833309	133.4265584249379
11.549622395833309	134.403358424938
11.649622395833308	135.3801584249378
11.749622395833308	136.35695842493797
11.849622395833308	137.33375842493797
11.949622395833307	138.3105584249379
12.049622395833307	139.31684665410452
12.149622395833306	140.3232466541046
12.249622395833306	141.32964665410458
12.349622395833306	142.33604665410454
12.449622395833305	143.3424466541045
12.549622395833305	144.34884665410453
12.649622395833305	144.45328686243806
12.749622395833304	144.45328686243806
12.849622395833304	144.45328686243806
12.949622395833304	144.45328686243806
13.049622395833303	144.45328686243806
13.149622395833303	144.45328686243806
13.249622395833303	144.45328686243806
13.349622395833302	144.45328686243806
13.449622395833302	144.45328686243806
13.549622395833302	144.45328686243806
13.649622395833301	144.45328686243806
13.7496223958333	144.45328686243806
13.8496223958333	144.45328686243806
13.9496223958333	144.45328686243806
14.0496223958333	144.45328686243806
14.1496223958333	144.45328686243806
14.249622395833299	144.45328686243806
14.349622395833299	144.45328686243806
14.449622395833298	144.45328686243806
14.549622395833298	144.45328686243806
14.649622395833298	144.45328686243806
14.749622395833297	144.45328686243806
14.849622395833297	144.45328686243806
14.949622395833297	144.45328686243806
15.049622395833296	144.45328686243806
15.149622395833296	144.45328686243806
15.249622395833295	144.45328686243806
15.349622395833295	144.45328686243806
15.449622395833295	144.45328686243806
15.549622395833294	144.45328686243806
15.649622395833294	144.45328686243806
15.749622395833294	144.45328686243806
15.849622395833293	144.45328686243806
15.949622395833293	144.45328686243806
16.049622395833293	144.45328686243806
16.149622395833294	144.45328686243806
16.249622395833295	144.45328686243806
16.349622395833297	144.45328686243806
16.4496223958333	144.45328686243806
16.5496223958333	144.45328686243806
16.6496223958333	144.45328686243806
16.749622395833303	144.45328686243806
16.849622395833304	144.45328686243806
16.949622395833305	144.45328686243806
17.049622395833307	144.45328686243806
17.14962239583331	144.45328686243806
17.24962239583331	144.45328686243806
17.34962239583331	144.45328686243806
17.449622395833313	144.45328686243806
17.549622395833314	144.45328686243806
17.649622395833315	144.45328686243806
17.749622395833317	144.45328686243806
17.849622395833318	144.45328686243806
17.94962239583332	144.45328686243806
18.04962239583332	144.45328686243806
18.149622395833322	144.45328686243806
18.249622395833324	144.45328686243806
18.349622395833325	144.45328686243806
18.449622395833327	144.45328686243806
18.549622395833328	144.45328686243806
18.64962239583333	144.45328686243806
18.74962239583333	144.45328686243806
18.849622395833332	144.45328686243806
18.949622395833334	144.45328686243806
19.049622395833335	144.45328686243806
19.149622395833337	144.45328686243806
19.249622395833338	144.45328686243806
19.34962239583334	144.45328686243806
19.44962239583334	144.45328686243806
19.549622395833342	144.45328686243806
19.649622395833344	144.45328686243806
19.749622395833345	144.45328686243806
19.849622395833347	144.45328686243806
19.949622395833348	144.45328686243806
20.04962239583335	144.45328686243806
20.14962239583335	144.45328686243806
20.249622395833352	144.45328686243806
20.349622395833354	144.45328686243806
20.449622395833355	144.45328686243806
20.549622395833357	144.45328686243806
20.649622395833358	144.45328686243806
20.74962239583336	144.45328686243806
20.84962239583336	144.45328686243806
20.949622395833362	144.45328686243806
21.049622395833364	144.45328686243806
21.149622395833365	144.45328686243806
21.249622395833367	144.45328686243806
21.349622395833368	144.45328686243806
21.44962239583337	144.45328686243806
21.54962239583337	144.45328686243806
21.649622395833372	144.45328686243806
21.749622395833374	144.45328686243806
21.849622395833375	144.45328686243806
21.949622395833376	144.45328686243806
22.049622395833378	144.45328686243806
22.14962239583338	144.45328686243806
22.24962239583338	144.45328686243806
22.349622395833382	144.45328686243806
22.449622395833384	144.45328686243806
22.549622395833385	144.45328686243806
22.649622395833386	144.45328686243806
22.749622395833388	144.45328686243806
22.84962239583339	144.45328686243806
22.94962239583339	144.45328686243806
23.049622395833392	144.45328686243806
23.149622395833394	144.45328686243806
23.249622395833395	144.45328686243806
23.349622395833396	144.45328686243806
23.449622395833398	144.45328686243806
23.5496223958334	144.45328686243806
23.6496223958334	144.45328686243806
23.749622395833402	144.45328686243806
23.849622395833403	144.45328686243806
23.949622395833405	144.45328686243806
24.049622395833406	144.45328686243806
24.149622395833408	144.45328686243806
24.24962239583341	144.46485407842346
24.34962239583341	144.56319897620054
24.449622395833412	144.6616189762003
24.549622395833413	144.76003897620063
24.649622395833415	144.85845897620055
24.749622395833416	144.95687897620036
24.849622395833418	145.05529897620045
24.94962239583342	145.15371897620065
25.04962239583342	145.25213897620043
25.149622395833422	145.3505589762005
25.224779050736498	145.42393215922945
1000025.2247790507	145.42393215922945
