-100000	0
0.9657352856418555	0
0.9690686189751888	0.0000002760074966285389
0.9740686189751888	0.0000022989522860597733
0.9815686189751888	0.000012238791438806798
0.9928186189751887	0.0000505396217599192
1.0096936189751888	0.00018521679348580805
1.035006118975189	0.000633758918266103
1.072974868975189	0.0020646684675708652
1.129927993975189	0.006406616823539299
1.215357681475189	0.018806281069834195
1.315357681475189	0.04347728957575356
1.4153576814751891	0.07935709249609303
1.5153576814751892	0.1241334125561599
1.6153576814751893	0.17467358706790248
1.7153576814751894	0.22901264431877455
1.8153576814751895	0.2857890619954761
1.9153576814751896	0.34397836908494184
2.0153576814751895	0.4028279776533311
2.1153576814751895	0.46171190542763724
2.2153576814751896	0.5201254350758129
2.3153576814751897	0.5774897579713995
2.41535768147519	0.6335664607546346
2.51535768147519	0.6873943627902809
2.61535768147519	0.7381661469662589
2.71535768147519	0.7847639302979863
2.81535768147519	0.8262299889556063
2.9153576814751903	0.861663765811977
3.0153576814751903	0.8899585290600232
3.1153576814751904	0.9103752458655548
3.2153576814751905	0.9239966861160642
3.3153576814751906	0.932303331860292
3.4153576814751907	0.9367443429596662
3.515357681475191	0.9386549511848763
3.615357681475191	0.939189097717024
3.715357681475191	0.9392289047783967
3.815357681475191	0.9392289047783967
3.915357681475191	0.9392289047783967
4.015357681475191	0.9392289047783967
4.11535768147519	0.9392289047783967
4.21535768147519	0.9392289047783967
4.31535768147519	0.9392289047783967
4.415357681475189	0.9392289047783967
4.515357681475189	0.9392289047783967
4.615357681475189	0.9392289047783967
4.715357681475188	0.9392331733755201
4.815357681475188	0.93966308010131
4.915357681475188	0.9420062047906503
5.015357681475187	0.9488886950079242
5.115357681475187	0.9648703976398271
5.2153576814751865	0.9973499352775881
5.315357681475186	1.053018873223865
5.415357681475186	1.1379234691868354
5.5153576814751855	1.261570069087099
5.615357681475185	1.426674051770313
5.715357681475185	1.6308644741348637
5.815357681475184	1.871478933189282
5.915357681475184	2.1464706164159084
6.015357681475184	2.453595722107161
6.115357681475183	2.7907892124354703
6.215357681475183	3.156311572639651
6.315357681475183	3.548533082061343
6.415357681475182	3.9658645210474375
6.515357681475182	4.406815900658466
6.6153576814751816	4.870211935743101
6.715357681475181	5.354881063781984
6.815357681475181	5.859744006553047
6.9153576814751805	6.383755776266514
7.01535768147518	6.9261333001268435
7.11535768147518	7.48594009927469
7.215357681475179	8.062376101159245
7.315357681475179	8.654663378685196
7.415357681475179	9.26212061248823
7.515357681475178	9.884028599205843
7.615357681475178	10.519796881587917
7.715357681475178	11.16879891225341
7.815357681475177	11.830480184377606
7.915357681475177	12.504368850322786
8.015357681475177	13.189917931320672
8.115357681475176	13.886623813775541
8.215357681475176	14.594118989347841
8.315357681475176	15.311924276838566
8.415357681475175	16.0396125521055
8.515357681475175	16.776836356242455
8.615357681475174	17.523122412592674
8.715357681475174	18.278232221883876
8.815357681475174	19.041797900364262
8.915357681475173	19.81340773681076
9.015357681475173	20.592834432997723
9.115357681475173	21.360644214719635
9.215357681475172	22.117064252793714
9.315357681475172	22.874767447890417
9.415357681475172	23.63385355710316
9.515357681475171	24.394518274973453
9.615357681475171	25.1566664294905
9.71535768147517	25.922526019833896
9.81535768147517	26.690714553803087
9.91535768147517	27.460797096925052
10.01535768147517	28.23441667483333
10.11535768147517	29.01060844829187
10.215357681475169	29.78929189126572
10.315357681475168	30.57065188158647
10.415357681475168	31.356127568994346
10.515357681475168	32.14250687306499
10.615357681475167	32.93092264423688
10.715357681475167	33.722878454869786
10.815357681475167	34.512744060665526
10.915357681475166	35.30952604800444
11.015357681475166	36.11309242126523
11.115357681475166	36.91540988037521
11.215357681475165	37.72050744330056
11.315357681475165	38.52129969941866
11.415357681475164	39.32520064237747
11.515357681475164	40.13011694072472
11.615357681475164	40.93655159375578
11.715357681475163	41.75138734185729
11.815357681475163	42.557916367659494
11.915357681475163	43.36350356707346
12.015357681475162	44.173616421302086
12.115357681475162	44.97585790072953
12.215357681475162	45.77975435486683
12.315357681475161	46.57340974002339
12.415357681475161	47.368190665184734
12.51535768147516	48.173996634163466
12.61535768147516	48.96148554791146
12.71535768147516	49.982230290931106
12.81535768147516	50.212097042749434
12.91535768147516	50.441911189973716
13.015357681475159	50.67700055554968
13.115357681475158	50.90797219023213
13.215357681475158	51.13848828063813
13.315357681475158	51.369858438564805
13.415357681475157	51.60077305221499
13.515357681475157	51.831668658854475
13.615357681475157	52.05758408675498
13.715357681475156	52.27270475872249
13.815357681475156	52.48220030852771
13.915357681475156	52.68760172665276
14.015357681475155	52.892998174625006
14.115357681475155	53.09838965244447
14.215357681475155	53.303776160111234
14.315357681475154	53.509157697625206
14.415357681475154	53.714534264986504
14.515357681475153	53.91792524383733
14.615357681475153	54.123743553408474
14.715357681475153	54.32956263647324
14.815357681475152	54.53538249303199
14.915357681475152	54.74120312308451
15.015357681475152	54.94702452663101
15.115357681475151	55.152846703671365
15.215357681475151	55.35866965420557
15.31535768147515	55.564493378233585
15.41535768147515	55.77031787575562
15.51535768147515	55.976143146771456
15.61535768147515	56.1819691912811
15.71535768147515	56.38779600928469
15.815357681475149	56.59362360078205
15.915357681475149	56.79711325696052
16.015357681475148	57.00292896375636
16.11535768147515	57.20874544364396
16.21535768147515	57.414562696622994
16.315357681475152	57.62038072269394
16.415357681475154	57.82619952185628
16.515357681475155	58.03201909411035
16.615357681475157	58.23783943945605
16.715357681475158	58.44366055789334
16.81535768147516	58.64948244942239
16.91535768147516	58.84543910743652
17.015357681475162	59.05187112774269
17.115357681475164	59.25955663379562
17.215357681475165	59.46849568200403
17.315357681475167	59.6812279683487
17.415357681475168	59.892775103356804
17.51535768147517	60.10557773189981
17.61535768147517	60.3196359753009
17.715357681475172	60.534949954883
17.815357681475174	60.75151979196914
17.915357681475175	60.969345607882474
18.015357681475177	61.18842752394593
18.115357681475178	61.40876566148252
18.21535768147518	61.63036014181541
18.31535768147518	61.8532110862675
18.415357681475182	62.07731861616189
18.515357681475184	62.30268285282159
18.615357681475185	62.52930391756977
18.715357681475187	62.7571819317293
18.815357681475188	62.98631701662322
18.91535768147519	63.21670929357471
19.01535768147519	63.44819346872329
19.115357681475192	63.67982929373625
19.215357681475194	63.91146843733847
19.315357681475195	64.14311089952997
19.415357681475196	64.3688556817419
19.515357681475198	64.60058073981722
19.6153576814752	64.83231138847188
19.7153576814752	65.06404762770605
19.815357681475202	65.29578945751955
19.915357681475204	65.52753687791248
20.015357681475205	65.75928988888495
20.115357681475206	65.9910484904367
20.215357681475208	66.22281268256775
20.31535768147521	66.45268581523332
20.41535768147521	66.67490647680096
20.515357681475212	66.90856001206546
20.615357681475214	67.14045637342684
20.715357681475215	67.37236134651856
20.815357681475216	67.60427493134046
20.915357681475218	67.83507959800164
21.01535768147522	68.06714685622515
21.11535768147522	68.3000673561878
21.215357681475222	68.52170689372855
21.315357681475223	68.75330149227712
21.415357681475225	68.98560603389606
21.515357681475226	69.21792555211054
21.615357681475228	69.45036973579874
21.71535768147523	69.6684242671215
21.81535768147523	69.90088205618503
21.915357681475232	70.13371704766324
22.015357681475233	70.3663689066626
22.115357681475235	70.59904090775268
22.215357681475236	70.83173305093324
22.315357681475238	71.06343933338825
22.41535768147524	71.29717776356648
22.51535768147524	71.5299303330191
22.615357681475242	71.76270304456217
22.715357681475243	71.99549589819605
22.815357681475245	72.22644383040071
22.915357681475246	72.46114203173552
23.015357681475248	72.6939953116413
23.11535768147525	72.92686873363765
23.21535768147525	73.15976229772444
23.315357681475252	73.3926760039022
23.415357681475253	73.62560985217038
23.45	73.71442729406344
1000023.45	73.71442729406344
