-100000	0
0	0
0.0033333333333333335	0.032937970063744215
0.008333333333333333	0.08301079759375661
0.01583333333333333	0.15894534286406323
0.02708333333333333	0.2741586763364801
0.043958333333333335	0.449140215456517
0.06927083333333334	0.7152530849274135
0.10723958333333333	1.1204780354172028
0.16419270833333333	1.738814953954887
0.24962239583333334	2.68329289943873
0.3496223958333333	3.8075608950649618
0.4496223958333333	4.946497902877533
0.5496223958333333	6.096292219462578
0.6496223958333333	7.254199023556845
0.7496223958333332	8.418109874607993
0.8496223958333332	9.586325276465722
0.9496223958333332	10.757452288065332
1.0496223958333333	11.930297007385937
1.1496223958333334	13.10384726520073
1.2496223958333335	14.277487265200762
1.3496223958333335	15.451127265200759
1.4496223958333336	16.624767265200777
1.5496223958333337	17.798407265200794
1.6496223958333338	18.97204726520083
1.749622395833334	20.145687265200834
1.849622395833334	21.31932726520085
1.949622395833334	22.492967265200896
2.049622395833334	23.66660726520089
2.149622395833334	24.84024726520089
2.249622395833334	26.013887265200925
2.349622395833334	27.187527265200913
2.4496223958333343	28.361167265200905
2.5496223958333344	29.534807265200893
2.6496223958333345	30.708447265200984
2.7496223958333346	31.882087265201
2.8496223958333347	33.055727265201035
2.9496223958333347	34.229367265201034
3.049622395833335	35.40300726520099
3.149622395833335	36.57664726520104
3.249622395833335	37.75028726520105
3.349622395833335	38.923927265201044
3.449622395833335	40.09756726520108
3.5496223958333353	41.27120726520116
3.6496223958333354	42.444847265201105
3.7496223958333355	43.618487265201246
3.8496223958333355	44.792127265201174
3.9496223958333356	45.965767265201166
4.049622395833335	47.13940726520116
4.149622395833335	48.31304726520118
4.249622395833335	49.486687265201155
4.349622395833334	50.66032726520119
4.449622395833334	51.833967265201196
4.5496223958333335	53.007607265201166
4.649622395833333	54.181247265201264
4.749622395833333	55.35488726520127
4.849622395833332	56.528527265201234
4.949622395833332	57.7021672652013
5.049622395833332	58.875807265201274
5.149622395833331	60.049447265201266
5.249622395833331	61.22308726520134
5.349622395833331	62.39672726520125
5.44962239583333	63.5703672652014
5.54962239583333	64.74400726520128
5.64962239583333	65.91764726520131
5.749622395833329	67.0912872652013
5.849622395833329	68.26492726520138
5.9496223958333285	69.43856726520133
6.049622395833328	70.61220726520143
6.149622395833328	71.78584726520138
6.2496223958333275	72.95948726520146
6.349622395833327	74.1331272652015
6.449622395833327	75.30676726520144
6.549622395833326	76.48040726520132
6.649622395833326	77.65404726520146
6.749622395833326	78.82768726520139
6.849622395833325	80.00132726520154
6.949622395833325	81.17496726520146
7.049622395833325	82.34860726520132
7.149622395833324	83.52224726520109
7.249622395833324	84.695887265201
7.3496223958333236	85.86952726520073
7.449622395833323	87.0431672652004
7.549622395833323	88.21680726520027
7.6496223958333225	89.39044726519982
7.749622395833322	90.56408726519948
7.849622395833322	91.73772726519897
7.949622395833321	92.91136726519845
8.049622395833321	94.08500726519816
8.14962239583332	95.25864726519828
8.24962239583332	96.43228726519823
8.34962239583332	97.60592726519832
8.44962239583332	98.77956726519827
8.54962239583332	99.95320726519842
8.649622395833319	101.1268472651981
8.749622395833319	102.30048726519823
8.849622395833318	103.47412726519835
8.949622395833318	104.64776726519827
9.049622395833318	105.82140726519853
9.149622395833317	106.99504726519827
9.249622395833317	108.16868726519832
9.349622395833316	109.34232726519845
9.449622395833316	110.51596726519837
9.549622395833316	111.68960726519838
9.649622395833315	112.86324726519835
9.749622395833315	114.0368872651986
9.849622395833315	115.21052726519846
9.949622395833314	116.38416726519846
10.049622395833314	117.5578072651986
10.149622395833314	118.73144726519847
10.249622395833313	119.90508726519852
10.349622395833313	121.07872726519837
10.449622395833313	122.25236726519857
10.549622395833312	123.42600726519844
10.649622395833312	124.59964726519851
10.749622395833311	125.77328726519865
10.849622395833311	126.94692726519841
10.94962239583331	128.1205672651986
11.04962239583331	129.2942072651983
11.14962239583331	130.4678472651987
11.24962239583331	131.47294814124038
11.34962239583331	132.4497481412404
11.449622395833309	133.42654814124023
11.549622395833309	134.40334814124017
11.649622395833308	135.38014814124023
11.749622395833308	136.35694814124037
11.849622395833308	137.33374814124036
11.949622395833307	138.31054814124045
12.049622395833307	139.3168363704071
12.149622395833306	140.32323637040707
12.249622395833306	141.32963637040717
12.349622395833306	142.33603637040693
12.449622395833305	143.3424363704071
12.549622395833305	144.348836370407
12.649622395833305	144.45327657874054
12.749622395833304	144.45327657874054
12.849622395833304	144.45327657874054
12.949622395833304	144.45327657874054
13.049622395833303	144.45327657874054
13.149622395833303	144.45327657874054
13.249622395833303	144.45327657874054
13.349622395833302	144.45327657874054
13.449622395833302	144.45327657874054
13.549622395833302	144.45327657874054
13.649622395833301	144.45327657874054
13.7496223958333	144.45327657874054
13.8496223958333	144.45327657874054
13.9496223958333	144.45327657874054
14.0496223958333	144.45327657874054
14.1496223958333	144.45327657874054
14.249622395833299	144.45327657874054
14.349622395833299	144.45327657874054
14.449622395833298	144.45327657874054
14.549622395833298	144.45327657874054
14.649622395833298	144.45327657874054
14.749622395833297	144.45327657874054
14.849622395833297	144.45327657874054
14.949622395833297	144.45327657874054
15.049622395833296	144.45327657874054
15.149622395833296	144.45327657874054
15.249622395833295	144.45327657874054
15.349622395833295	144.45327657874054
15.449622395833295	144.45327657874054
15.549622395833294	144.45327657874054
15.649622395833294	144.45327657874054
15.749622395833294	144.45327657874054
15.849622395833293	144.45327657874054
15.949622395833293	144.45327657874054
16.049622395833293	144.45327657874054
16.149622395833294	144.45327657874054
16.249622395833295	144.45327657874054
16.349622395833297	144.45327657874054
16.4496223958333	144.45327657874054
16.5496223958333	144.45327657874054
16.6496223958333	144.45327657874054
16.749622395833303	144.45327657874054
16.849622395833304	144.45327657874054
16.949622395833305	144.45327657874054
17.049622395833307	144.45327657874054
17.14962239583331	144.45327657874054
17.24962239583331	144.45327657874054
17.34962239583331	144.45327657874054
17.449622395833313	144.45327657874054
17.549622395833314	144.45327657874054
17.649622395833315	144.45327657874054
17.749622395833317	144.45327657874054
17.849622395833318	144.45327657874054
17.94962239583332	144.45327657874054
18.04962239583332	144.45327657874054
18.149622395833322	144.45327657874054
18.249622395833324	144.45327657874054
18.349622395833325	144.45327657874054
18.449622395833327	144.45327657874054
18.549622395833328	144.45327657874054
18.64962239583333	144.45327657874054
18.74962239583333	144.45327657874054
18.849622395833332	144.45327657874054
18.949622395833334	144.45327657874054
19.049622395833335	144.45327657874054
19.149622395833337	144.45327657874054
19.249622395833338	144.45327657874054
19.34962239583334	144.45327657874054
19.44962239583334	144.45327657874054
19.549622395833342	144.45327657874054
19.649622395833344	144.45327657874054
19.749622395833345	144.45327657874054
19.849622395833347	144.45327657874054
19.949622395833348	144.45327657874054
20.04962239583335	144.45327657874054
20.14962239583335	144.45327657874054
20.249622395833352	144.45327657874054
20.349622395833354	144.45327657874054
20.449622395833355	144.45327657874054
20.549622395833357	144.45327657874054
20.649622395833358	144.45327657874054
20.74962239583336	144.45327657874054
20.84962239583336	144.45327657874054
20.949622395833362	144.45327657874054
21.049622395833364	144.45327657874054
21.149622395833365	144.45327657874054
21.249622395833367	144.45327657874054
21.349622395833368	144.45327657874054
21.44962239583337	144.45327657874054
21.54962239583337	144.45327657874054
21.649622395833372	144.45327657874054
21.749622395833374	144.45327657874054
21.849622395833375	144.45327657874054
21.949622395833376	144.45327657874054
22.049622395833378	144.45327657874054
22.14962239583338	144.45327657874054
22.24962239583338	144.45327657874054
22.349622395833382	144.45327657874054
22.449622395833384	144.45327657874054
22.549622395833385	144.45327657874054
22.649622395833386	144.45327657874054
22.749622395833388	144.45327657874054
22.84962239583339	144.45327657874054
22.94962239583339	144.45327657874054
23.049622395833392	144.45327657874054
23.149622395833394	144.45327657874054
23.249622395833395	144.45327657874054
23.349622395833396	144.45327657874054
23.449622395833398	144.45327657874054
23.5496223958334	144.45327657874054
23.6496223958334	144.45327657874054
23.749622395833402	144.45327657874054
23.849622395833403	144.45327657874054
23.949622395833405	144.45327657874054
24.049622395833406	144.45327657874054
24.149622395833408	144.45327657874054
24.24962239583341	144.49178154271698
24.34962239583341	144.5902015427168
24.449622395833412	144.68862154271702
24.549622395833413	144.78704154271702
24.649622395833415	144.88546154271737
24.749622395833416	144.98388154271728
24.849622395833418	145.08230154271723
24.94962239583342	145.18072154271684
25.04962239583342	145.27914154271718
25.149622395833422	145.37756154271725
25.22599018003273	145.45212671919973
1000025.22599018	145.45212671919973
