-100000	0
0	0
0.0033333333333333335	0.03293786756278656
0.008333333333333333	0.08301054300544877
0.01583333333333333	0.15894486326416216
0.02708333333333333	0.27415786698730954
0.043958333333333335	0.44913892929302085
0.06927083333333334	0.7152511200468505
0.10723958333333333	1.120475121512792
0.16419270833333333	1.738810780150144
0.24962239583333334	2.6832871498056687
0.3496223958333333	3.807553702113998
0.4496223958333333	4.946489622721616
0.5496223958333333	6.096283152025639
0.6496223958333333	7.254189415916287
0.7496223958333332	8.418099920411288
0.8496223958333332	9.586315117637842
0.9496223958333332	10.75744202884489
1.0496223958333333	11.930286714502346
1.1496223958333334	13.103836968045036
1.2496223958333335	14.27747696804502
1.3496223958333335	15.45111696804506
1.4496223958333336	16.624756968045077
1.5496223958333337	17.7983969680451
1.6496223958333338	18.972036968045117
1.749622395833334	20.1456769680451
1.849622395833334	21.31931696804513
1.949622395833334	22.49295696804515
2.049622395833334	23.66659696804522
2.149622395833334	24.840236968045186
2.249622395833334	26.01387696804521
2.349622395833334	27.18751696804525
2.4496223958333343	28.36115696804527
2.5496223958333344	29.53479696804525
2.6496223958333345	30.70843696804523
2.7496223958333346	31.882076968045258
2.8496223958333347	33.05571696804527
2.9496223958333347	34.229356968045316
3.049622395833335	35.402996968045244
3.149622395833335	36.57663696804537
3.249622395833335	37.75027696804534
3.349622395833335	38.923916968045404
3.449622395833335	40.09755696804542
3.5496223958333353	41.271196968045416
3.6496223958333354	42.444836968045465
3.7496223958333355	43.61847696804551
3.8496223958333355	44.79211696804545
3.9496223958333356	45.96575696804546
4.049622395833335	47.13939696804545
4.149622395833335	48.313036968045466
4.249622395833335	49.48667696804545
4.349622395833334	50.660316968045485
4.449622395833334	51.83395696804553
4.5496223958333335	53.00759696804552
4.649622395833333	54.181236968045575
4.749622395833333	55.35487696804549
4.849622395833332	56.528516968045544
4.949622395833332	57.702156968045635
5.049622395833332	58.87579696804561
5.149622395833331	60.04943696804565
5.249622395833331	61.22307696804553
5.349622395833331	62.39671696804561
5.44962239583333	63.57035696804555
5.54962239583333	64.74399696804566
5.64962239583333	65.91763696804566
5.749622395833329	67.09127696804572
5.849622395833329	68.26491696804567
5.9496223958333285	69.4385569680456
6.049622395833328	70.61219696804585
6.149622395833328	71.78583696804576
6.2496223958333275	72.95947696804558
6.349622395833327	74.13311696804573
6.449622395833327	75.30675696804582
6.549622395833326	76.48039696804584
6.649622395833326	77.65403696804569
6.749622395833326	78.82767696804572
6.849622395833325	80.00131696804571
6.949622395833325	81.17495696804554
7.049622395833325	82.34859696804561
7.149622395833324	83.52223696804543
7.249622395833324	84.69587696804534
7.3496223958333236	85.86951696804512
7.449622395833323	87.04315696804495
7.549622395833323	88.2167969680446
7.6496223958333225	89.39043696804438
7.749622395833322	90.56407696804396
7.849622395833322	91.73771696804347
7.949622395833321	92.91135696804311
8.049622395833321	94.08499696804279
8.14962239583332	95.2586369680427
8.24962239583332	96.4322769680427
8.34962239583332	97.60591696804251
8.44962239583332	98.77955696804271
8.54962239583332	99.95319696804277
8.649622395833319	101.1268369680427
8.749622395833319	102.3004769680427
8.849622395833318	103.47411696804268
8.949622395833318	104.6477569680428
9.049622395833318	105.82139696804289
9.149622395833317	106.99503696804271
9.249622395833317	108.16867696804294
9.349622395833316	109.34231696804271
9.449622395833316	110.5159569680427
9.549622395833316	111.68959696804274
9.649622395833315	112.8632369680428
9.749622395833315	114.0368769680429
9.849622395833315	115.2105169680428
9.949622395833314	116.38415696804282
10.049622395833314	117.5577969680428
10.149622395833314	118.73143696804291
10.249622395833313	119.90507696804289
10.349622395833313	121.07871696804314
10.449622395833313	122.25235696804278
10.549622395833312	123.42599696804287
10.649622395833312	124.59963696804289
10.749622395833311	125.77327696804282
10.849622395833311	126.9469169680429
10.94962239583331	128.12055696804302
11.04962239583331	129.294196968043
11.14962239583331	130.46783696804303
11.24962239583331	131.47293784408458
11.34962239583331	132.44973784408455
11.449622395833309	133.42653784408486
11.549622395833309	134.40333784408466
11.649622395833308	135.3801378440846
11.749622395833308	136.35693784408465
11.849622395833308	137.33373784408474
11.949622395833307	138.31053784408482
12.049622395833307	139.31682607325158
12.149622395833306	140.32322607325145
12.249622395833306	141.3296260732516
12.349622395833306	142.33602607325136
12.449622395833305	143.34242607325143
12.549622395833305	144.34882607325147
12.649622395833305	144.45326628158517
12.749622395833304	144.45326628158517
12.849622395833304	144.45326628158517
12.949622395833304	144.45326628158517
13.049622395833303	144.45326628158517
13.149622395833303	144.45326628158517
13.249622395833303	144.45326628158517
13.349622395833302	144.45326628158517
13.449622395833302	144.45326628158517
13.549622395833302	144.45326628158517
13.649622395833301	144.45326628158517
13.7496223958333	144.45326628158517
13.8496223958333	144.45326628158517
13.9496223958333	144.45326628158517
14.0496223958333	144.45326628158517
14.1496223958333	144.45326628158517
14.249622395833299	144.45326628158517
14.349622395833299	144.45326628158517
14.449622395833298	144.45326628158517
14.549622395833298	144.45326628158517
14.649622395833298	144.45326628158517
14.749622395833297	144.45326628158517
14.849622395833297	144.45326628158517
14.949622395833297	144.45326628158517
15.049622395833296	144.45326628158517
15.149622395833296	144.45326628158517
15.249622395833295	144.45326628158517
15.349622395833295	144.45326628158517
15.449622395833295	144.45326628158517
15.549622395833294	144.45326628158517
15.649622395833294	144.45326628158517
15.749622395833294	144.45326628158517
15.849622395833293	144.45326628158517
15.949622395833293	144.45326628158517
16.049622395833293	144.45326628158517
16.149622395833294	144.45326628158517
16.249622395833295	144.45326628158517
16.349622395833297	144.45326628158517
16.4496223958333	144.45326628158517
16.5496223958333	144.45326628158517
16.6496223958333	144.45326628158517
16.749622395833303	144.45326628158517
16.849622395833304	144.45326628158517
16.949622395833305	144.45326628158517
17.049622395833307	144.45326628158517
17.14962239583331	144.45326628158517
17.24962239583331	144.45326628158517
17.34962239583331	144.45326628158517
17.449622395833313	144.45326628158517
17.549622395833314	144.45326628158517
17.649622395833315	144.45326628158517
17.749622395833317	144.45326628158517
17.849622395833318	144.45326628158517
17.94962239583332	144.45326628158517
18.04962239583332	144.45326628158517
18.149622395833322	144.45326628158517
18.249622395833324	144.45326628158517
18.349622395833325	144.45326628158517
18.449622395833327	144.45326628158517
18.549622395833328	144.45326628158517
18.64962239583333	144.45326628158517
18.74962239583333	144.45326628158517
18.849622395833332	144.45326628158517
18.949622395833334	144.45326628158517
19.049622395833335	144.45326628158517
19.149622395833337	144.45326628158517
19.249622395833338	144.45326628158517
19.34962239583334	144.45326628158517
19.44962239583334	144.45326628158517
19.549622395833342	144.45326628158517
19.649622395833344	144.45326628158517
19.749622395833345	144.45326628158517
19.849622395833347	144.45326628158517
19.949622395833348	144.45326628158517
20.04962239583335	144.45326628158517
20.14962239583335	144.45326628158517
20.249622395833352	144.45326628158517
20.349622395833354	144.45326628158517
20.449622395833355	144.45326628158517
20.549622395833357	144.45326628158517
20.649622395833358	144.45326628158517
20.74962239583336	144.45326628158517
20.84962239583336	144.45326628158517
20.949622395833362	144.45326628158517
21.049622395833364	144.45326628158517
21.149622395833365	144.45326628158517
21.249622395833367	144.45326628158517
21.349622395833368	144.45326628158517
21.44962239583337	144.45326628158517
21.54962239583337	144.45326628158517
21.649622395833372	144.45326628158517
21.749622395833374	144.45326628158517
21.849622395833375	144.45326628158517
21.949622395833376	144.45326628158517
22.049622395833378	144.45326628158517
22.14962239583338	144.45326628158517
22.24962239583338	144.45326628158517
22.349622395833382	144.45326628158517
22.449622395833384	144.45326628158517
22.549622395833385	144.45326628158517
22.649622395833386	144.45326628158517
22.749622395833388	144.45326628158517
22.84962239583339	144.45326628158517
22.94962239583339	144.45326628158517
23.049622395833392	144.45326628158517
23.149622395833394	144.45326628158517
23.249622395833395	144.45326628158517
23.349622395833396	144.45326628158517
23.449622395833398	144.45326628158517
23.5496223958334	144.45326628158517
23.6496223958334	144.45326628158517
23.749622395833402	144.45326628158517
23.849622395833403	144.45326628158517
23.949622395833405	144.45326628158517
24.049622395833406	144.45326628158517
24.149622395833408	144.45326628158517
24.24962239583341	144.51878409577557
24.34962239583341	144.61720409577552
24.449622395833412	144.71562409577558
24.549622395833413	144.81404409577553
24.649622395833415	144.91246409577553
24.749622395833416	145.0108840957755
24.849622395833418	145.1093040957754
24.94962239583342	145.20772409577532
25.04962239583342	145.30614409577564
25.149622395833422	145.4045640957755
25.22720130932897	145.4803212657113
1000025.2272013093	145.4803212657113
