-100000	0
0	0
0.0033333333333333335	0.03293776505851906
0.008333333333333333	0.08301028838389837
0.01583333333333333	0.1589443835571367
0.02708333333333333	0.27415705739978785
0.043958333333333335	0.4491376426849465
0.06927083333333334	0.7152491544063476
0.10723958333333333	1.1204722058044683
0.16419270833333333	1.7388066038217744
0.24962239583333334	2.6832813962025766
0.3496223958333333	3.8075465033652076
0.4496223958333333	4.946481335401067
0.5496223958333333	6.096274075976625
0.6496223958333333	7.254179798263112
0.7496223958333332	8.418089954897415
0.8496223958333332	9.586304946395916
0.9496223958333332	10.757431756782056
1.0496223958333333	11.930276408234505
1.1496223958333334	13.10382665743134
1.2496223958333335	14.277466657431368
1.3496223958333335	15.451106657431366
1.4496223958333336	16.624746657431395
1.5496223958333337	17.798386657431415
1.6496223958333338	18.972026657431424
1.749622395833334	20.14566665743141
1.849622395833334	21.31930665743149
1.949622395833334	22.492946657431506
2.049622395833334	23.666586657431445
2.149622395833334	24.840226657431487
2.249622395833334	26.01386665743147
2.349622395833334	27.187506657431527
2.4496223958333343	28.36114665743151
2.5496223958333344	29.534786657431532
2.6496223958333345	30.70842665743154
2.7496223958333346	31.882066657431604
2.8496223958333347	33.05570665743163
2.9496223958333347	34.22934665743161
3.049622395833335	35.4029866574316
3.149622395833335	36.57662665743165
3.249622395833335	37.75026665743169
3.349622395833335	38.9239066574317
3.449622395833335	40.097546657431685
3.5496223958333353	41.27118665743173
3.6496223958333354	42.44482665743165
3.7496223958333355	43.61846665743176
3.8496223958333355	44.79210665743177
3.9496223958333356	45.96574665743178
4.049622395833335	47.139386657431785
4.149622395833335	48.313026657431834
4.249622395833335	49.48666665743186
4.349622395833334	50.660306657431825
4.449622395833334	51.833946657431824
4.5496223958333335	53.00758665743186
4.649622395833333	54.18122665743185
4.749622395833333	55.35486665743184
4.849622395833332	56.528506657431926
4.949622395833332	57.702146657431776
5.049622395833332	58.87578665743192
5.149622395833331	60.04942665743193
5.249622395833331	61.22306665743186
5.349622395833331	62.39670665743183
5.44962239583333	63.570346657432
5.54962239583333	64.74398665743205
5.64962239583333	65.91762665743192
5.749622395833329	67.09126665743192
5.849622395833329	68.26490665743208
5.9496223958333285	69.43854665743203
6.049622395833328	70.61218665743198
6.149622395833328	71.78582665743198
6.2496223958333275	72.95946665743202
6.349622395833327	74.13310665743191
6.449622395833327	75.30674665743204
6.549622395833326	76.48038665743213
6.649622395833326	77.65402665743214
6.749622395833326	78.82766665743215
6.849622395833325	80.00130665743217
6.949622395833325	81.17494665743199
7.049622395833325	82.34858665743211
7.149622395833324	83.52222665743196
7.249622395833324	84.6958666574319
7.3496223958333236	85.86950665743169
7.449622395833323	87.04314665743152
7.549622395833323	88.2167866574312
7.6496223958333225	89.39042665743085
7.749622395833322	90.56406665743043
7.849622395833322	91.73770665742997
7.949622395833321	92.91134665742953
8.049622395833321	94.08498665742935
8.14962239583332	95.25862665742899
8.24962239583332	96.43226665742912
8.34962239583332	97.60590665742916
8.44962239583332	98.77954665742914
8.54962239583332	99.95318665742916
8.649622395833319	101.12682665742913
8.749622395833319	102.30046665742911
8.849622395833318	103.47410665742919
8.949622395833318	104.64774665742928
9.049622395833318	105.82138665742926
9.149622395833317	106.9950266574291
9.249622395833317	108.16866665742921
9.349622395833316	109.34230665742938
9.449622395833316	110.51594665742925
9.549622395833316	111.68958665742919
9.649622395833315	112.8632266574292
9.749622395833315	114.03686665742936
9.849622395833315	115.21050665742932
9.949622395833314	116.38414665742923
10.049622395833314	117.55778665742935
10.149622395833314	118.73142665742948
10.249622395833313	119.9050666574293
10.349622395833313	121.07870665742932
10.449622395833313	122.25234665742937
10.549622395833312	123.42598665742929
10.649622395833312	124.59962665742944
10.749622395833311	125.77326665742939
10.849622395833311	126.94690665742942
10.94962239583331	128.12054665742946
11.04962239583331	129.29418665742932
11.14962239583331	130.4678266574293
11.24962239583331	131.47292753347125
11.34962239583331	132.449727533471
11.449622395833309	133.4265275334713
11.549622395833309	134.4033275334712
11.649622395833308	135.38012753347127
11.749622395833308	136.35692753347143
11.849622395833308	137.33372753347123
11.949622395833307	138.31052753347132
12.049622395833307	139.316815762638
12.149622395833306	140.32321576263791
12.249622395833306	141.32961576263781
12.349622395833306	142.3360157626379
12.449622395833305	143.34241576263776
12.549622395833305	144.34881576263783
12.649622395833305	144.45325597097155
12.749622395833304	144.45325597097155
12.849622395833304	144.45325597097155
12.949622395833304	144.45325597097155
13.049622395833303	144.45325597097155
13.149622395833303	144.45325597097155
13.249622395833303	144.45325597097155
13.349622395833302	144.45325597097155
13.449622395833302	144.45325597097155
13.549622395833302	144.45325597097155
13.649622395833301	144.45325597097155
13.7496223958333	144.45325597097155
13.8496223958333	144.45325597097155
13.9496223958333	144.45325597097155
14.0496223958333	144.45325597097155
14.1496223958333	144.45325597097155
14.249622395833299	144.45325597097155
14.349622395833299	144.45325597097155
14.449622395833298	144.45325597097155
14.549622395833298	144.45325597097155
14.649622395833298	144.45325597097155
14.749622395833297	144.45325597097155
14.849622395833297	144.45325597097155
14.949622395833297	144.45325597097155
15.049622395833296	144.45325597097155
15.149622395833296	144.45325597097155
15.249622395833295	144.45325597097155
15.349622395833295	144.45325597097155
15.449622395833295	144.45325597097155
15.549622395833294	144.45325597097155
15.649622395833294	144.45325597097155
15.749622395833294	144.45325597097155
15.849622395833293	144.45325597097155
15.949622395833293	144.45325597097155
16.049622395833293	144.45325597097155
16.149622395833294	144.45325597097155
16.249622395833295	144.45325597097155
16.349622395833297	144.45325597097155
16.4496223958333	144.45325597097155
16.5496223958333	144.45325597097155
16.6496223958333	144.45325597097155
16.749622395833303	144.45325597097155
16.849622395833304	144.45325597097155
16.949622395833305	144.45325597097155
17.049622395833307	144.45325597097155
17.14962239583331	144.45325597097155
17.24962239583331	144.45325597097155
17.34962239583331	144.45325597097155
17.449622395833313	144.45325597097155
17.549622395833314	144.45325597097155
17.649622395833315	144.45325597097155
17.749622395833317	144.45325597097155
17.849622395833318	144.45325597097155
17.94962239583332	144.45325597097155
18.04962239583332	144.45325597097155
18.149622395833322	144.45325597097155
18.249622395833324	144.45325597097155
18.349622395833325	144.45325597097155
18.449622395833327	144.45325597097155
18.549622395833328	144.45325597097155
18.64962239583333	144.45325597097155
18.74962239583333	144.45325597097155
18.849622395833332	144.45325597097155
18.949622395833334	144.45325597097155
19.049622395833335	144.45325597097155
19.149622395833337	144.45325597097155
19.249622395833338	144.45325597097155
19.34962239583334	144.45325597097155
19.44962239583334	144.45325597097155
19.549622395833342	144.45325597097155
19.649622395833344	144.45325597097155
19.749622395833345	144.45325597097155
19.849622395833347	144.45325597097155
19.949622395833348	144.45325597097155
20.04962239583335	144.45325597097155
20.14962239583335	144.45325597097155
20.249622395833352	144.45325597097155
20.349622395833354	144.45325597097155
20.449622395833355	144.45325597097155
20.549622395833357	144.45325597097155
20.649622395833358	144.45325597097155
20.74962239583336	144.45325597097155
20.84962239583336	144.45325597097155
20.949622395833362	144.45325597097155
21.049622395833364	144.45325597097155
21.149622395833365	144.45325597097155
21.249622395833367	144.45325597097155
21.349622395833368	144.45325597097155
21.44962239583337	144.45325597097155
21.54962239583337	144.45325597097155
21.649622395833372	144.45325597097155
21.749622395833374	144.45325597097155
21.849622395833375	144.45325597097155
21.949622395833376	144.45325597097155
22.049622395833378	144.45325597097155
22.14962239583338	144.45325597097155
22.24962239583338	144.45325597097155
22.349622395833382	144.45325597097155
22.449622395833384	144.45325597097155
22.549622395833385	144.45325597097155
22.649622395833386	144.45325597097155
22.749622395833388	144.45325597097155
22.84962239583339	144.45325597097155
22.94962239583339	144.45325597097155
23.049622395833392	144.45325597097155
23.149622395833394	144.45325597097155
23.249622395833395	144.45325597097155
23.349622395833396	144.45325597097155
23.449622395833398	144.45325597097155
23.5496223958334	144.45325597097155
23.6496223958334	144.45325597097155
23.749622395833402	144.45325597097155
23.849622395833403	144.45325597097155
23.949622395833405	144.45325597097155
24.049622395833406	144.45325597097155
24.149622395833408	144.45432990526905
24.24962239583341	144.54578663537595
24.34962239583341	144.6442066353758
24.449622395833412	144.74262663537587
24.549622395833413	144.84104663537616
24.649622395833415	144.9394666353756
24.749622395833416	145.03788663537588
24.849622395833418	145.13630663537595
24.94962239583342	145.23472663537552
25.04962239583342	145.33314663537604
25.149622395833422	145.43156663537607
25.228412438625206	145.5085157987649
1000025.2284124386	145.5085157987649
