-100000	0
0	0
0.0033333333333333335	0.03293766255094261
0.008333333333333333	0.08301003372910383
0.01583333333333333	0.15894390374298614
0.02708333333333333	0.27415624757391616
0.043958333333333335	0.44913635563229437
0.06927083333333334	0.7152471880059014
0.10723958333333333	1.1204692882922405
0.16419270833333333	1.738802424969752
0.24962239583333334	2.683275638629436
0.3496223958333333	3.8075392988185888
0.4496223958333333	4.946473040915865
0.5496223958333333	6.096264991330198
0.6496223958333333	7.254170170597257
0.7496223958333332	8.418079978066373
0.8496223958333332	9.586294762739865
0.9496223958333332	10.75742147187694
1.0496223958333333	11.93026608858226
1.1496223958333334	13.10381633335965
1.2496223958333335	14.277456333359629
1.3496223958333335	15.451096333359645
1.4496223958333336	16.62473633335968
1.5496223958333337	17.798376333359702
1.6496223958333338	18.972016333359697
1.749622395833334	20.14565633335973
1.849622395833334	21.319296333359762
1.949622395833334	22.492936333359758
2.049622395833334	23.666576333359792
2.149622395833334	24.84021633335977
2.249622395833334	26.013856333359794
2.349622395833334	27.187496333359835
2.4496223958333343	28.36113633335985
2.5496223958333344	29.5347763333599
2.6496223958333345	30.70841633335989
2.7496223958333346	31.88205633335995
2.8496223958333347	33.05569633335989
2.9496223958333347	34.22933633335997
3.049622395833335	35.4029763333599
3.149622395833335	36.57661633335995
3.249622395833335	37.750256333359914
3.349622395833335	38.92389633336002
3.449622395833335	40.09753633336006
3.5496223958333353	41.271176333359975
3.6496223958333354	42.44481633336004
3.7496223958333355	43.618456333360065
3.8496223958333355	44.79209633336
3.9496223958333356	45.965736333360134
4.049622395833335	47.13937633336011
4.149622395833335	48.31301633336005
4.249622395833335	49.48665633336007
4.349622395833334	50.66029633336012
4.449622395833334	51.8339363333601
4.5496223958333335	53.00757633336011
4.649622395833333	54.181216333360105
4.749622395833333	55.354856333360146
4.849622395833332	56.52849633336014
4.949622395833332	57.70213633336015
5.049622395833332	58.87577633336012
5.149622395833331	60.049416333360156
5.249622395833331	61.223056333360184
5.349622395833331	62.39669633336032
5.44962239583333	63.57033633336014
5.54962239583333	64.74397633336024
5.64962239583333	65.91761633336019
5.749622395833329	67.09125633336022
5.849622395833329	68.2648963333602
5.9496223958333285	69.43853633336018
6.049622395833328	70.61217633336024
6.149622395833328	71.7858163333603
6.2496223958333275	72.95945633336025
6.349622395833327	74.13309633336033
6.449622395833327	75.30673633336023
6.549622395833326	76.48037633336018
6.649622395833326	77.65401633336037
6.749622395833326	78.82765633336037
6.849622395833325	80.00129633336022
6.949622395833325	81.17493633336032
7.049622395833325	82.34857633336028
7.149622395833324	83.52221633336038
7.249622395833324	84.69585633336034
7.3496223958333236	85.86949633336009
7.449622395833323	87.04313633336004
7.549622395833323	88.21677633335966
7.6496223958333225	89.39041633335944
7.749622395833322	90.56405633335906
7.849622395833322	91.73769633335858
7.949622395833321	92.91133633335801
8.049622395833321	94.08497633335774
8.14962239583332	95.25861633335751
8.24962239583332	96.43225633335754
8.34962239583332	97.6058963333574
8.44962239583332	98.77953633335751
8.54962239583332	99.95317633335753
8.649622395833319	101.12681633335755
8.749622395833319	102.3004563333576
8.849622395833318	103.47409633335756
8.949622395833318	104.64773633335766
9.049622395833318	105.82137633335763
9.149622395833317	106.99501633335763
9.249622395833317	108.1686563333577
9.349622395833316	109.34229633335751
9.449622395833316	110.51593633335757
9.549622395833316	111.6895763333577
9.649622395833315	112.86321633335764
9.749622395833315	114.03685633335768
9.849622395833315	115.21049633335765
9.949622395833314	116.38413633335762
10.049622395833314	117.55777633335751
10.149622395833314	118.73141633335763
10.249622395833313	119.90505633335766
10.349622395833313	121.07869633335757
10.449622395833313	122.25233633335782
10.549622395833312	123.4259763333578
10.649622395833312	124.59961633335764
10.749622395833311	125.77325633335776
10.849622395833311	126.94689633335774
10.94962239583331	128.12053633335782
11.04962239583331	129.29417633335794
11.14962239583331	130.46781633335766
11.24962239583331	131.47291720939958
11.34962239583331	132.44971720939955
11.449622395833309	133.4265172093995
11.549622395833309	134.4033172093994
11.649622395833308	135.38011720939963
11.749622395833308	136.35691720939957
11.849622395833308	137.33371720939965
11.949622395833307	138.31051720939945
12.049622395833307	139.31680543856626
12.149622395833306	140.32320543856633
12.249622395833306	141.32960543856626
12.349622395833306	142.3360054385663
12.449622395833305	143.3424054385661
12.549622395833305	144.34880543856633
12.649622395833305	144.45324564689994
12.749622395833304	144.45324564689994
12.849622395833304	144.45324564689994
12.949622395833304	144.45324564689994
13.049622395833303	144.45324564689994
13.149622395833303	144.45324564689994
13.249622395833303	144.45324564689994
13.349622395833302	144.45324564689994
13.449622395833302	144.45324564689994
13.549622395833302	144.45324564689994
13.649622395833301	144.45324564689994
13.7496223958333	144.45324564689994
13.8496223958333	144.45324564689994
13.9496223958333	144.45324564689994
14.0496223958333	144.45324564689994
14.1496223958333	144.45324564689994
14.249622395833299	144.45324564689994
14.349622395833299	144.45324564689994
14.449622395833298	144.45324564689994
14.549622395833298	144.45324564689994
14.649622395833298	144.45324564689994
14.749622395833297	144.45324564689994
14.849622395833297	144.45324564689994
14.949622395833297	144.45324564689994
15.049622395833296	144.45324564689994
15.149622395833296	144.45324564689994
15.249622395833295	144.45324564689994
15.349622395833295	144.45324564689994
15.449622395833295	144.45324564689994
15.549622395833294	144.45324564689994
15.649622395833294	144.45324564689994
15.749622395833294	144.45324564689994
15.849622395833293	144.45324564689994
15.949622395833293	144.45324564689994
16.049622395833293	144.45324564689994
16.149622395833294	144.45324564689994
16.249622395833295	144.45324564689994
16.349622395833297	144.45324564689994
16.4496223958333	144.45324564689994
16.5496223958333	144.45324564689994
16.6496223958333	144.45324564689994
16.749622395833303	144.45324564689994
16.849622395833304	144.45324564689994
16.949622395833305	144.45324564689994
17.049622395833307	144.45324564689994
17.14962239583331	144.45324564689994
17.24962239583331	144.45324564689994
17.34962239583331	144.45324564689994
17.449622395833313	144.45324564689994
17.549622395833314	144.45324564689994
17.649622395833315	144.45324564689994
17.749622395833317	144.45324564689994
17.849622395833318	144.45324564689994
17.94962239583332	144.45324564689994
18.04962239583332	144.45324564689994
18.149622395833322	144.45324564689994
18.249622395833324	144.45324564689994
18.349622395833325	144.45324564689994
18.449622395833327	144.45324564689994
18.549622395833328	144.45324564689994
18.64962239583333	144.45324564689994
18.74962239583333	144.45324564689994
18.849622395833332	144.45324564689994
18.949622395833334	144.45324564689994
19.049622395833335	144.45324564689994
19.149622395833337	144.45324564689994
19.249622395833338	144.45324564689994
19.34962239583334	144.45324564689994
19.44962239583334	144.45324564689994
19.549622395833342	144.45324564689994
19.649622395833344	144.45324564689994
19.749622395833345	144.45324564689994
19.849622395833347	144.45324564689994
19.949622395833348	144.45324564689994
20.04962239583335	144.45324564689994
20.14962239583335	144.45324564689994
20.249622395833352	144.45324564689994
20.349622395833354	144.45324564689994
20.449622395833355	144.45324564689994
20.549622395833357	144.45324564689994
20.649622395833358	144.45324564689994
20.74962239583336	144.45324564689994
20.84962239583336	144.45324564689994
20.949622395833362	144.45324564689994
21.049622395833364	144.45324564689994
21.149622395833365	144.45324564689994
21.249622395833367	144.45324564689994
21.349622395833368	144.45324564689994
21.44962239583337	144.45324564689994
21.54962239583337	144.45324564689994
21.649622395833372	144.45324564689994
21.749622395833374	144.45324564689994
21.849622395833375	144.45324564689994
21.949622395833376	144.45324564689994
22.049622395833378	144.45324564689994
22.14962239583338	144.45324564689994
22.24962239583338	144.45324564689994
22.349622395833382	144.45324564689994
22.449622395833384	144.45324564689994
22.549622395833385	144.45324564689994
22.649622395833386	144.45324564689994
22.749622395833388	144.45324564689994
22.84962239583339	144.45324564689994
22.94962239583339	144.45324564689994
23.049622395833392	144.45324564689994
23.149622395833394	144.45324564689994
23.249622395833395	144.45324564689994
23.349622395833396	144.45324564689994
23.449622395833398	144.45324564689994
23.5496223958334	144.45324564689994
23.6496223958334	144.45324564689994
23.749622395833402	144.45324564689994
23.849622395833403	144.45324564689994
23.949622395833405	144.45324564689994
24.049622395833406	144.45324564689994
24.149622395833408	144.4743545168144
24.24962239583341	144.57277451681426
24.34962239583341	144.67119451681413
24.449622395833412	144.7696145168142
24.549622395833413	144.86803451681448
24.649622395833415	144.96645451681425
24.749622395833416	145.06487451681429
24.849622395833418	145.16329451681435
24.94962239583342	145.26171451681418
25.04962239583342	145.36013451681424
25.149622395833422	145.45855451681413
25.22962356792144	145.53669567365648
1000025.2296235679	145.53669567365648
