-100000	0
0	0
0.0033333333333333335	0.03293756004005686
0.008333333333333333	0.083009779041067
0.01583333333333333	0.15894342382171012
0.02708333333333333	0.2741554375096947
0.043958333333333335	0.4491350681350636
0.06927083333333334	0.7152452208455143
0.10723958333333333	1.120466368976104
0.16419270833333333	1.73879824359409
0.24962239583333334	2.6832698770862624
0.3496223958333333	3.807532088474177
0.4496223958333333	4.946464739266025
0.5496223958333333	6.096255898086396
0.6496223958333333	7.254160532918757
0.7496223958333332	8.41806998991811
0.8496223958333332	9.586284566669756
0.9496223958333332	10.757411174129464
1.0496223958333333	11.93025575554572
1.1496223958333334	13.103805995829928
1.2496223958333335	14.277445995829945
1.3496223958333335	15.451085995829983
1.4496223958333336	16.624725995830026
1.5496223958333337	17.798365995830004
1.6496223958333338	18.97200599583005
1.749622395833334	20.145645995830066
1.849622395833334	21.31928599583003
1.949622395833334	22.492925995830095
2.049622395833334	23.66656599583008
2.149622395833334	24.840205995830143
2.249622395833334	26.013845995830142
2.349622395833334	27.1874859958301
2.4496223958333343	28.361125995830154
2.5496223958333344	29.534765995830202
2.6496223958333345	30.708405995830212
2.7496223958333346	31.88204599583029
2.8496223958333347	33.05568599583025
2.9496223958333347	34.22932599583023
3.049622395833335	35.40296599583024
3.149622395833335	36.57660599583028
3.249622395833335	37.75024599583032
3.349622395833335	38.92388599583031
3.449622395833335	40.09752599583033
3.5496223958333353	41.27116599583034
3.6496223958333354	42.4448059958304
3.7496223958333355	43.61844599583035
3.8496223958333355	44.7920859958304
3.9496223958333356	45.96572599583043
4.049622395833335	47.139365995830424
4.149622395833335	48.313005995830416
4.249622395833335	49.486645995830465
4.349622395833334	50.66028599583053
4.449622395833334	51.83392599583049
4.5496223958333335	53.00756599583049
4.649622395833333	54.18120599583051
4.749622395833333	55.354845995830516
4.849622395833332	56.52848599583044
4.949622395833332	57.70212599583041
5.049622395833332	58.875765995830534
5.149622395833331	60.04940599583053
5.249622395833331	61.22304599583053
5.349622395833331	62.39668599583059
5.44962239583333	63.57032599583053
5.54962239583333	64.74396599583056
5.64962239583333	65.91760599583063
5.749622395833329	67.0912459958306
5.849622395833329	68.26488599583055
5.9496223958333285	69.43852599583064
6.049622395833328	70.61216599583071
6.149622395833328	71.78580599583066
6.2496223958333275	72.9594459958306
6.349622395833327	74.13308599583054
6.449622395833327	75.30672599583076
6.549622395833326	76.48036599583062
6.649622395833326	77.65400599583077
6.749622395833326	78.82764599583048
6.849622395833325	80.0012859958308
6.949622395833325	81.17492599583075
7.049622395833325	82.34856599583082
7.149622395833324	83.52220599583086
7.249622395833324	84.69584599583075
7.3496223958333236	85.86948599583056
7.449622395833323	87.04312599583051
7.549622395833323	88.2167659958302
7.6496223958333225	89.39040599583001
7.749622395833322	90.56404599582962
7.849622395833322	91.7376859958292
7.949622395833321	92.91132599582886
8.049622395833321	94.08496599582834
8.14962239583332	95.2586059958281
8.24962239583332	96.43224599582784
8.34962239583332	97.605885995828
8.44962239583332	98.77952599582805
8.54962239583332	99.9531659958278
8.649622395833319	101.12680599582805
8.749622395833319	102.30044599582806
8.849622395833318	103.47408599582806
8.949622395833318	104.64772599582795
9.049622395833318	105.82136599582815
9.149622395833317	106.99500599582822
9.249622395833317	108.1686459958281
9.349622395833316	109.34228599582828
9.449622395833316	110.51592599582816
9.549622395833316	111.68956599582815
9.649622395833315	112.86320599582812
9.749622395833315	114.03684599582814
9.849622395833315	115.21048599582807
9.949622395833314	116.38412599582823
10.049622395833314	117.5577659958283
10.149622395833314	118.73140599582827
10.249622395833313	119.9050459958283
10.349622395833313	121.07868599582827
10.449622395833313	122.25232599582822
10.549622395833312	123.42596599582816
10.649622395833312	124.5996059958283
10.749622395833311	125.77324599582835
10.849622395833311	126.94688599582828
10.94962239583331	128.12052599582827
11.04962239583331	129.2941659958283
11.14962239583331	130.46780599582831
11.24962239583331	131.47290687187007
11.34962239583331	132.44970687187003
11.449622395833309	133.4265068718698
11.549622395833309	134.40330687187006
11.649622395833308	135.38010687187005
11.749622395833308	136.35690687187014
11.849622395833308	137.33370687186996
11.949622395833307	138.31050687187013
12.049622395833307	139.31679510103672
12.149622395833306	140.32319510103676
12.249622395833306	141.3295951010366
12.349622395833306	142.33599510103673
12.449622395833305	143.34239510103674
12.549622395833305	144.34879510103698
12.649622395833305	144.45323530937029
12.749622395833304	144.45323530937029
12.849622395833304	144.45323530937029
12.949622395833304	144.45323530937029
13.049622395833303	144.45323530937029
13.149622395833303	144.45323530937029
13.249622395833303	144.45323530937029
13.349622395833302	144.45323530937029
13.449622395833302	144.45323530937029
13.549622395833302	144.45323530937029
13.649622395833301	144.45323530937029
13.7496223958333	144.45323530937029
13.8496223958333	144.45323530937029
13.9496223958333	144.45323530937029
14.0496223958333	144.45323530937029
14.1496223958333	144.45323530937029
14.249622395833299	144.45323530937029
14.349622395833299	144.45323530937029
14.449622395833298	144.45323530937029
14.549622395833298	144.45323530937029
14.649622395833298	144.45323530937029
14.749622395833297	144.45323530937029
14.849622395833297	144.45323530937029
14.949622395833297	144.45323530937029
15.049622395833296	144.45323530937029
15.149622395833296	144.45323530937029
15.249622395833295	144.45323530937029
15.349622395833295	144.45323530937029
15.449622395833295	144.45323530937029
15.549622395833294	144.45323530937029
15.649622395833294	144.45323530937029
15.749622395833294	144.45323530937029
15.849622395833293	144.45323530937029
15.949622395833293	144.45323530937029
16.049622395833293	144.45323530937029
16.149622395833294	144.45323530937029
16.249622395833295	144.45323530937029
16.349622395833297	144.45323530937029
16.4496223958333	144.45323530937029
16.5496223958333	144.45323530937029
16.6496223958333	144.45323530937029
16.749622395833303	144.45323530937029
16.849622395833304	144.45323530937029
16.949622395833305	144.45323530937029
17.049622395833307	144.45323530937029
17.14962239583331	144.45323530937029
17.24962239583331	144.45323530937029
17.34962239583331	144.45323530937029
17.449622395833313	144.45323530937029
17.549622395833314	144.45323530937029
17.649622395833315	144.45323530937029
17.749622395833317	144.45323530937029
17.849622395833318	144.45323530937029
17.94962239583332	144.45323530937029
18.04962239583332	144.45323530937029
18.149622395833322	144.45323530937029
18.249622395833324	144.45323530937029
18.349622395833325	144.45323530937029
18.449622395833327	144.45323530937029
18.549622395833328	144.45323530937029
18.64962239583333	144.45323530937029
18.74962239583333	144.45323530937029
18.849622395833332	144.45323530937029
18.949622395833334	144.45323530937029
19.049622395833335	144.45323530937029
19.149622395833337	144.45323530937029
19.249622395833338	144.45323530937029
19.34962239583334	144.45323530937029
19.44962239583334	144.45323530937029
19.549622395833342	144.45323530937029
19.649622395833344	144.45323530937029
19.749622395833345	144.45323530937029
19.849622395833347	144.45323530937029
19.949622395833348	144.45323530937029
20.04962239583335	144.45323530937029
20.14962239583335	144.45323530937029
20.249622395833352	144.45323530937029
20.349622395833354	144.45323530937029
20.449622395833355	144.45323530937029
20.549622395833357	144.45323530937029
20.649622395833358	144.45323530937029
20.74962239583336	144.45323530937029
20.84962239583336	144.45323530937029
20.949622395833362	144.45323530937029
21.049622395833364	144.45323530937029
21.149622395833365	144.45323530937029
21.249622395833367	144.45323530937029
21.349622395833368	144.45323530937029
21.44962239583337	144.45323530937029
21.54962239583337	144.45323530937029
21.649622395833372	144.45323530937029
21.749622395833374	144.45323530937029
21.849622395833375	144.45323530937029
21.949622395833376	144.45323530937029
22.049622395833378	144.45323530937029
22.14962239583338	144.45323530937029
22.24962239583338	144.45323530937029
22.349622395833382	144.45323530937029
22.449622395833384	144.45323530937029
22.549622395833385	144.45323530937029
22.649622395833386	144.45323530937029
22.749622395833388	144.45323530937029
22.84962239583339	144.45323530937029
22.94962239583339	144.45323530937029
23.049622395833392	144.45323530937029
23.149622395833394	144.45323530937029
23.249622395833395	144.45323530937029
23.349622395833396	144.45323530937029
23.449622395833398	144.45323530937029
23.5496223958334	144.45323530937029
23.6496223958334	144.45323530937029
23.749622395833402	144.45323530937029
23.849622395833403	144.45323530937029
23.949622395833405	144.45323530937029
24.049622395833406	144.45323530937029
24.149622395833408	144.50087076023848
24.24962239583341	144.59929076023832
24.34962239583341	144.69771076023866
24.449622395833412	144.7961307602384
24.549622395833413	144.89455076023864
24.649622395833415	144.9929707602386
24.749622395833416	145.09139076023868
24.849622395833418	145.1898107602384
24.94962239583342	145.2882307602384
25.04962239583342	145.3866507602383
25.149622395833422	145.48507076023853
25.23	145.56412082297274
1000025.23	145.56412082297274
