-100000	0
0	0
0.0033333333333333335	0.03293745752586153
0.008333333333333333	0.08300952431978716
0.01583333333333333	0.15894294379331023
0.02708333333333333	0.2741546272071234
0.043958333333333335	0.4491337801932554
0.06927083333333334	0.7152432529251854
0.10723958333333333	1.120463447856064
0.16419270833333333	1.7387940596947875
0.24962239583333334	2.6832641115730422
0.3496223958333333	3.8075248723319426
0.4496223958333333	4.9464564304515175
0.5496223958333333	6.096246796245194
0.6496223958333333	7.254150885227607
0.7496223958333332	8.418059990452697
0.8496223958333332	9.586274358185625
0.9496223958333332	10.757400863539605
1.0496223958333333	11.930245409124733
1.1496223958333334	13.10379564484222
1.2496223958333335	14.27743564484221
1.3496223958333335	15.451075644842245
1.4496223958333336	16.62471564484223
1.5496223958333337	17.798355644842264
1.6496223958333338	18.9719956448423
1.749622395833334	20.14563564484228
1.849622395833334	21.319275644842307
1.949622395833334	22.492915644842363
2.049622395833334	23.66655564484237
2.149622395833334	24.840195644842368
2.249622395833334	26.013835644842384
2.349622395833334	27.187475644842372
2.4496223958333343	28.3611156448424
2.5496223958333344	29.534755644842512
2.6496223958333345	30.70839564484245
2.7496223958333346	31.882035644842492
2.8496223958333347	33.05567564484251
2.9496223958333347	34.229315644842444
3.049622395833335	35.40295564484249
3.149622395833335	36.57659564484254
3.249622395833335	37.75023564484253
3.349622395833335	38.92387564484259
3.449622395833335	40.0975156448426
3.5496223958333353	41.27115564484261
3.6496223958333354	42.444795644842564
3.7496223958333355	43.61843564484264
3.8496223958333355	44.792075644842576
3.9496223958333356	45.9657156448426
4.049622395833335	47.13935564484259
4.149622395833335	48.31299564484267
4.249622395833335	49.48663564484265
4.349622395833334	50.66027564484265
4.449622395833334	51.83391564484275
4.5496223958333335	53.007555644842746
4.649622395833333	54.18119564484262
4.749622395833333	55.354835644842716
4.849622395833332	56.52847564484274
4.949622395833332	57.70211564484277
5.049622395833332	58.8757556448428
5.149622395833331	60.049395644842726
5.249622395833331	61.223035644842845
5.349622395833331	62.396675644842794
5.44962239583333	63.570315644842836
5.54962239583333	64.74395564484276
5.64962239583333	65.91759564484288
5.749622395833329	67.0912356448428
5.849622395833329	68.26487564484282
5.9496223958333285	69.43851564484292
6.049622395833328	70.6121556448429
6.149622395833328	71.78579564484288
6.2496223958333275	72.95943564484303
6.349622395833327	74.13307564484292
6.449622395833327	75.30671564484282
6.549622395833326	76.48035564484293
6.649622395833326	77.65399564484291
6.749622395833326	78.8276356448429
6.849622395833325	80.00127564484295
6.949622395833325	81.17491564484283
7.049622395833325	82.34855564484305
7.149622395833324	83.52219564484291
7.249622395833324	84.69583564484294
7.3496223958333236	85.86947564484286
7.449622395833323	87.04311564484267
7.549622395833323	88.21675564484269
7.6496223958333225	89.39039564484244
7.749622395833322	90.56403564484216
7.849622395833322	91.73767564484166
7.949622395833321	92.91131564484131
8.049622395833321	94.08495564484079
8.14962239583332	95.25859564484036
8.24962239583332	96.4322356448403
8.34962239583332	97.60587564484024
8.44962239583332	98.77951564484016
8.54962239583332	99.95315564484035
8.649622395833319	101.12679564484034
8.749622395833319	102.30043564484032
8.849622395833318	103.47407564484021
8.949622395833318	104.64771564484039
9.049622395833318	105.82135564484035
9.149622395833317	106.9949956448404
9.249622395833317	108.16863564484036
9.349622395833316	109.34227564484061
9.449622395833316	110.51591564484053
9.549622395833316	111.68955564484031
9.649622395833315	112.86319564484064
9.749622395833315	114.03683564484044
9.849622395833315	115.21047564484043
9.949622395833314	116.38411564484046
10.049622395833314	117.55775564484034
10.149622395833314	118.73139564484052
10.249622395833313	119.90503564484067
10.349622395833313	121.07867564484064
10.449622395833313	122.25231564484055
10.549622395833312	123.42595564484057
10.649622395833312	124.59959564484066
10.749622395833311	125.77323564484048
10.849622395833311	126.94687564484073
10.94962239583331	128.1205156448406
11.04962239583331	129.29415564484046
11.14962239583331	130.46779564484063
11.24962239583331	131.47289652088253
11.34962239583331	132.44969652088227
11.449622395833309	133.42649652088224
11.549622395833309	134.4032965208822
11.649622395833308	135.3800965208823
11.749622395833308	136.35689652088243
11.849622395833308	137.3336965208823
11.949622395833307	138.31049652088228
12.049622395833307	139.31678475004898
12.149622395833306	140.3231847500492
12.249622395833306	141.32958475004912
12.349622395833306	142.33598475004922
12.449622395833305	143.34238475004872
12.549622395833305	144.34878475004913
12.649622395833305	144.4532249583824
12.749622395833304	144.4532249583824
12.849622395833304	144.4532249583824
12.949622395833304	144.4532249583824
13.049622395833303	144.4532249583824
13.149622395833303	144.4532249583824
13.249622395833303	144.4532249583824
13.349622395833302	144.4532249583824
13.449622395833302	144.4532249583824
13.549622395833302	144.4532249583824
13.649622395833301	144.4532249583824
13.7496223958333	144.4532249583824
13.8496223958333	144.4532249583824
13.9496223958333	144.4532249583824
14.0496223958333	144.4532249583824
14.1496223958333	144.4532249583824
14.249622395833299	144.4532249583824
14.349622395833299	144.4532249583824
14.449622395833298	144.4532249583824
14.549622395833298	144.4532249583824
14.649622395833298	144.4532249583824
14.749622395833297	144.4532249583824
14.849622395833297	144.4532249583824
14.949622395833297	144.4532249583824
15.049622395833296	144.4532249583824
15.149622395833296	144.4532249583824
15.249622395833295	144.4532249583824
15.349622395833295	144.4532249583824
15.449622395833295	144.4532249583824
15.549622395833294	144.4532249583824
15.649622395833294	144.4532249583824
15.749622395833294	144.4532249583824
15.849622395833293	144.4532249583824
15.949622395833293	144.4532249583824
16.049622395833293	144.4532249583824
16.149622395833294	144.4532249583824
16.249622395833295	144.4532249583824
16.349622395833297	144.4532249583824
16.4496223958333	144.4532249583824
16.5496223958333	144.4532249583824
16.6496223958333	144.4532249583824
16.749622395833303	144.4532249583824
16.849622395833304	144.4532249583824
16.949622395833305	144.4532249583824
17.049622395833307	144.4532249583824
17.14962239583331	144.4532249583824
17.24962239583331	144.4532249583824
17.34962239583331	144.4532249583824
17.449622395833313	144.4532249583824
17.549622395833314	144.4532249583824
17.649622395833315	144.4532249583824
17.749622395833317	144.4532249583824
17.849622395833318	144.4532249583824
17.94962239583332	144.4532249583824
18.04962239583332	144.4532249583824
18.149622395833322	144.4532249583824
18.249622395833324	144.4532249583824
18.349622395833325	144.4532249583824
18.449622395833327	144.4532249583824
18.549622395833328	144.4532249583824
18.64962239583333	144.4532249583824
18.74962239583333	144.4532249583824
18.849622395833332	144.4532249583824
18.949622395833334	144.4532249583824
19.049622395833335	144.4532249583824
19.149622395833337	144.4532249583824
19.249622395833338	144.4532249583824
19.34962239583334	144.4532249583824
19.44962239583334	144.4532249583824
19.549622395833342	144.4532249583824
19.649622395833344	144.4532249583824
19.749622395833345	144.4532249583824
19.849622395833347	144.4532249583824
19.949622395833348	144.4532249583824
20.04962239583335	144.4532249583824
20.14962239583335	144.4532249583824
20.249622395833352	144.4532249583824
20.349622395833354	144.4532249583824
20.449622395833355	144.4532249583824
20.549622395833357	144.4532249583824
20.649622395833358	144.4532249583824
20.74962239583336	144.4532249583824
20.84962239583336	144.4532249583824
20.949622395833362	144.4532249583824
21.049622395833364	144.4532249583824
21.149622395833365	144.4532249583824
21.249622395833367	144.4532249583824
21.349622395833368	144.4532249583824
21.44962239583337	144.4532249583824
21.54962239583337	144.4532249583824
21.649622395833372	144.4532249583824
21.749622395833374	144.4532249583824
21.849622395833375	144.4532249583824
21.949622395833376	144.4532249583824
22.049622395833378	144.4532249583824
22.14962239583338	144.4532249583824
22.24962239583338	144.4532249583824
22.349622395833382	144.4532249583824
22.449622395833384	144.4532249583824
22.549622395833385	144.4532249583824
22.649622395833386	144.4532249583824
22.749622395833388	144.4532249583824
22.84962239583339	144.4532249583824
22.94962239583339	144.4532249583824
23.049622395833392	144.4532249583824
23.149622395833394	144.4532249583824
23.249622395833395	144.4532249583824
23.349622395833396	144.4532249583824
23.449622395833398	144.4532249583824
23.5496223958334	144.4532249583824
23.6496223958334	144.4532249583824
23.749622395833402	144.4532249583824
23.849622395833403	144.4532249583824
23.949622395833405	144.4532249583824
24.049622395833406	144.4532249583824
24.149622395833408	144.52716042036192
24.24962239583341	144.62558042036187
24.34962239583341	144.72400042036196
24.449622395833412	144.82242042036188
24.549622395833413	144.92084042036166
24.649622395833415	145.0192604203618
24.749622395833416	145.1176804203618
24.849622395833418	145.21610042036178
24.94962239583342	145.31452042036207
25.04962239583342	145.41294042036208
25.149622395833422	145.51136042036202
25.23	145.5904680583828
1000025.23	145.5904680583828
