-100000	0
0	0
0.0033333333333333335	0.03293725248754362
0.008333333333333333	0.08300901477749692
0.01583333333333333	0.15894198341513627
0.02708333333333333	0.27415300588692987
0.043958333333333335	0.4491312029759036
0.06927083333333334	0.715239314804706
0.10723958333333333	1.1204576002042566
0.16419270833333333	1.7387856843252403
0.24962239583333334	2.683252568636481
0.3496223958333333	3.807510422654008
0.4496223958333333	4.94643979132857
0.5496223958333333	6.096228566770612
0.6496223958333333	7.254131559807301
0.7496223958333332	8.418039957570295
0.8496223958333332	9.586253903975022
0.9496223958333332	10.757380203832914
1.0496223958333333	11.930224676129875
1.1496223958333334	13.103774902492711
1.2496223958333335	14.277414902492746
1.3496223958333335	15.451054902492755
1.4496223958333336	16.62469490249276
1.5496223958333337	17.798334902492773
1.6496223958333338	18.971974902492796
1.749622395833334	20.145614902492788
1.849622395833334	21.319254902492816
1.949622395833334	22.492894902492818
2.049622395833334	23.666534902492828
2.149622395833334	24.840174902492837
2.249622395833334	26.01381490249286
2.349622395833334	27.187454902492817
2.4496223958333343	28.361094902492873
2.5496223958333344	29.534734902492893
2.6496223958333345	30.708374902492903
2.7496223958333346	31.88201490249292
2.8496223958333347	33.05565490249292
2.9496223958333347	34.22929490249295
3.049622395833335	35.402934902492966
3.149622395833335	36.57657490249295
3.249622395833335	37.75021490249291
3.349622395833335	38.92385490249297
3.449622395833335	40.097494902492954
3.5496223958333353	41.271134902493024
3.6496223958333354	42.44477490249298
3.7496223958333355	43.61841490249306
3.8496223958333355	44.79205490249305
3.9496223958333356	45.965694902493084
4.049622395833335	47.13933490249317
4.149622395833335	48.31297490249311
4.249622395833335	49.486614902493145
4.349622395833334	50.660254902493065
4.449622395833334	51.833894902493
4.5496223958333335	53.007534902493035
4.649622395833333	54.18117490249299
4.749622395833333	55.35481490249299
4.849622395833332	56.52845490249297
4.949622395833332	57.70209490249303
5.049622395833332	58.87573490249307
5.149622395833331	60.04937490249292
5.249622395833331	61.22301490249298
5.349622395833331	62.39665490249298
5.44962239583333	63.57029490249313
5.54962239583333	64.74393490249308
5.64962239583333	65.91757490249329
5.749622395833329	67.09121490249319
5.849622395833329	68.26485490249311
5.9496223958333285	69.43849490249315
6.049622395833328	70.6121349024931
6.149622395833328	71.78577490249315
6.2496223958333275	72.95941490249308
6.349622395833327	74.13305490249321
6.449622395833327	75.30669490249336
6.549622395833326	76.48033490249335
6.649622395833326	77.65397490249316
6.749622395833326	78.82761490249328
6.849622395833325	80.00125490249333
6.949622395833325	81.17489490249336
7.049622395833325	82.34853490249336
7.149622395833324	83.5221749024933
7.249622395833324	84.69581490249324
7.3496223958333236	85.86945490249332
7.449622395833323	87.04309490249318
7.549622395833323	88.21673490249316
7.6496223958333225	89.3903749024931
7.749622395833322	90.56401490249281
7.849622395833322	91.7376549024925
7.949622395833321	92.91129490249199
8.049622395833321	94.0849349024915
8.14962239583332	95.25857490249115
8.24962239583332	96.43221490249101
8.34962239583332	97.60585490249082
8.44962239583332	98.77949490249087
8.54962239583332	99.95313490249089
8.649622395833319	101.12677490249085
8.749622395833319	102.30041490249091
8.849622395833318	103.47405490249095
8.949622395833318	104.64769490249067
9.049622395833318	105.8213349024909
9.149622395833317	106.99497490249098
9.249622395833317	108.16861490249096
9.349622395833316	109.34225490249078
9.449622395833316	110.51589490249107
9.549622395833316	111.68953490249085
9.649622395833315	112.86317490249081
9.749622395833315	114.03681490249097
9.849622395833315	115.21045490249082
9.949622395833314	116.38409490249084
10.049622395833314	117.55773490249089
10.149622395833314	118.73137490249093
10.249622395833313	119.90501490249099
10.349622395833313	121.07865490249101
10.449622395833313	122.25229490249093
10.549622395833312	123.42593490249102
10.649622395833312	124.59957490249096
10.749622395833311	125.77321490249092
10.849622395833311	126.94685490249103
10.94962239583331	128.12049490249098
11.04962239583331	129.29413490249073
11.14962239583331	130.46777490249104
11.24962239583331	131.47287577853265
11.34962239583331	132.44967577853282
11.449622395833309	133.42647577853268
11.549622395833309	134.4032757785327
11.649622395833308	135.38007577853284
11.749622395833308	136.3568757785327
11.849622395833308	137.33367577853284
11.949622395833307	138.3104757785329
12.049622395833307	139.31676400769933
12.149622395833306	140.32316400769946
12.249622395833306	141.32956400769936
12.349622395833306	142.33596400769937
12.449622395833305	143.34236400769936
12.549622395833305	144.34876400769943
12.649622395833305	144.4532042160332
12.749622395833304	144.4532042160332
12.849622395833304	144.4532042160332
12.949622395833304	144.4532042160332
13.049622395833303	144.4532042160332
13.149622395833303	144.4532042160332
13.249622395833303	144.4532042160332
13.349622395833302	144.4532042160332
13.449622395833302	144.4532042160332
13.549622395833302	144.4532042160332
13.649622395833301	144.4532042160332
13.7496223958333	144.4532042160332
13.8496223958333	144.4532042160332
13.9496223958333	144.4532042160332
14.0496223958333	144.4532042160332
14.1496223958333	144.4532042160332
14.249622395833299	144.4532042160332
14.349622395833299	144.4532042160332
14.449622395833298	144.4532042160332
14.549622395833298	144.4532042160332
14.649622395833298	144.4532042160332
14.749622395833297	144.4532042160332
14.849622395833297	144.4532042160332
14.949622395833297	144.4532042160332
15.049622395833296	144.4532042160332
15.149622395833296	144.4532042160332
15.249622395833295	144.4532042160332
15.349622395833295	144.4532042160332
15.449622395833295	144.4532042160332
15.549622395833294	144.4532042160332
15.649622395833294	144.4532042160332
15.749622395833294	144.4532042160332
15.849622395833293	144.4532042160332
15.949622395833293	144.4532042160332
16.049622395833293	144.4532042160332
16.149622395833294	144.4532042160332
16.249622395833295	144.4532042160332
16.349622395833297	144.4532042160332
16.4496223958333	144.4532042160332
16.5496223958333	144.4532042160332
16.6496223958333	144.4532042160332
16.749622395833303	144.4532042160332
16.849622395833304	144.4532042160332
16.949622395833305	144.4532042160332
17.049622395833307	144.4532042160332
17.14962239583331	144.4532042160332
17.24962239583331	144.4532042160332
17.34962239583331	144.4532042160332
17.449622395833313	144.4532042160332
17.549622395833314	144.4532042160332
17.649622395833315	144.4532042160332
17.749622395833317	144.4532042160332
17.849622395833318	144.4532042160332
17.94962239583332	144.4532042160332
18.04962239583332	144.4532042160332
18.149622395833322	144.4532042160332
18.249622395833324	144.4532042160332
18.349622395833325	144.4532042160332
18.449622395833327	144.4532042160332
18.549622395833328	144.4532042160332
18.64962239583333	144.4532042160332
18.74962239583333	144.4532042160332
18.849622395833332	144.4532042160332
18.949622395833334	144.4532042160332
19.049622395833335	144.4532042160332
19.149622395833337	144.4532042160332
19.249622395833338	144.4532042160332
19.34962239583334	144.4532042160332
19.44962239583334	144.4532042160332
19.549622395833342	144.4532042160332
19.649622395833344	144.4532042160332
19.749622395833345	144.4532042160332
19.849622395833347	144.4532042160332
19.949622395833348	144.4532042160332
20.04962239583335	144.4532042160332
20.14962239583335	144.4532042160332
20.249622395833352	144.4532042160332
20.349622395833354	144.4532042160332
20.449622395833355	144.4532042160332
20.549622395833357	144.4532042160332
20.649622395833358	144.4532042160332
20.74962239583336	144.4532042160332
20.84962239583336	144.4532042160332
20.949622395833362	144.4532042160332
21.049622395833364	144.4532042160332
21.149622395833365	144.4532042160332
21.249622395833367	144.4532042160332
21.349622395833368	144.4532042160332
21.44962239583337	144.4532042160332
21.54962239583337	144.4532042160332
21.649622395833372	144.4532042160332
21.749622395833374	144.4532042160332
21.849622395833375	144.4532042160332
21.949622395833376	144.4532042160332
22.049622395833378	144.4532042160332
22.14962239583338	144.4532042160332
22.24962239583338	144.4532042160332
22.349622395833382	144.4532042160332
22.449622395833384	144.4532042160332
22.549622395833385	144.4532042160332
22.649622395833386	144.4532042160332
22.749622395833388	144.4532042160332
22.84962239583339	144.4532042160332
22.94962239583339	144.4532042160332
23.049622395833392	144.4532042160332
23.149622395833394	144.4532042160332
23.249622395833395	144.4532042160332
23.349622395833396	144.4532042160332
23.449622395833398	144.4532042160332
23.5496223958334	144.4532042160332
23.6496223958334	144.4532042160332
23.749622395833402	144.4532042160332
23.849622395833403	144.4532042160332
23.949622395833405	144.4532042160332
24.049622395833406	144.4813197002346
24.149622395833408	144.57973970023454
24.24962239583341	144.67815970023423
24.34962239583341	144.7765797002347
24.449622395833412	144.87499970023464
24.549622395833413	144.9734197002347
24.649622395833415	145.0718397002344
24.749622395833416	145.17025970023465
24.849622395833418	145.26867970023469
24.94962239583342	145.3670997002345
25.04962239583342	145.46551970023458
25.149622395833422	145.56393970023464
25.23	145.6430473382551
1000025.23	145.6430473382551
