-100000	0
0	0
0.0033333333333333335	0.03293714996342137
0.008333333333333333	0.08300875995648653
0.01583333333333333	0.15894150306536212
0.02708333333333333	0.2741521948693079
0.043958333333333335	0.44912991370036187
0.06927083333333334	0.7152373446045542
0.10723958333333333	1.1204546736724943
0.16419270833333333	1.738781492855021
0.24962239583333334	2.6832467912131346
0.3496223958333333	3.8075031891183144
0.4496223958333333	4.946431461020157
0.5496223958333333	6.096219439137239
0.6496223958333333	7.2541218820782225
0.7496223958333332	8.418029924153322
0.8496223958333332	9.586243658248614
0.9496223958333332	10.757369854716067
1.0496223958333333	11.930214289555915
1.1496223958333334	13.103764511131041
1.2496223958333335	14.277404511131019
1.3496223958333335	15.451044511131018
1.4496223958333336	16.624684511131065
1.5496223958333337	17.798324511131096
1.6496223958333338	18.971964511131105
1.749622395833334	20.14560451113111
1.849622395833334	21.31924451113113
1.949622395833334	22.49288451113111
2.049622395833334	23.666524511131176
2.149622395833334	24.84016451113118
2.249622395833334	26.013804511131195
2.349622395833334	27.187444511131215
2.4496223958333343	28.36108451113123
2.5496223958333344	29.534724511131206
2.6496223958333345	30.708364511131247
2.7496223958333346	31.88200451113131
2.8496223958333347	33.05564451113126
2.9496223958333347	34.22928451113131
3.049622395833335	35.40292451113133
3.149622395833335	36.576564511131316
3.249622395833335	37.750204511131344
3.349622395833335	38.92384451113138
3.449622395833335	40.097484511131405
3.5496223958333353	41.27112451113138
3.6496223958333354	42.444764511131396
3.7496223958333355	43.61840451113151
3.8496223958333355	44.79204451113142
3.9496223958333356	45.965684511131464
4.049622395833335	47.13932451113136
4.149622395833335	48.312964511131526
4.249622395833335	49.48660451113149
4.349622395833334	50.66024451113149
4.449622395833334	51.83388451113152
4.5496223958333335	53.007524511131514
4.649622395833333	54.181164511131435
4.749622395833333	55.354804511131555
4.849622395833332	56.528444511131546
4.949622395833332	57.70208451113146
5.049622395833332	58.87572451113161
5.149622395833331	60.04936451113165
5.249622395833331	61.223004511131656
5.349622395833331	62.3966445111316
5.44962239583333	63.57028451113162
5.54962239583333	64.74392451113155
5.64962239583333	65.9175645111317
5.749622395833329	67.09120451113161
5.849622395833329	68.26484451113157
5.9496223958333285	69.4384845111316
6.049622395833328	70.61212451113171
6.149622395833328	71.78576451113179
6.2496223958333275	72.95940451113172
6.349622395833327	74.13304451113171
6.449622395833327	75.30668451113165
6.549622395833326	76.48032451113166
6.649622395833326	77.65396451113173
6.749622395833326	78.82760451113168
6.849622395833325	80.0012445111316
6.949622395833325	81.17488451113174
7.049622395833325	82.3485245111318
7.149622395833324	83.52216451113165
7.249622395833324	84.69580451113173
7.3496223958333236	85.8694445111318
7.449622395833323	87.04308451113178
7.549622395833323	88.21672451113183
7.6496223958333225	89.39036451113175
7.749622395833322	90.56400451113147
7.849622395833322	91.73764451113121
7.949622395833321	92.91128451113073
8.049622395833321	94.08492451113032
8.14962239583332	95.25856451113006
8.24962239583332	96.43220451112971
8.34962239583332	97.6058445111296
8.44962239583332	98.77948451112945
8.54962239583332	99.95312451112952
8.649622395833319	101.12676451112952
8.749622395833319	102.30040451112977
8.849622395833318	103.47404451112959
8.949622395833318	104.64768451112954
9.049622395833318	105.82132451112948
9.149622395833317	106.99496451112957
9.249622395833317	108.16860451112967
9.349622395833316	109.34224451112965
9.449622395833316	110.5158845111296
9.549622395833316	111.68952451112958
9.649622395833315	112.86316451112968
9.749622395833315	114.03680451112963
9.849622395833315	115.21044451112954
9.949622395833314	116.38408451112959
10.049622395833314	117.55772451112976
10.149622395833314	118.73136451112966
10.249622395833313	119.9050045111298
10.349622395833313	121.07864451112957
10.449622395833313	122.25228451112974
10.549622395833312	123.42592451112982
10.649622395833312	124.59956451112991
10.749622395833311	125.77320451112966
10.849622395833311	126.94684451112968
10.94962239583331	128.12048451112972
11.04962239583331	129.29412451112964
11.14962239583331	130.46776451112996
11.24962239583331	131.4728653871716
11.34962239583331	132.44966538717128
11.449622395833309	133.4264653871715
11.549622395833309	134.4032653871716
11.649622395833308	135.3800653871715
11.749622395833308	136.35686538717164
11.849622395833308	137.33366538717152
11.949622395833307	138.31046538717175
12.049622395833307	139.31675361633845
12.149622395833306	140.32315361633835
12.249622395833306	141.32955361633813
12.349622395833306	142.3359536163382
12.449622395833305	143.3423536163383
12.549622395833305	144.34875361633837
12.649622395833305	144.4531938246718
12.749622395833304	144.4531938246718
12.849622395833304	144.4531938246718
12.949622395833304	144.4531938246718
13.049622395833303	144.4531938246718
13.149622395833303	144.4531938246718
13.249622395833303	144.4531938246718
13.349622395833302	144.4531938246718
13.449622395833302	144.4531938246718
13.549622395833302	144.4531938246718
13.649622395833301	144.4531938246718
13.7496223958333	144.4531938246718
13.8496223958333	144.4531938246718
13.9496223958333	144.4531938246718
14.0496223958333	144.4531938246718
14.1496223958333	144.4531938246718
14.249622395833299	144.4531938246718
14.349622395833299	144.4531938246718
14.449622395833298	144.4531938246718
14.549622395833298	144.4531938246718
14.649622395833298	144.4531938246718
14.749622395833297	144.4531938246718
14.849622395833297	144.4531938246718
14.949622395833297	144.4531938246718
15.049622395833296	144.4531938246718
15.149622395833296	144.4531938246718
15.249622395833295	144.4531938246718
15.349622395833295	144.4531938246718
15.449622395833295	144.4531938246718
15.549622395833294	144.4531938246718
15.649622395833294	144.4531938246718
15.749622395833294	144.4531938246718
15.849622395833293	144.4531938246718
15.949622395833293	144.4531938246718
16.049622395833293	144.4531938246718
16.149622395833294	144.4531938246718
16.249622395833295	144.4531938246718
16.349622395833297	144.4531938246718
16.4496223958333	144.4531938246718
16.5496223958333	144.4531938246718
16.6496223958333	144.4531938246718
16.749622395833303	144.4531938246718
16.849622395833304	144.4531938246718
16.949622395833305	144.4531938246718
17.049622395833307	144.4531938246718
17.14962239583331	144.4531938246718
17.24962239583331	144.4531938246718
17.34962239583331	144.4531938246718
17.449622395833313	144.4531938246718
17.549622395833314	144.4531938246718
17.649622395833315	144.4531938246718
17.749622395833317	144.4531938246718
17.849622395833318	144.4531938246718
17.94962239583332	144.4531938246718
18.04962239583332	144.4531938246718
18.149622395833322	144.4531938246718
18.249622395833324	144.4531938246718
18.349622395833325	144.4531938246718
18.449622395833327	144.4531938246718
18.549622395833328	144.4531938246718
18.64962239583333	144.4531938246718
18.74962239583333	144.4531938246718
18.849622395833332	144.4531938246718
18.949622395833334	144.4531938246718
19.049622395833335	144.4531938246718
19.149622395833337	144.4531938246718
19.249622395833338	144.4531938246718
19.34962239583334	144.4531938246718
19.44962239583334	144.4531938246718
19.549622395833342	144.4531938246718
19.649622395833344	144.4531938246718
19.749622395833345	144.4531938246718
19.849622395833347	144.4531938246718
19.949622395833348	144.4531938246718
20.04962239583335	144.4531938246718
20.14962239583335	144.4531938246718
20.249622395833352	144.4531938246718
20.349622395833354	144.4531938246718
20.449622395833355	144.4531938246718
20.549622395833357	144.4531938246718
20.649622395833358	144.4531938246718
20.74962239583336	144.4531938246718
20.84962239583336	144.4531938246718
20.949622395833362	144.4531938246718
21.049622395833364	144.4531938246718
21.149622395833365	144.4531938246718
21.249622395833367	144.4531938246718
21.349622395833368	144.4531938246718
21.44962239583337	144.4531938246718
21.54962239583337	144.4531938246718
21.649622395833372	144.4531938246718
21.749622395833374	144.4531938246718
21.849622395833375	144.4531938246718
21.949622395833376	144.4531938246718
22.049622395833378	144.4531938246718
22.14962239583338	144.4531938246718
22.24962239583338	144.4531938246718
22.349622395833382	144.4531938246718
22.449622395833384	144.4531938246718
22.549622395833385	144.4531938246718
22.649622395833386	144.4531938246718
22.749622395833388	144.4531938246718
22.84962239583339	144.4531938246718
22.94962239583339	144.4531938246718
23.049622395833392	144.4531938246718
23.149622395833394	144.4531938246718
23.249622395833395	144.4531938246718
23.349622395833396	144.4531938246718
23.449622395833398	144.4531938246718
23.5496223958334	144.4531938246718
23.6496223958334	144.4531938246718
23.749622395833402	144.4531938246718
23.849622395833403	144.4531938246718
23.949622395833405	144.4531938246718
24.049622395833406	144.50757153863034
24.149622395833408	144.60599153863046
24.24962239583341	144.70441153863032
24.34962239583341	144.80283153863004
24.449622395833412	144.90125153863033
24.549622395833413	144.9996715386307
24.649622395833415	145.09809153863037
24.749622395833416	145.19651153863015
24.849622395833418	145.29493153863038
24.94962239583342	145.3933515386308
25.04962239583342	145.4917715386307
25.149622395833422	145.59019153863005
25.23	145.66929917665118
1000025.23	145.66929917665118
