-100000	0
0	0
0.0033333333333333335	0.03293704743598895
0.008333333333333333	0.08300850510223383
0.01583333333333333	0.15894102260846282
0.02708333333333333	0.27415138361333563
0.043958333333333335	0.4491286239802422
0.06927083333333334	0.7152353736444589
0.10723958333333333	1.1204517453368283
0.16419270833333333	1.7387772988611383
0.24962239583333334	2.6832410098197483
0.3496223958333333	3.8074959497848124
0.4496223958333333	4.946423123547061
0.5496223958333333	6.096210302906485
0.6496223958333333	7.254112194336445
0.7496223958333332	8.418019879419177
0.8496223958333332	9.586233400108156
0.9496223958333332	10.75735949275689
1.0496223958333333	11.930203889597637
1.1496223958333334	13.103754106311282
1.2496223958333335	14.277394106311341
1.3496223958333335	15.451034106311333
1.4496223958333336	16.624674106311367
1.5496223958333337	17.79831410631135
1.6496223958333338	18.97195410631136
1.749622395833334	20.145594106311396
1.849622395833334	21.31923410631138
1.949622395833334	22.492874106311387
2.049622395833334	23.666514106311386
2.149622395833334	24.840154106311463
2.249622395833334	26.013794106311487
2.349622395833334	27.187434106311493
2.4496223958333343	28.361074106311538
2.5496223958333344	29.534714106311483
2.6496223958333345	30.708354106311507
2.7496223958333346	31.88199410631157
2.8496223958333347	33.05563410631155
2.9496223958333347	34.22927410631159
3.049622395833335	35.40291410631157
3.149622395833335	36.57655410631161
3.249622395833335	37.75019410631157
3.349622395833335	38.92383410631164
3.449622395833335	40.09747410631164
3.5496223958333353	41.271114106311664
3.6496223958333354	42.444754106311706
3.7496223958333355	43.61839410631169
3.8496223958333355	44.792034106311625
3.9496223958333356	45.96567410631168
4.049622395833335	47.139314106311694
4.149622395833335	48.31295410631177
4.249622395833335	49.486594106311784
4.349622395833334	50.66023410631175
4.449622395833334	51.83387410631175
4.5496223958333335	53.0075141063118
4.649622395833333	54.18115410631171
4.749622395833333	55.35479410631181
4.849622395833332	56.52843410631185
4.949622395833332	57.70207410631183
5.049622395833332	58.87571410631183
5.149622395833331	60.04935410631189
5.249622395833331	61.222994106311795
5.349622395833331	62.396634106311836
5.44962239583333	63.57027410631186
5.54962239583333	64.74391410631193
5.64962239583333	65.91755410631198
5.749622395833329	67.09119410631192
5.849622395833329	68.2648341063118
5.9496223958333285	69.43847410631197
6.049622395833328	70.61211410631203
6.149622395833328	71.7857541063119
6.2496223958333275	72.95939410631195
6.349622395833327	74.13303410631194
6.449622395833327	75.306674106312
6.549622395833326	76.48031410631194
6.649622395833326	77.6539541063121
6.749622395833326	78.82759410631206
6.849622395833325	80.00123410631194
6.949622395833325	81.17487410631196
7.049622395833325	82.34851410631201
7.149622395833324	83.52215410631212
7.249622395833324	84.6957941063122
7.3496223958333236	85.86943410631204
7.449622395833323	87.04307410631206
7.549622395833323	88.21671410631195
7.6496223958333225	89.39035410631202
7.749622395833322	90.56399410631198
7.849622395833322	91.73763410631167
7.949622395833321	92.91127410631125
8.049622395833321	94.08491410631083
8.14962239583332	95.25855410631061
8.24962239583332	96.4321941063102
8.34962239583332	97.60583410631017
8.44962239583332	98.77947410630993
8.54962239583332	99.95311410631005
8.649622395833319	101.12675410630999
8.749622395833319	102.30039410630984
8.849622395833318	103.47403410630974
8.949622395833318	104.64767410630994
9.049622395833318	105.82131410630987
9.149622395833317	106.99495410630983
9.249622395833317	108.16859410630998
9.349622395833316	109.34223410630996
9.449622395833316	110.5158741063101
9.549622395833316	111.68951410631016
9.649622395833315	112.8631541063099
9.749622395833315	114.03679410631018
9.849622395833315	115.2104341063102
9.949622395833314	116.38407410631002
10.049622395833314	117.55771410631012
10.149622395833314	118.73135410631005
10.249622395833313	119.90499410631007
10.349622395833313	121.07863410631005
10.449622395833313	122.25227410631003
10.549622395833312	123.42591410631019
10.649622395833312	124.5995541063101
10.749622395833311	125.77319410631011
10.849622395833311	126.94683410631006
10.94962239583331	128.12047410631024
11.04962239583331	129.29411410631008
11.14962239583331	130.46775410631017
11.24962239583331	131.47285498235195
11.34962239583331	132.44965498235197
11.449622395833309	133.42645498235188
11.549622395833309	134.40325498235194
11.649622395833308	135.380054982352
11.749622395833308	136.3568549823518
11.849622395833308	137.33365498235204
11.949622395833307	138.3104549823518
12.049622395833307	139.31674321151849
12.149622395833306	140.3231432115187
12.249622395833306	141.32954321151865
12.349622395833306	142.33594321151853
12.449622395833305	143.3423432115186
12.549622395833305	144.34874321151867
12.649622395833305	144.4531834198522
12.749622395833304	144.4531834198522
12.849622395833304	144.4531834198522
12.949622395833304	144.4531834198522
13.049622395833303	144.4531834198522
13.149622395833303	144.4531834198522
13.249622395833303	144.4531834198522
13.349622395833302	144.4531834198522
13.449622395833302	144.4531834198522
13.549622395833302	144.4531834198522
13.649622395833301	144.4531834198522
13.7496223958333	144.4531834198522
13.8496223958333	144.4531834198522
13.9496223958333	144.4531834198522
14.0496223958333	144.4531834198522
14.1496223958333	144.4531834198522
14.249622395833299	144.4531834198522
14.349622395833299	144.4531834198522
14.449622395833298	144.4531834198522
14.549622395833298	144.4531834198522
14.649622395833298	144.4531834198522
14.749622395833297	144.4531834198522
14.849622395833297	144.4531834198522
14.949622395833297	144.4531834198522
15.049622395833296	144.4531834198522
15.149622395833296	144.4531834198522
15.249622395833295	144.4531834198522
15.349622395833295	144.4531834198522
15.449622395833295	144.4531834198522
15.549622395833294	144.4531834198522
15.649622395833294	144.4531834198522
15.749622395833294	144.4531834198522
15.849622395833293	144.4531834198522
15.949622395833293	144.4531834198522
16.049622395833293	144.4531834198522
16.149622395833294	144.4531834198522
16.249622395833295	144.4531834198522
16.349622395833297	144.4531834198522
16.4496223958333	144.4531834198522
16.5496223958333	144.4531834198522
16.6496223958333	144.4531834198522
16.749622395833303	144.4531834198522
16.849622395833304	144.4531834198522
16.949622395833305	144.4531834198522
17.049622395833307	144.4531834198522
17.14962239583331	144.4531834198522
17.24962239583331	144.4531834198522
17.34962239583331	144.4531834198522
17.449622395833313	144.4531834198522
17.549622395833314	144.4531834198522
17.649622395833315	144.4531834198522
17.749622395833317	144.4531834198522
17.849622395833318	144.4531834198522
17.94962239583332	144.4531834198522
18.04962239583332	144.4531834198522
18.149622395833322	144.4531834198522
18.249622395833324	144.4531834198522
18.349622395833325	144.4531834198522
18.449622395833327	144.4531834198522
18.549622395833328	144.4531834198522
18.64962239583333	144.4531834198522
18.74962239583333	144.4531834198522
18.849622395833332	144.4531834198522
18.949622395833334	144.4531834198522
19.049622395833335	144.4531834198522
19.149622395833337	144.4531834198522
19.249622395833338	144.4531834198522
19.34962239583334	144.4531834198522
19.44962239583334	144.4531834198522
19.549622395833342	144.4531834198522
19.649622395833344	144.4531834198522
19.749622395833345	144.4531834198522
19.849622395833347	144.4531834198522
19.949622395833348	144.4531834198522
20.04962239583335	144.4531834198522
20.14962239583335	144.4531834198522
20.249622395833352	144.4531834198522
20.349622395833354	144.4531834198522
20.449622395833355	144.4531834198522
20.549622395833357	144.4531834198522
20.649622395833358	144.4531834198522
20.74962239583336	144.4531834198522
20.84962239583336	144.4531834198522
20.949622395833362	144.4531834198522
21.049622395833364	144.4531834198522
21.149622395833365	144.4531834198522
21.249622395833367	144.4531834198522
21.349622395833368	144.4531834198522
21.44962239583337	144.4531834198522
21.54962239583337	144.4531834198522
21.649622395833372	144.4531834198522
21.749622395833374	144.4531834198522
21.849622395833375	144.4531834198522
21.949622395833376	144.4531834198522
22.049622395833378	144.4531834198522
22.14962239583338	144.4531834198522
22.24962239583338	144.4531834198522
22.349622395833382	144.4531834198522
22.449622395833384	144.4531834198522
22.549622395833385	144.4531834198522
22.649622395833386	144.4531834198522
22.749622395833388	144.4531834198522
22.84962239583339	144.4531834198522
22.94962239583339	144.4531834198522
23.049622395833392	144.4531834198522
23.149622395833394	144.4531834198522
23.249622395833395	144.4531834198522
23.349622395833396	144.4531834198522
23.449622395833398	144.4531834198522
23.5496223958334	144.4531834198522
23.6496223958334	144.4531834198522
23.749622395833402	144.4531834198522
23.849622395833403	144.4531834198522
23.949622395833405	144.4531834198522
24.049622395833406	144.53334423554742
24.149622395833408	144.63176423554714
24.24962239583341	144.7301842355469
24.34962239583341	144.8286042355474
24.449622395833412	144.9270242355473
24.549622395833413	145.02544423554727
24.649622395833415	145.1238642355474
24.749622395833416	145.2222842355473
24.849622395833418	145.32070423554714
24.94962239583342	145.41912423554746
25.04962239583342	145.5175442355474
25.149622395833422	145.6159642355477
25.23	145.69507187356794
1000025.23	145.69507187356794
