-100000	0
0.6619185952683786	0
0.6652519286017119	0.0000003649578467833396
0.6702519286017119	0.000003410387363197505
0.6777519286017119	0.000019336732741304955
0.6890019286017118	0.00008760672120211886
0.7058769286017118	0.0003359717369278247
0.7311894286017118	0.00116203519981938
0.7691581786017118	0.0037195943211774623
0.8261113036017118	0.011226642100672861
0.9115409911017118	0.032333944410845486
1.011540991101712	0.07351060781551229
1.111540991101712	0.12910203080655416
1.211540991101712	0.19428184330943135
1.3115409911017122	0.2661302447523331
1.4115409911017123	0.34269198677036816
1.5115409911017124	0.4225318819396349
1.6115409911017125	0.5045174143079801
1.7115409911017125	0.5877008278822107
1.8115409911017126	0.6712716630896919
1.9115409911017127	0.7545371538623459
2.011540991101713	0.8368887916850948
2.111540991101713	0.9178339751501545
2.211540991101713	0.996929419590864
2.311540991101713	1.073732976521825
2.411540991101713	1.1478010586548275
2.5115409911017132	1.2188518369093018
2.6115409911017133	1.2865467449987107
2.7115409911017134	1.350499344910029
2.8115409911017135	1.4104410595288137
2.9115409911017136	1.4662250625265578
3.0115409911017137	1.5178229978648283
3.111540991101714	1.5652102993224986
3.211540991101714	1.6083467441585029
3.311540991101714	1.647270883227531
3.411540991101714	1.6820448183482528
3.511540991101714	1.7127195855436301
3.6115409911017142	1.7394482023286373
3.7115409911017143	1.7625376618528117
3.8115409911017144	1.7823794488573401
3.9115409911017145	1.7995996368355724
4.011540991101715	1.8148603318746055
4.111540991101714	1.8288178959188135
4.211540991101714	1.8421365341336082
4.3115409911017135	1.8554975683496864
4.411540991101713	1.8696365865893416
4.511540991101713	1.8854726720787947
4.6115409911017125	1.9041798538800982
4.711540991101712	1.9274714700428728
4.811540991101712	1.95740025800771
4.911540991101711	1.9962366494348955
5.011540991101711	2.046836451912642
5.111540991101711	2.1127971242407453
5.21154099110171	2.198346006014958
5.31154099110171	2.3084693130411145
5.41154099110171	2.44950039734385
5.511540991101709	2.6301826355682634
5.611540991101709	2.848092090867622
5.7115409911017085	3.1018326560075895
5.811540991101708	3.389156633739911
5.911540991101708	3.7083572758760384
6.0115409911017075	4.0575512316390645
6.111540991101707	4.434973619966009
6.211540991101707	4.839037589725338
6.311540991101706	5.26833931416538
6.411540991101706	5.721559208055121
6.511540991101706	6.197198096273325
6.611540991101705	6.694178156415691
6.711540991101705	7.21154504752882
6.811540991101705	7.7481028430858085
6.911540991101704	8.30295003862818
7.011540991101704	8.875216378188693
7.111540991101704	9.464117708302798
7.211540991101703	10.069064211640164
7.311540991101703	10.689221032888174
7.4115409911017025	11.32402098784252
7.511540991101702	11.972626121165728
7.611540991101702	12.634495163833353
7.711540991101701	13.309070715915961
7.811540991101701	13.995896578951015
7.911540991101701	14.694445671322072
8.0115409911017	15.404174491514643
8.1115409911017	16.12468706655149
8.2115409911017	16.855589828697426
8.3115409911017	17.596446628377134
8.411540991101699	18.346844187343287
8.511540991101699	19.106371371109624
8.611540991101698	19.874702542022373
8.711540991101698	20.651518206408646
8.811540991101698	21.436466431755953
8.911540991101697	22.229181368477033
9.011540991101697	23.029398435958473
9.111540991101696	23.83671208335044
9.211540991101696	24.651044665450673
9.311540991101696	25.471975661668125
9.411540991101695	26.299341860356837
9.511540991101695	27.132919013625994
9.611540991101695	27.97235658605281
9.711540991101694	28.817696041439515
9.811540991101694	29.668518535036934
9.911540991101694	30.5246179267744
10.011540991101693	31.38572208963206
10.111540991101693	32.25161986811426
10.211540991101693	33.12207341374729
10.311540991101692	33.996835118526924
10.411540991101692	34.87570212228254
10.511540991101691	35.75842863536496
10.611540991101691	36.644780667291656
10.71154099110169	37.534555072455554
10.81154099110169	38.4275045975896
10.91154099110169	39.32342505883039
11.01154099110169	40.2221025945779
11.11154099110169	41.12330467011379
11.211540991101689	42.02684697080057
11.311540991101689	42.93250600532608
11.411540991101688	43.84007478200833
11.511540991101688	44.749368148203985
11.611540991101688	45.660162949628265
11.711540991101687	46.57227908587203
11.811540991101687	47.48551991951049
11.911540991101687	48.39969971312529
12.011540991101686	49.314611549668726
12.111540991101686	50.23006442276916
12.211540991101685	51.14587141008467
12.311540991101685	52.061844120337355
12.411540991101685	52.97779409398847
12.511540991101684	53.893535004577956
12.611540991101684	54.808882523079205
12.689967465412632	55.44767601332313
1000012.6899674655	55.44767601332313
