-100000	0
0	0
0.0033333333333333335	0.032936944905247595
0.008333333333333333	0.08300825021473772
0.01583333333333333	0.15894054204443944
0.02708333333333333	0.2741505721190136
0.043958333333333335	0.4491273338155433
0.06927083333333334	0.7152334019244236
0.10723958333333333	1.1204488151972456
0.16419270833333333	1.738773102343623
0.24962239583333334	2.683235224456328
0.3496223958333333	3.8074887046534913
0.4496223958333333	4.9464147789093245
0.5496223958333333	6.0962011580783155
0.6496223958333333	7.254102496582053
0.7496223958333332	8.418009823367864
0.8496223958333332	9.586223129553645
0.9496223958333332	10.757349117955377
1.0496223958333333	11.930193476254953
1.1496223958333334	13.103743688033562
1.2496223958333335	14.27738368803361
1.3496223958333335	15.451023688033619
1.4496223958333336	16.624663688033618
1.5496223958333337	17.798303688033663
1.6496223958333338	18.971943688033697
1.749622395833334	20.145583688033685
1.849622395833334	21.3192236880337
1.949622395833334	22.492863688033758
2.049622395833334	23.66650368803376
2.149622395833334	24.84014368803375
2.249622395833334	26.013783688033783
2.349622395833334	27.187423688033782
2.4496223958333343	28.361063688033802
2.5496223958333344	29.534703688033794
2.6496223958333345	30.708343688033874
2.7496223958333346	31.88198368803387
2.8496223958333347	33.05562368803389
2.9496223958333347	34.2292636880339
3.049622395833335	35.40290368803391
3.149622395833335	36.576543688033944
3.249622395833335	37.750183688033935
3.349622395833335	38.92382368803397
3.449622395833335	40.09746368803402
3.5496223958333353	41.271103688033904
3.6496223958333354	42.44474368803395
3.7496223958333355	43.61838368803401
3.8496223958333355	44.792023688034064
3.9496223958333356	45.96566368803403
4.049622395833335	47.13930368803407
4.149622395833335	48.312943688034096
4.249622395833335	49.48658368803413
4.349622395833334	50.66022368803401
4.449622395833334	51.8338636880341
4.5496223958333335	53.007503688034085
4.649622395833333	54.18114368803409
4.749622395833333	55.35478368803404
4.849622395833332	56.52842368803412
4.949622395833332	57.70206368803416
5.049622395833332	58.875703688034086
5.149622395833331	60.04934368803412
5.249622395833331	61.222983688034034
5.349622395833331	62.396623688034175
5.44962239583333	63.57026368803414
5.54962239583333	64.74390368803411
5.64962239583333	65.91754368803427
5.749622395833329	67.09118368803415
5.849622395833329	68.26482368803417
5.9496223958333285	69.43846368803419
6.049622395833328	70.6121036880341
6.149622395833328	71.78574368803422
6.2496223958333275	72.95938368803426
6.349622395833327	74.1330236880343
6.449622395833327	75.30666368803428
6.549622395833326	76.48030368803433
6.649622395833326	77.65394368803425
6.749622395833326	78.82758368803425
6.849622395833325	80.00122368803443
6.949622395833325	81.17486368803439
7.049622395833325	82.3485036880345
7.149622395833324	83.52214368803438
7.249622395833324	84.69578368803435
7.3496223958333236	85.86942368803436
7.449622395833323	87.04306368803444
7.549622395833323	88.21670368803446
7.6496223958333225	89.39034368803448
7.749622395833322	90.56398368803438
7.849622395833322	91.73762368803426
7.949622395833321	92.91126368803386
8.049622395833321	94.08490368803338
8.14962239583332	95.258543688033
8.24962239583332	96.43218368803277
8.34962239583332	97.6058236880325
8.44962239583332	98.77946368803234
8.54962239583332	99.95310368803224
8.649622395833319	101.12674368803219
8.749622395833319	102.30038368803227
8.849622395833318	103.47402368803237
8.949622395833318	104.64766368803238
9.049622395833318	105.82130368803233
9.149622395833317	106.99494368803225
9.249622395833317	108.16858368803234
9.349622395833316	109.34222368803243
9.449622395833316	110.51586368803247
9.549622395833316	111.68950368803233
9.649622395833315	112.86314368803238
9.749622395833315	114.03678368803256
9.849622395833315	115.21042368803239
9.949622395833314	116.38406368803263
10.049622395833314	117.55770368803255
10.149622395833314	118.73134368803242
10.249622395833313	119.90498368803236
10.349622395833313	121.07862368803256
10.449622395833313	122.25226368803253
10.549622395833312	123.42590368803243
10.649622395833312	124.5995436880326
10.749622395833311	125.77318368803232
10.849622395833311	126.9468236880327
10.94962239583331	128.12046368803243
11.04962239583331	129.29410368803264
11.14962239583331	130.46774368803236
11.24962239583331	131.4728445640743
11.34962239583331	132.44964456407428
11.449622395833309	133.42644456407422
11.549622395833309	134.4032445640744
11.649622395833308	135.38004456407427
11.749622395833308	136.3568445640742
11.849622395833308	137.33364456407404
11.949622395833307	138.31044456407437
12.049622395833307	139.31673279324085
12.149622395833306	140.32313279324106
12.249622395833306	141.329532793241
12.349622395833306	142.33593279324097
12.449622395833305	143.3423327932412
12.549622395833305	144.34873279324097
12.649622395833305	144.45317300157467
12.749622395833304	144.45317300157467
12.849622395833304	144.45317300157467
12.949622395833304	144.45317300157467
13.049622395833303	144.45317300157467
13.149622395833303	144.45317300157467
13.249622395833303	144.45317300157467
13.349622395833302	144.45317300157467
13.449622395833302	144.45317300157467
13.549622395833302	144.45317300157467
13.649622395833301	144.45317300157467
13.7496223958333	144.45317300157467
13.8496223958333	144.45317300157467
13.9496223958333	144.45317300157467
14.0496223958333	144.45317300157467
14.1496223958333	144.45317300157467
14.249622395833299	144.45317300157467
14.349622395833299	144.45317300157467
14.449622395833298	144.45317300157467
14.549622395833298	144.45317300157467
14.649622395833298	144.45317300157467
14.749622395833297	144.45317300157467
14.849622395833297	144.45317300157467
14.949622395833297	144.45317300157467
15.049622395833296	144.45317300157467
15.149622395833296	144.45317300157467
15.249622395833295	144.45317300157467
15.349622395833295	144.45317300157467
15.449622395833295	144.45317300157467
15.549622395833294	144.45317300157467
15.649622395833294	144.45317300157467
15.749622395833294	144.45317300157467
15.849622395833293	144.45317300157467
15.949622395833293	144.45317300157467
16.049622395833293	144.45317300157467
16.149622395833294	144.45317300157467
16.249622395833295	144.45317300157467
16.349622395833297	144.45317300157467
16.4496223958333	144.45317300157467
16.5496223958333	144.45317300157467
16.6496223958333	144.45317300157467
16.749622395833303	144.45317300157467
16.849622395833304	144.45317300157467
16.949622395833305	144.45317300157467
17.049622395833307	144.45317300157467
17.14962239583331	144.45317300157467
17.24962239583331	144.45317300157467
17.34962239583331	144.45317300157467
17.449622395833313	144.45317300157467
17.549622395833314	144.45317300157467
17.649622395833315	144.45317300157467
17.749622395833317	144.45317300157467
17.849622395833318	144.45317300157467
17.94962239583332	144.45317300157467
18.04962239583332	144.45317300157467
18.149622395833322	144.45317300157467
18.249622395833324	144.45317300157467
18.349622395833325	144.45317300157467
18.449622395833327	144.45317300157467
18.549622395833328	144.45317300157467
18.64962239583333	144.45317300157467
18.74962239583333	144.45317300157467
18.849622395833332	144.45317300157467
18.949622395833334	144.45317300157467
19.049622395833335	144.45317300157467
19.149622395833337	144.45317300157467
19.249622395833338	144.45317300157467
19.34962239583334	144.45317300157467
19.44962239583334	144.45317300157467
19.549622395833342	144.45317300157467
19.649622395833344	144.45317300157467
19.749622395833345	144.45317300157467
19.849622395833347	144.45317300157467
19.949622395833348	144.45317300157467
20.04962239583335	144.45317300157467
20.14962239583335	144.45317300157467
20.249622395833352	144.45317300157467
20.349622395833354	144.45317300157467
20.449622395833355	144.45317300157467
20.549622395833357	144.45317300157467
20.649622395833358	144.45317300157467
20.74962239583336	144.45317300157467
20.84962239583336	144.45317300157467
20.949622395833362	144.45317300157467
21.049622395833364	144.45317300157467
21.149622395833365	144.45317300157467
21.249622395833367	144.45317300157467
21.349622395833368	144.45317300157467
21.44962239583337	144.45317300157467
21.54962239583337	144.45317300157467
21.649622395833372	144.45317300157467
21.749622395833374	144.45317300157467
21.849622395833375	144.45317300157467
21.949622395833376	144.45317300157467
22.049622395833378	144.45317300157467
22.14962239583338	144.45317300157467
22.24962239583338	144.45317300157467
22.349622395833382	144.45317300157467
22.449622395833384	144.45317300157467
22.549622395833385	144.45317300157467
22.649622395833386	144.45317300157467
22.749622395833388	144.45317300157467
22.84962239583339	144.45317300157467
22.94962239583339	144.45317300157467
23.049622395833392	144.45317300157467
23.149622395833394	144.45317300157467
23.249622395833395	144.45317300157467
23.349622395833396	144.45317300157467
23.449622395833398	144.45317300157467
23.5496223958334	144.45317300157467
23.6496223958334	144.45317300157467
23.749622395833402	144.45317300157467
23.849622395833403	144.45317300157467
23.949622395833405	144.46112896559677
24.049622395833406	144.5589745320465
24.149622395833408	144.65739177815604
24.24962239583341	144.75581177815616
24.34962239583341	144.8542317781563
24.449622395833412	144.95265177815594
24.549622395833413	145.05107177815643
24.649622395833415	145.14949177815632
24.749622395833416	145.24791177815618
24.849622395833418	145.3463317781564
24.94962239583342	145.44475177815627
25.04962239583342	145.543171778156
25.149622395833422	145.64159177815594
25.23	145.72069941617715
1000025.23	145.72069941617715
