-100000	0
0	0
0.0033333333333333335	0.0329368423711975
0.008333333333333333	0.08300799529399794
0.01583333333333333	0.15894006137329125
0.02708333333333333	0.274149760386342
0.043958333333333335	0.4491260432062664
0.06927083333333334	0.7152314294444471
0.10723958333333333	1.120445883253762
0.16419270833333333	1.7387689033024654
0.24962239583333334	2.6832294351228643
0.3496223958333333	3.8074814537243546
0.4496223958333333	4.946406427106956
0.5496223958333333	6.096192004652754
0.6496223958333333	7.25409278881492
0.7496223958333332	8.4179997559993
0.8496223958333332	9.586212846584978
0.9496223958333332	10.757338730311513
1.0496223958333333	11.93018304952792
1.1496223958333334	13.103733256297769
1.2496223958333335	14.277373256297807
1.3496223958333335	15.451013256297848
1.4496223958333336	16.624653256297858
1.5496223958333337	17.798293256297857
1.6496223958333338	18.971933256297877
1.749622395833334	20.145573256297904
1.849622395833334	21.31921325629794
1.949622395833334	22.49285325629794
2.049622395833334	23.666493256297965
2.149622395833334	24.840133256297975
2.249622395833334	26.013773256298002
2.349622395833334	27.18741325629799
2.4496223958333343	28.361053256297996
2.5496223958333344	29.534693256298
2.6496223958333345	30.708333256298022
2.7496223958333346	31.881973256298018
2.8496223958333347	33.0556132562981
2.9496223958333347	34.2292532562981
3.049622395833335	35.402893256298114
3.149622395833335	36.57653325629815
3.249622395833335	37.75017325629814
3.349622395833335	38.92381325629809
3.449622395833335	40.09745325629813
3.5496223958333353	41.27109325629825
3.6496223958333354	42.444733256298115
3.7496223958333355	43.618373256298234
3.8496223958333355	44.79201325629821
3.9496223958333356	45.965653256298175
4.049622395833335	47.139293256298195
4.149622395833335	48.31293325629833
4.249622395833335	49.486573256298215
4.349622395833334	50.66021325629828
4.449622395833334	51.833853256298234
4.5496223958333335	53.00749325629831
4.649622395833333	54.18113325629834
4.749622395833333	55.35477325629836
4.849622395833332	56.5284132562982
4.949622395833332	57.702053256298335
5.049622395833332	58.87569325629835
5.149622395833331	60.049333256298425
5.249622395833331	61.22297325629837
5.349622395833331	62.396613256298316
5.44962239583333	63.57025325629837
5.54962239583333	64.74389325629838
5.64962239583333	65.9175332562984
5.749622395833329	67.09117325629855
5.849622395833329	68.2648132562986
5.9496223958333285	69.43845325629843
6.049622395833328	70.61209325629856
6.149622395833328	71.7857332562984
6.2496223958333275	72.95937325629843
6.349622395833327	74.13301325629843
6.449622395833327	75.30665325629852
6.549622395833326	76.48029325629845
6.649622395833326	77.65393325629856
6.749622395833326	78.82757325629856
6.849622395833325	80.00121325629866
6.949622395833325	81.17485325629858
7.049622395833325	82.34849325629848
7.149622395833324	83.52213325629853
7.249622395833324	84.69577325629852
7.3496223958333236	85.86941325629853
7.449622395833323	87.04305325629865
7.549622395833323	88.2166932562986
7.6496223958333225	89.39033325629845
7.749622395833322	90.56397325629854
7.849622395833322	91.73761325629847
7.949622395833321	92.91125325629828
8.049622395833321	94.08489325629785
8.14962239583332	95.25853325629751
8.24962239583332	96.43217325629713
8.34962239583332	97.60581325629678
8.44962239583332	98.77945325629682
8.54962239583332	99.95309325629665
8.649622395833319	101.12673325629652
8.749622395833319	102.30037325629657
8.849622395833318	103.47401325629681
8.949622395833318	104.64765325629666
9.049622395833318	105.82129325629663
9.149622395833317	106.9949332562966
9.249622395833317	108.16857325629675
9.349622395833316	109.34221325629656
9.449622395833316	110.51585325629668
9.549622395833316	111.68949325629681
9.649622395833315	112.86313325629683
9.749622395833315	114.03677325629685
9.849622395833315	115.21041325629669
9.949622395833314	116.38405325629681
10.049622395833314	117.55769325629682
10.149622395833314	118.73133325629681
10.249622395833313	119.9049732562968
10.349622395833313	121.07861325629682
10.449622395833313	122.25225325629675
10.549622395833312	123.42589325629679
10.649622395833312	124.59953325629688
10.749622395833311	125.77317325629674
10.849622395833311	126.94681325629686
10.94962239583331	128.12045325629705
11.04962239583331	129.29409325629692
11.14962239583331	130.467733256297
11.24962239583331	131.47283413233865
11.34962239583331	132.44963413233847
11.449622395833309	133.42643413233876
11.549622395833309	134.40323413233853
11.649622395833308	135.38003413233884
11.749622395833308	136.35683413233866
11.849622395833308	137.33363413233894
11.949622395833307	138.3104341323385
12.049622395833307	139.31672236150524
12.149622395833306	140.32312236150534
12.249622395833306	141.32952236150572
12.349622395833306	142.3359223615056
12.449622395833305	143.34232236150558
12.549622395833305	144.3487223615054
12.649622395833305	144.45316256983935
12.749622395833304	144.45316256983935
12.849622395833304	144.45316256983935
12.949622395833304	144.45316256983935
13.049622395833303	144.45316256983935
13.149622395833303	144.45316256983935
13.249622395833303	144.45316256983935
13.349622395833302	144.45316256983935
13.449622395833302	144.45316256983935
13.549622395833302	144.45316256983935
13.649622395833301	144.45316256983935
13.7496223958333	144.45316256983935
13.8496223958333	144.45316256983935
13.9496223958333	144.45316256983935
14.0496223958333	144.45316256983935
14.1496223958333	144.45316256983935
14.249622395833299	144.45316256983935
14.349622395833299	144.45316256983935
14.449622395833298	144.45316256983935
14.549622395833298	144.45316256983935
14.649622395833298	144.45316256983935
14.749622395833297	144.45316256983935
14.849622395833297	144.45316256983935
14.949622395833297	144.45316256983935
15.049622395833296	144.45316256983935
15.149622395833296	144.45316256983935
15.249622395833295	144.45316256983935
15.349622395833295	144.45316256983935
15.449622395833295	144.45316256983935
15.549622395833294	144.45316256983935
15.649622395833294	144.45316256983935
15.749622395833294	144.45316256983935
15.849622395833293	144.45316256983935
15.949622395833293	144.45316256983935
16.049622395833293	144.45316256983935
16.149622395833294	144.45316256983935
16.249622395833295	144.45316256983935
16.349622395833297	144.45316256983935
16.4496223958333	144.45316256983935
16.5496223958333	144.45316256983935
16.6496223958333	144.45316256983935
16.749622395833303	144.45316256983935
16.849622395833304	144.45316256983935
16.949622395833305	144.45316256983935
17.049622395833307	144.45316256983935
17.14962239583331	144.45316256983935
17.24962239583331	144.45316256983935
17.34962239583331	144.45316256983935
17.449622395833313	144.45316256983935
17.549622395833314	144.45316256983935
17.649622395833315	144.45316256983935
17.749622395833317	144.45316256983935
17.849622395833318	144.45316256983935
17.94962239583332	144.45316256983935
18.04962239583332	144.45316256983935
18.149622395833322	144.45316256983935
18.249622395833324	144.45316256983935
18.349622395833325	144.45316256983935
18.449622395833327	144.45316256983935
18.549622395833328	144.45316256983935
18.64962239583333	144.45316256983935
18.74962239583333	144.45316256983935
18.849622395833332	144.45316256983935
18.949622395833334	144.45316256983935
19.049622395833335	144.45316256983935
19.149622395833337	144.45316256983935
19.249622395833338	144.45316256983935
19.34962239583334	144.45316256983935
19.44962239583334	144.45316256983935
19.549622395833342	144.45316256983935
19.649622395833344	144.45316256983935
19.749622395833345	144.45316256983935
19.849622395833347	144.45316256983935
19.949622395833348	144.45316256983935
20.04962239583335	144.45316256983935
20.14962239583335	144.45316256983935
20.249622395833352	144.45316256983935
20.349622395833354	144.45316256983935
20.449622395833355	144.45316256983935
20.549622395833357	144.45316256983935
20.649622395833358	144.45316256983935
20.74962239583336	144.45316256983935
20.84962239583336	144.45316256983935
20.949622395833362	144.45316256983935
21.049622395833364	144.45316256983935
21.149622395833365	144.45316256983935
21.249622395833367	144.45316256983935
21.349622395833368	144.45316256983935
21.44962239583337	144.45316256983935
21.54962239583337	144.45316256983935
21.649622395833372	144.45316256983935
21.749622395833374	144.45316256983935
21.849622395833375	144.45316256983935
21.949622395833376	144.45316256983935
22.049622395833378	144.45316256983935
22.14962239583338	144.45316256983935
22.24962239583338	144.45316256983935
22.349622395833382	144.45316256983935
22.449622395833384	144.45316256983935
22.549622395833385	144.45316256983935
22.649622395833386	144.45316256983935
22.749622395833388	144.45316256983935
22.84962239583339	144.45316256983935
22.94962239583339	144.45316256983935
23.049622395833392	144.45316256983935
23.149622395833394	144.45316256983935
23.249622395833395	144.45316256983935
23.349622395833396	144.45316256983935
23.449622395833398	144.45316256983935
23.5496223958334	144.45316256983935
23.6496223958334	144.45316256983935
23.749622395833402	144.45316256983935
23.849622395833403	144.45316256983935
23.949622395833405	144.48617930730697
24.049622395833406	144.58460071910326
24.149622395833408	144.683019307307
24.24962239583341	144.78143930730732
24.34962239583341	144.87985930730713
24.449622395833412	144.9782793073074
24.549622395833413	145.07669930730697
24.649622395833415	145.17511930730726
24.749622395833416	145.2735393073072
24.849622395833418	145.3719593073071
24.94962239583342	145.4703793073072
25.04962239583342	145.56879930730713
25.149622395833422	145.66721930730685
25.23	145.74632694532792
1000025.23	145.74632694532792
