-100000	0
0	0
0.0033333333333333335	0.03293673983383682
0.008333333333333333	0.08300774034001626
0.01583333333333333	0.15893958059501764
0.02708333333333333	0.2741489484153189
0.043958333333333335	0.44912475215241066
0.06927083333333334	0.7152294562045272
0.10723958333333333	1.1204429495063701
0.16419270833333333	1.7387647017376617
0.24962239583333334	2.6832236418193545
0.3496223958333333	3.807474196997401
0.4496223958333333	4.946398068139902
0.5496223958333333	6.096182842629791
0.6496223958333333	7.254083071035192
0.7496223958333332	8.417989677313628
0.8496223958333332	9.586202551202296
0.9496223958333332	10.757328329825226
1.0496223958333333	11.930172609416557
1.1496223958333334	13.103722811104033
1.2496223958333335	14.277362811104066
1.3496223958333335	15.451002811104072
1.4496223958333336	16.624642811104096
1.5496223958333337	17.798282811104084
1.6496223958333338	18.971922811104136
1.749622395833334	20.14556281110413
1.849622395833334	21.319202811104173
1.949622395833334	22.492842811104147
2.049622395833334	23.666482811104217
2.149622395833334	24.840122811104184
2.249622395833334	26.013762811104193
2.349622395833334	27.18740281110422
2.4496223958333343	28.361042811104255
2.5496223958333344	29.534682811104258
2.6496223958333345	30.70832281110426
2.7496223958333346	31.881962811104255
2.8496223958333347	33.055602811104265
2.9496223958333347	34.22924281110427
3.049622395833335	35.40288281110421
3.149622395833335	36.576522811104226
3.249622395833335	37.75016281110424
3.349622395833335	38.92380281110419
3.449622395833335	40.09744281110417
3.5496223958333353	41.27108281110425
3.6496223958333354	42.44472281110416
3.7496223958333355	43.618362811104184
3.8496223958333355	44.792002811104105
3.9496223958333356	45.96564281110419
4.049622395833335	47.13928281110415
4.149622395833335	48.31292281110401
4.249622395833335	49.486562811104015
4.349622395833334	50.66020281110396
4.449622395833334	51.83384281110391
4.5496223958333335	53.0074828111039
4.649622395833333	54.181122811103734
4.749622395833333	55.354762811103825
4.849622395833332	56.52840281110368
4.949622395833332	57.70204281110366
5.049622395833332	58.87568281110359
5.149622395833331	60.04932281110351
5.249622395833331	61.22296281110337
5.349622395833331	62.39660281110339
5.44962239583333	63.570242811103135
5.54962239583333	64.74388281110305
5.64962239583333	65.91752281110305
5.749622395833329	67.09116281110295
5.849622395833329	68.26480281110285
5.9496223958333285	69.43844281110272
6.049622395833328	70.61208281110258
6.149622395833328	71.7857228111025
6.2496223958333275	72.95936281110231
6.349622395833327	74.1330028111023
6.449622395833327	75.30664281110204
6.549622395833326	76.48028281110192
6.649622395833326	77.65392281110175
6.749622395833326	78.82756281110163
6.849622395833325	80.00120281110145
6.949622395833325	81.17484281110116
7.049622395833325	82.34848281110098
7.149622395833324	83.52212281110083
7.249622395833324	84.69576281110069
7.3496223958333236	85.86940281110057
7.449622395833323	87.04304281110026
7.549622395833323	88.21668281109991
7.6496223958333225	89.39032281109968
7.749622395833322	90.56396281109959
7.849622395833322	91.73760281109942
7.949622395833321	92.91124281109903
8.049622395833321	94.08488281109882
8.14962239583332	95.25852281109869
8.24962239583332	96.43216281109858
8.34962239583332	97.60580281109851
8.44962239583332	98.77944281109858
8.54962239583332	99.95308281109841
8.649622395833319	101.12672281109849
8.749622395833319	102.30036281109855
8.849622395833318	103.47400281109856
8.949622395833318	104.64764281109855
9.049622395833318	105.82128281109865
9.149622395833317	106.99492281109865
9.249622395833317	108.16856281109852
9.349622395833316	109.34220281109867
9.449622395833316	110.51584281109864
9.549622395833316	111.68948281109873
9.649622395833315	112.86312281109853
9.749622395833315	114.03676281109878
9.849622395833315	115.21040281109865
9.949622395833314	116.38404281109861
10.049622395833314	117.55768281109854
10.149622395833314	118.73132281109862
10.249622395833313	119.90496281109866
10.349622395833313	121.07860281109853
10.449622395833313	122.25224281109867
10.549622395833312	123.42588281109865
10.649622395833312	124.59952281109857
10.749622395833311	125.77316281109876
10.849622395833311	126.94680281109888
10.94962239583331	128.1204428110988
11.04962239583331	129.29408281109872
11.14962239583331	130.46772281109884
11.24962239583331	131.4728236871406
11.34962239583331	132.4496236871403
11.449622395833309	133.4264236871404
11.549622395833309	134.40322368714038
11.649622395833308	135.38002368714052
11.749622395833308	136.35682368714058
11.849622395833308	137.33362368714043
11.949622395833307	138.31042368714063
12.049622395833307	139.3167119163074
12.149622395833306	140.3231119163074
12.249622395833306	141.3295119163073
12.349622395833306	142.3359119163073
12.449622395833305	143.3423119163073
12.549622395833305	144.34871191630737
12.649622395833305	144.4531521246409
12.749622395833304	144.4531521246409
12.849622395833304	144.4531521246409
12.949622395833304	144.4531521246409
13.049622395833303	144.4531521246409
13.149622395833303	144.4531521246409
13.249622395833303	144.4531521246409
13.349622395833302	144.4531521246409
13.449622395833302	144.4531521246409
13.549622395833302	144.4531521246409
13.649622395833301	144.4531521246409
13.7496223958333	144.4531521246409
13.8496223958333	144.4531521246409
13.9496223958333	144.4531521246409
14.0496223958333	144.4531521246409
14.1496223958333	144.4531521246409
14.249622395833299	144.4531521246409
14.349622395833299	144.4531521246409
14.449622395833298	144.4531521246409
14.549622395833298	144.4531521246409
14.649622395833298	144.4531521246409
14.749622395833297	144.4531521246409
14.849622395833297	144.4531521246409
14.949622395833297	144.4531521246409
15.049622395833296	144.4531521246409
15.149622395833296	144.4531521246409
15.249622395833295	144.4531521246409
15.349622395833295	144.4531521246409
15.449622395833295	144.4531521246409
15.549622395833294	144.4531521246409
15.649622395833294	144.4531521246409
15.749622395833294	144.4531521246409
15.849622395833293	144.4531521246409
15.949622395833293	144.4531521246409
16.049622395833293	144.4531521246409
16.149622395833294	144.4531521246409
16.249622395833295	144.4531521246409
16.349622395833297	144.4531521246409
16.4496223958333	144.4531521246409
16.5496223958333	144.4531521246409
16.6496223958333	144.4531521246409
16.749622395833303	144.4531521246409
16.849622395833304	144.4531521246409
16.949622395833305	144.4531521246409
17.049622395833307	144.4531521246409
17.14962239583331	144.4531521246409
17.24962239583331	144.4531521246409
17.34962239583331	144.4531521246409
17.449622395833313	144.4531521246409
17.549622395833314	144.4531521246409
17.649622395833315	144.4531521246409
17.749622395833317	144.4531521246409
17.849622395833318	144.4531521246409
17.94962239583332	144.4531521246409
18.04962239583332	144.4531521246409
18.149622395833322	144.4531521246409
18.249622395833324	144.4531521246409
18.349622395833325	144.4531521246409
18.449622395833327	144.4531521246409
18.549622395833328	144.4531521246409
18.64962239583333	144.4531521246409
18.74962239583333	144.4531521246409
18.849622395833332	144.4531521246409
18.949622395833334	144.4531521246409
19.049622395833335	144.4531521246409
19.149622395833337	144.4531521246409
19.249622395833338	144.4531521246409
19.34962239583334	144.4531521246409
19.44962239583334	144.4531521246409
19.549622395833342	144.4531521246409
19.649622395833344	144.4531521246409
19.749622395833345	144.4531521246409
19.849622395833347	144.4531521246409
19.949622395833348	144.4531521246409
20.04962239583335	144.4531521246409
20.14962239583335	144.4531521246409
20.249622395833352	144.4531521246409
20.349622395833354	144.4531521246409
20.449622395833355	144.4531521246409
20.549622395833357	144.4531521246409
20.649622395833358	144.4531521246409
20.74962239583336	144.4531521246409
20.84962239583336	144.4531521246409
20.949622395833362	144.4531521246409
21.049622395833364	144.4531521246409
21.149622395833365	144.4531521246409
21.249622395833367	144.4531521246409
21.349622395833368	144.4531521246409
21.44962239583337	144.4531521246409
21.54962239583337	144.4531521246409
21.649622395833372	144.4531521246409
21.749622395833374	144.4531521246409
21.849622395833375	144.4531521246409
21.949622395833376	144.4531521246409
22.049622395833378	144.4531521246409
22.14962239583338	144.4531521246409
22.24962239583338	144.4531521246409
22.349622395833382	144.4531521246409
22.449622395833384	144.4531521246409
22.549622395833385	144.4531521246409
22.649622395833386	144.4531521246409
22.749622395833388	144.4531521246409
22.84962239583339	144.4531521246409
22.94962239583339	144.4531521246409
23.049622395833392	144.4531521246409
23.149622395833394	144.4531521246409
23.249622395833395	144.4531521246409
23.349622395833396	144.4531521246409
23.449622395833398	144.4531521246409
23.5496223958334	144.4531521246409
23.6496223958334	144.4531521246409
23.749622395833402	144.4531521246409
23.849622395833403	144.4531521246409
23.949622395833405	144.51180682299542
24.049622395833406	144.6102268229956
24.149622395833408	144.70864682299543
24.24962239583341	144.80706682299578
24.34962239583341	144.90548682299564
24.449622395833412	145.00390682299587
24.549622395833413	145.10232682299582
24.649622395833415	145.2007468229957
24.749622395833416	145.2991668229957
24.849622395833418	145.39758682299578
24.94962239583342	145.49600682299567
25.04962239583342	145.5944268229957
25.149622395833422	145.6928468229956
25.230131332082554	145.77196057452514
1000025.2301313321	145.77196057452514
