-100000	0
0	0
0.0033333333333333335	0.0329366372931682
0.008333333333333333	0.08300748535278993
0.01583333333333333	0.1589390997096194
0.02708333333333333	0.27414739609132754
0.043958333333333335	0.4491234606539765
0.06927083333333334	0.7152274822046648
0.10723958333333333	1.1204400139550654
0.16419270833333333	1.7387604976492081
0.24962239583333334	2.6832178445457964
0.3496223958333333	3.8074669344726213
0.4496223958333333	4.946389702008217
0.5496223958333333	6.096173672009444
0.6496223958333333	7.254073343242794
0.7496223958333332	8.417979587310723
0.8496223958333332	9.586192243405524
0.9496223958333332	10.75731791649666
1.0496223958333333	11.930162155920879
1.1496223958333334	13.103712352452247
1.2496223958333335	14.277352352452313
1.3496223958333335	15.45099235245228
1.4496223958333336	16.6246323524523
1.5496223958333337	17.7982723524523
1.6496223958333338	18.971912352452293
1.749622395833334	20.145552352452253
1.849622395833334	21.319192352452284
1.949622395833334	22.492832352452215
2.049622395833334	23.66647235245216
2.149622395833334	24.840112352452135
2.249622395833334	26.013752352452048
2.349622395833334	27.187392352451976
2.4496223958333343	28.3610323524519
2.5496223958333344	29.534672352451818
2.6496223958333345	30.70831235245176
2.7496223958333346	31.881952352451684
2.8496223958333347	33.05559235245147
2.9496223958333347	34.22923235245141
3.049622395833335	35.40287235245129
3.149622395833335	36.576512352451175
3.249622395833335	37.750152352451124
3.349622395833335	38.923792352450924
3.449622395833335	40.09743235245074
3.5496223958333353	41.271072352450595
3.6496223958333354	42.44471235245042
3.7496223958333355	43.61835235245018
3.8496223958333355	44.791992352450094
3.9496223958333356	45.965632352449866
4.049622395833335	47.1392723524497
4.149622395833335	48.3129123524495
4.249622395833335	49.48655235244934
4.349622395833334	50.660192352449
4.449622395833334	51.833832352448866
4.5496223958333335	53.00747235244855
4.649622395833333	54.18111235244834
4.749622395833333	55.35475235244813
4.849622395833332	56.52839235244779
4.949622395833332	57.702032352447546
5.049622395833332	58.87567235244733
5.149622395833331	60.049312352447004
5.249622395833331	61.22295235244669
5.349622395833331	62.396592352446355
5.44962239583333	63.570232352446055
5.54962239583333	64.74387235244585
5.64962239583333	65.91751235244548
5.749622395833329	67.09115235244505
5.849622395833329	68.26479235244473
5.9496223958333285	69.43843235244437
6.049622395833328	70.61207235244403
6.149622395833328	71.7857123524438
6.2496223958333275	72.95935235244339
6.349622395833327	74.13299235244298
6.449622395833327	75.30663235244255
6.549622395833326	76.48027235244219
6.649622395833326	77.6539123524418
6.749622395833326	78.82755235244133
6.849622395833325	80.00119235244098
6.949622395833325	81.17483235244048
7.049622395833325	82.34847235243998
7.149622395833324	83.52211235243963
7.249622395833324	84.69575235243927
7.3496223958333236	85.86939235243867
7.449622395833323	87.04303235243833
7.549622395833323	88.21667235243774
7.6496223958333225	89.39031235243729
7.749622395833322	90.5639523524368
7.849622395833322	91.73759235243625
7.949622395833321	92.9112323524357
8.049622395833321	94.08487235243572
8.14962239583332	95.25851235243587
8.24962239583332	96.43215235243584
8.34962239583332	97.60579235243573
8.44962239583332	98.77943235243579
8.54962239583332	99.9530723524357
8.649622395833319	101.12671235243577
8.749622395833319	102.30035235243592
8.849622395833318	103.4739923524359
8.949622395833318	104.64763235243592
9.049622395833318	105.82127235243583
9.149622395833317	106.99491235243593
9.249622395833317	108.16855235243585
9.349622395833316	109.34219235243592
9.449622395833316	110.51583235243582
9.549622395833316	111.68947235243584
9.649622395833315	112.86311235243572
9.749622395833315	114.03675235243576
9.849622395833315	115.21039235243583
9.949622395833314	116.38403235243581
10.049622395833314	117.55767235243594
10.149622395833314	118.73131235243606
10.249622395833313	119.90495235243591
10.349622395833313	121.0785923524359
10.449622395833313	122.25223235243591
10.549622395833312	123.425872352436
10.649622395833312	124.59951235243594
10.749622395833311	125.77315235243601
10.849622395833311	126.94679235243609
10.94962239583331	128.12043235243596
11.04962239583331	129.29407235243593
11.14962239583331	130.467712352436
11.24962239583331	131.472813228478
11.34962239583331	132.44961322847783
11.449622395833309	133.42641322847786
11.549622395833309	134.4032132284779
11.649622395833308	135.38001322847788
11.749622395833308	136.35681322847805
11.849622395833308	137.33361322847784
11.949622395833307	138.31041322847776
12.049622395833307	139.31670145764454
12.149622395833306	140.32310145764453
12.249622395833306	141.32950145764462
12.349622395833306	142.33590145764458
12.449622395833305	143.34230145764448
12.549622395833305	144.34870145764427
12.649622395833305	144.45314166597834
12.749622395833304	144.45314166597834
12.849622395833304	144.45314166597834
12.949622395833304	144.45314166597834
13.049622395833303	144.45314166597834
13.149622395833303	144.45314166597834
13.249622395833303	144.45314166597834
13.349622395833302	144.45314166597834
13.449622395833302	144.45314166597834
13.549622395833302	144.45314166597834
13.649622395833301	144.45314166597834
13.7496223958333	144.45314166597834
13.8496223958333	144.45314166597834
13.9496223958333	144.45314166597834
14.0496223958333	144.45314166597834
14.1496223958333	144.45314166597834
14.249622395833299	144.45314166597834
14.349622395833299	144.45314166597834
14.449622395833298	144.45314166597834
14.549622395833298	144.45314166597834
14.649622395833298	144.45314166597834
14.749622395833297	144.45314166597834
14.849622395833297	144.45314166597834
14.949622395833297	144.45314166597834
15.049622395833296	144.45314166597834
15.149622395833296	144.45314166597834
15.249622395833295	144.45314166597834
15.349622395833295	144.45314166597834
15.449622395833295	144.45314166597834
15.549622395833294	144.45314166597834
15.649622395833294	144.45314166597834
15.749622395833294	144.45314166597834
15.849622395833293	144.45314166597834
15.949622395833293	144.45314166597834
16.049622395833293	144.45314166597834
16.149622395833294	144.45314166597834
16.249622395833295	144.45314166597834
16.349622395833297	144.45314166597834
16.4496223958333	144.45314166597834
16.5496223958333	144.45314166597834
16.6496223958333	144.45314166597834
16.749622395833303	144.45314166597834
16.849622395833304	144.45314166597834
16.949622395833305	144.45314166597834
17.049622395833307	144.45314166597834
17.14962239583331	144.45314166597834
17.24962239583331	144.45314166597834
17.34962239583331	144.45314166597834
17.449622395833313	144.45314166597834
17.549622395833314	144.45314166597834
17.649622395833315	144.45314166597834
17.749622395833317	144.45314166597834
17.849622395833318	144.45314166597834
17.94962239583332	144.45314166597834
18.04962239583332	144.45314166597834
18.149622395833322	144.45314166597834
18.249622395833324	144.45314166597834
18.349622395833325	144.45314166597834
18.449622395833327	144.45314166597834
18.549622395833328	144.45314166597834
18.64962239583333	144.45314166597834
18.74962239583333	144.45314166597834
18.849622395833332	144.45314166597834
18.949622395833334	144.45314166597834
19.049622395833335	144.45314166597834
19.149622395833337	144.45314166597834
19.249622395833338	144.45314166597834
19.34962239583334	144.45314166597834
19.44962239583334	144.45314166597834
19.549622395833342	144.45314166597834
19.649622395833344	144.45314166597834
19.749622395833345	144.45314166597834
19.849622395833347	144.45314166597834
19.949622395833348	144.45314166597834
20.04962239583335	144.45314166597834
20.14962239583335	144.45314166597834
20.249622395833352	144.45314166597834
20.349622395833354	144.45314166597834
20.449622395833355	144.45314166597834
20.549622395833357	144.45314166597834
20.649622395833358	144.45314166597834
20.74962239583336	144.45314166597834
20.84962239583336	144.45314166597834
20.949622395833362	144.45314166597834
21.049622395833364	144.45314166597834
21.149622395833365	144.45314166597834
21.249622395833367	144.45314166597834
21.349622395833368	144.45314166597834
21.44962239583337	144.45314166597834
21.54962239583337	144.45314166597834
21.649622395833372	144.45314166597834
21.749622395833374	144.45314166597834
21.849622395833375	144.45314166597834
21.949622395833376	144.45314166597834
22.049622395833378	144.45314166597834
22.14962239583338	144.45314166597834
22.24962239583338	144.45314166597834
22.349622395833382	144.45314166597834
22.449622395833384	144.45314166597834
22.549622395833385	144.45314166597834
22.649622395833386	144.45314166597834
22.749622395833388	144.45314166597834
22.84962239583339	144.45314166597834
22.94962239583339	144.45314166597834
23.049622395833392	144.45314166597834
23.149622395833394	144.45314166597834
23.249622395833395	144.45314166597834
23.349622395833396	144.45314166597834
23.449622395833398	144.45314166597834
23.5496223958334	144.45314166597834
23.6496223958334	144.45314166597834
23.749622395833402	144.45314166597834
23.849622395833403	144.45314166597834
23.949622395833405	144.5374343252196
24.049622395833406	144.6358543252196
24.149622395833408	144.7342743252195
24.24962239583341	144.83269432521948
24.34962239583341	144.93111432521968
24.449622395833412	145.02953432521903
24.549622395833413	145.1279543252195
24.649622395833415	145.22637432521938
24.749622395833416	145.32479432521956
24.849622395833418	145.4232143252192
24.94962239583342	145.52163432521937
25.04962239583342	145.6200543252192
25.149622395833422	145.7184743252197
25.231519699812385	145.79839443603606
1000025.2315196998	145.79839443603606
