-100000	0
0	0
0.0033333333333333335	0.03293653474919049
0.008333333333333333	0.0830072303323207
0.01583333333333333	0.15893861871709689
0.02708333333333333	0.2741458738161698
0.043958333333333335	0.44912216871096716
0.06927083333333334	0.7152255074448648
0.10723958333333333	1.1204370765998652
0.16419270833333333	1.7387562910371275
0.24962239583333334	2.683212043302216
0.3496223958333333	3.807459666150044
0.4496223958333333	4.946381328711894
0.5496223958333333	6.0961644927917265
0.6496223958333333	7.254063605437773
0.7496223958333332	8.417969485990675
0.8496223958333332	9.586181923194696
0.9496223958333332	10.757307490325788
1.0496223958333333	11.930151689040798
1.1496223958333334	13.103701880342502
1.2496223958333335	14.277341880342567
1.3496223958333335	15.450981880342546
1.4496223958333336	16.624621880342538
1.5496223958333337	17.79826188034253
1.6496223958333338	18.971901880342504
1.749622395833334	20.145541880342527
1.849622395833334	21.31918188034249
1.949622395833334	22.492821880342504
2.049622395833334	23.66646188034241
2.149622395833334	24.84010188034238
2.249622395833334	26.013741880342327
2.349622395833334	27.187381880342244
2.4496223958333343	28.361021880342243
2.5496223958333344	29.53466188034208
2.6496223958333345	30.708301880342013
2.7496223958333346	31.88194188034194
2.8496223958333347	33.05558188034181
2.9496223958333347	34.229221880341676
3.049622395833335	35.402861880341604
3.149622395833335	36.576501880341446
3.249622395833335	37.75014188034136
3.349622395833335	38.92378188034117
3.449622395833335	40.097421880340995
3.5496223958333353	41.271061880340866
3.6496223958333354	42.44470188034067
3.7496223958333355	43.61834188034055
3.8496223958333355	44.79198188034032
3.9496223958333356	45.96562188034022
4.049622395833335	47.139261880339916
4.149622395833335	48.31290188033975
4.249622395833335	49.48654188033949
4.349622395833334	50.66018188033927
4.449622395833334	51.83382188033901
4.5496223958333335	53.007461880338774
4.649622395833333	54.18110188033848
4.749622395833333	55.35474188033828
4.849622395833332	56.528381880338124
4.949622395833332	57.70202188033768
5.049622395833332	58.87566188033741
5.149622395833331	60.04930188033734
5.249622395833331	61.22294188033684
5.349622395833331	62.396581880336555
5.44962239583333	63.570221880336234
5.54962239583333	64.74386188033597
5.64962239583333	65.91750188033564
5.749622395833329	67.09114188033524
5.849622395833329	68.26478188033498
5.9496223958333285	69.43842188033469
6.049622395833328	70.61206188033418
6.149622395833328	71.78570188033393
6.2496223958333275	72.95934188033354
6.349622395833327	74.13298188033312
6.449622395833327	75.30662188033271
6.549622395833326	76.48026188033243
6.649622395833326	77.65390188033203
6.749622395833326	78.8275418803316
6.849622395833325	80.0011818803312
6.949622395833325	81.17482188033068
7.049622395833325	82.3484618803304
7.149622395833324	83.52210188032986
7.249622395833324	84.69574188032938
7.3496223958333236	85.86938188032892
7.449622395833323	87.04302188032851
7.549622395833323	88.21666188032789
7.6496223958333225	89.39030188032773
7.749622395833322	90.56394188032705
7.849622395833322	91.7375818803266
7.949622395833321	92.91122188032617
8.049622395833321	94.08486188032572
8.14962239583332	95.2585018803258
8.24962239583332	96.43214188032574
8.34962239583332	97.60578188032567
8.44962239583332	98.77942188032578
8.54962239583332	99.95306188032558
8.649622395833319	101.12670188032581
8.749622395833319	102.30034188032576
8.849622395833318	103.47398188032577
8.949622395833318	104.64762188032566
9.049622395833318	105.82126188032585
9.149622395833317	106.9949018803258
9.249622395833317	108.16854188032623
9.349622395833316	109.34218188032601
9.449622395833316	110.51582188032614
9.549622395833316	111.6894618803261
9.649622395833315	112.86310188032597
9.749622395833315	114.03674188032626
9.849622395833315	115.21038188032621
9.949622395833314	116.38402188032626
10.049622395833314	117.55766188032618
10.149622395833314	118.73130188032619
10.249622395833313	119.90494188032635
10.349622395833313	121.078581880326
10.449622395833313	122.25222188032603
10.549622395833312	123.42586188032608
10.649622395833312	124.599501880326
10.749622395833311	125.773141880326
10.849622395833311	126.94678188032618
10.94962239583331	128.12042188032618
11.04962239583331	129.294061880326
11.14962239583331	130.46770188032625
11.24962239583331	131.4728027563677
11.34962239583331	132.44960275636774
11.449622395833309	133.42640275636757
11.549622395833309	134.40320275636773
11.649622395833308	135.3800027563677
11.749622395833308	136.35680275636793
11.849622395833308	137.33360275636772
11.949622395833307	138.31040275636784
12.049622395833307	139.31669098553462
12.149622395833306	140.32309098553446
12.249622395833306	141.32949098553453
12.349622395833306	142.33589098553435
12.449622395833305	143.34229098553442
12.549622395833305	144.34869098553463
12.649622395833305	144.45313119386773
12.749622395833304	144.45313119386773
12.849622395833304	144.45313119386773
12.949622395833304	144.45313119386773
13.049622395833303	144.45313119386773
13.149622395833303	144.45313119386773
13.249622395833303	144.45313119386773
13.349622395833302	144.45313119386773
13.449622395833302	144.45313119386773
13.549622395833302	144.45313119386773
13.649622395833301	144.45313119386773
13.7496223958333	144.45313119386773
13.8496223958333	144.45313119386773
13.9496223958333	144.45313119386773
14.0496223958333	144.45313119386773
14.1496223958333	144.45313119386773
14.249622395833299	144.45313119386773
14.349622395833299	144.45313119386773
14.449622395833298	144.45313119386773
14.549622395833298	144.45313119386773
14.649622395833298	144.45313119386773
14.749622395833297	144.45313119386773
14.849622395833297	144.45313119386773
14.949622395833297	144.45313119386773
15.049622395833296	144.45313119386773
15.149622395833296	144.45313119386773
15.249622395833295	144.45313119386773
15.349622395833295	144.45313119386773
15.449622395833295	144.45313119386773
15.549622395833294	144.45313119386773
15.649622395833294	144.45313119386773
15.749622395833294	144.45313119386773
15.849622395833293	144.45313119386773
15.949622395833293	144.45313119386773
16.049622395833293	144.45313119386773
16.149622395833294	144.45313119386773
16.249622395833295	144.45313119386773
16.349622395833297	144.45313119386773
16.4496223958333	144.45313119386773
16.5496223958333	144.45313119386773
16.6496223958333	144.45313119386773
16.749622395833303	144.45313119386773
16.849622395833304	144.45313119386773
16.949622395833305	144.45313119386773
17.049622395833307	144.45313119386773
17.14962239583331	144.45313119386773
17.24962239583331	144.45313119386773
17.34962239583331	144.45313119386773
17.449622395833313	144.45313119386773
17.549622395833314	144.45313119386773
17.649622395833315	144.45313119386773
17.749622395833317	144.45313119386773
17.849622395833318	144.45313119386773
17.94962239583332	144.45313119386773
18.04962239583332	144.45313119386773
18.149622395833322	144.45313119386773
18.249622395833324	144.45313119386773
18.349622395833325	144.45313119386773
18.449622395833327	144.45313119386773
18.549622395833328	144.45313119386773
18.64962239583333	144.45313119386773
18.74962239583333	144.45313119386773
18.849622395833332	144.45313119386773
18.949622395833334	144.45313119386773
19.049622395833335	144.45313119386773
19.149622395833337	144.45313119386773
19.249622395833338	144.45313119386773
19.34962239583334	144.45313119386773
19.44962239583334	144.45313119386773
19.549622395833342	144.45313119386773
19.649622395833344	144.45313119386773
19.749622395833345	144.45313119386773
19.849622395833347	144.45313119386773
19.949622395833348	144.45313119386773
20.04962239583335	144.45313119386773
20.14962239583335	144.45313119386773
20.249622395833352	144.45313119386773
20.349622395833354	144.45313119386773
20.449622395833355	144.45313119386773
20.549622395833357	144.45313119386773
20.649622395833358	144.45313119386773
20.74962239583336	144.45313119386773
20.84962239583336	144.45313119386773
20.949622395833362	144.45313119386773
21.049622395833364	144.45313119386773
21.149622395833365	144.45313119386773
21.249622395833367	144.45313119386773
21.349622395833368	144.45313119386773
21.44962239583337	144.45313119386773
21.54962239583337	144.45313119386773
21.649622395833372	144.45313119386773
21.749622395833374	144.45313119386773
21.849622395833375	144.45313119386773
21.949622395833376	144.45313119386773
22.049622395833378	144.45313119386773
22.14962239583338	144.45313119386773
22.24962239583338	144.45313119386773
22.349622395833382	144.45313119386773
22.449622395833384	144.45313119386773
22.549622395833385	144.45313119386773
22.649622395833386	144.45313119386773
22.749622395833388	144.45313119386773
22.84962239583339	144.45313119386773
22.94962239583339	144.45313119386773
23.049622395833392	144.45313119386773
23.149622395833394	144.45313119386773
23.249622395833395	144.45313119386773
23.349622395833396	144.45313119386773
23.449622395833398	144.45313119386773
23.5496223958334	144.45313119386773
23.6496223958334	144.45313119386773
23.749622395833402	144.45313119386773
23.849622395833403	144.46467519821735
23.949622395833405	144.56306181399574
24.049622395833406	144.66148181399564
24.149622395833408	144.75990181399618
24.24962239583341	144.85832181399599
24.34962239583341	144.95674181399616
24.449622395833412	145.05516181399588
24.549622395833413	145.15358181399617
24.649622395833415	145.2520018139959
24.749622395833416	145.35042181399612
24.849622395833418	145.44884181399573
24.94962239583342	145.54726181399616
25.04962239583342	145.64568181399622
25.149622395833422	145.74410181399597
25.232908067542215	145.82538835633198
1000025.2329080675	145.82538835633198
