-100000	0
0	0
0.0033333333333333335	0.032936432201902476
0.008333333333333333	0.08300697527860892
0.01583333333333333	0.15893813761744965
0.02708333333333333	0.2741465111825066
0.043958333333333335	0.4491208763233775
0.06927083333333334	0.7152235319251226
0.10723958333333333	1.1204341374407452
0.16419270833333333	1.7387520819013944
0.24962239583333334	2.683206238088578
0.3496223958333333	3.8074523920296395
0.4496223958333333	4.946372948250934
0.5496223958333333	6.096155304976589
0.6496223958333333	7.25405385762008
0.7496223958333332	8.417959373353453
0.8496223958333332	9.586171590569801
0.9496223958333332	10.757297051312577
1.0496223958333333	11.930141208776382
1.1496223958333334	13.103691394774767
1.2496223958333335	14.277331394774766
1.3496223958333335	15.450971394774802
1.4496223958333336	16.624611394774824
1.5496223958333337	17.798251394774816
1.6496223958333338	18.971891394774808
1.749622395833334	20.145531394774817
1.849622395833334	21.319171394774745
1.949622395833334	22.492811394774737
2.049622395833334	23.666451394774697
2.149622395833334	24.84009139477461
2.249622395833334	26.01373139477459
2.349622395833334	27.187371394774484
2.4496223958333343	28.36101139477447
2.5496223958333344	29.534651394774382
2.6496223958333345	30.7082913947743
2.7496223958333346	31.881931394774217
2.8496223958333347	33.055571394774134
2.9496223958333347	34.229211394774005
3.049622395833335	35.40285139477387
3.149622395833335	36.57649139477379
3.249622395833335	37.75013139477363
3.349622395833335	38.92377139477349
3.449622395833335	40.097411394773374
3.5496223958333353	41.271051394773195
3.6496223958333354	42.44469139477304
3.7496223958333355	43.618331394772795
3.8496223958333355	44.79197139477272
3.9496223958333356	45.96561139477246
4.049622395833335	47.13925139477232
4.149622395833335	48.3128913947721
4.249622395833335	49.48653139477184
4.349622395833334	50.660171394771666
4.449622395833334	51.83381139477143
4.5496223958333335	53.00745139477113
4.649622395833333	54.18109139477091
4.749622395833333	55.35473139477072
4.849622395833332	56.52837139477042
4.949622395833332	57.702011394770146
5.049622395833332	58.875651394769754
5.149622395833331	60.049291394769554
5.249622395833331	61.22293139476934
5.349622395833331	62.396571394769
5.44962239583333	63.57021139476875
5.54962239583333	64.74385139476841
5.64962239583333	65.91749139476798
5.749622395833329	67.09113139476777
5.849622395833329	68.26477139476738
5.9496223958333285	69.43841139476714
6.049622395833328	70.61205139476662
6.149622395833328	71.78569139476632
6.2496223958333275	72.95933139476593
6.349622395833327	74.13297139476553
6.449622395833327	75.30661139476513
6.549622395833326	76.48025139476472
6.649622395833326	77.6538913947643
6.749622395833326	78.827531394764
6.849622395833325	80.00117139476353
6.949622395833325	81.1748113947631
7.049622395833325	82.34845139476253
7.149622395833324	83.5220913947622
7.249622395833324	84.69573139476172
7.3496223958333236	85.8693713947613
7.449622395833323	87.04301139476087
7.549622395833323	88.21665139476032
7.6496223958333225	89.39029139475973
7.749622395833322	90.56393139475936
7.849622395833322	91.73757139475885
7.949622395833321	92.91121139475838
8.049622395833321	94.08485139475808
8.14962239583332	95.25849139475783
8.24962239583332	96.43213139475775
8.34962239583332	97.60577139475781
8.44962239583332	98.77941139475786
8.54962239583332	99.95305139475798
8.649622395833319	101.12669139475786
8.749622395833319	102.30033139475796
8.849622395833318	103.47397139475783
8.949622395833318	104.64761139475787
9.049622395833318	105.82125139475787
9.149622395833317	106.99489139475789
9.249622395833317	108.16853139475785
9.349622395833316	109.34217139475793
9.449622395833316	110.51581139475797
9.549622395833316	111.689451394758
9.649622395833315	112.86309139475789
9.749622395833315	114.03673139475794
9.849622395833315	115.21037139475804
9.949622395833314	116.38401139475799
10.049622395833314	117.55765139475808
10.149622395833314	118.73129139475813
10.249622395833313	119.90493139475784
10.349622395833313	121.07857139475786
10.449622395833313	122.25221139475804
10.549622395833312	123.42585139475791
10.649622395833312	124.59949139475789
10.749622395833311	125.7731313947583
10.849622395833311	126.94677139475803
10.94962239583331	128.1204113947582
11.04962239583331	129.29405139475804
11.14962239583331	130.467691394758
11.24962239583331	131.47279227079983
11.34962239583331	132.44959227079988
11.449622395833309	133.42639227079985
11.549622395833309	134.40319227079976
11.649622395833308	135.37999227079976
11.749622395833308	136.35679227079987
11.849622395833308	137.3335922707998
11.949622395833307	138.31039227079987
12.049622395833307	139.31668049996645
12.149622395833306	140.32308049996638
12.249622395833306	141.3294804999663
12.349622395833306	142.33588049996672
12.449622395833305	143.34228049996673
12.549622395833305	144.34868049996652
12.649622395833305	144.45312070830002
12.749622395833304	144.45312070830002
12.849622395833304	144.45312070830002
12.949622395833304	144.45312070830002
13.049622395833303	144.45312070830002
13.149622395833303	144.45312070830002
13.249622395833303	144.45312070830002
13.349622395833302	144.45312070830002
13.449622395833302	144.45312070830002
13.549622395833302	144.45312070830002
13.649622395833301	144.45312070830002
13.7496223958333	144.45312070830002
13.8496223958333	144.45312070830002
13.9496223958333	144.45312070830002
14.0496223958333	144.45312070830002
14.1496223958333	144.45312070830002
14.249622395833299	144.45312070830002
14.349622395833299	144.45312070830002
14.449622395833298	144.45312070830002
14.549622395833298	144.45312070830002
14.649622395833298	144.45312070830002
14.749622395833297	144.45312070830002
14.849622395833297	144.45312070830002
14.949622395833297	144.45312070830002
15.049622395833296	144.45312070830002
15.149622395833296	144.45312070830002
15.249622395833295	144.45312070830002
15.349622395833295	144.45312070830002
15.449622395833295	144.45312070830002
15.549622395833294	144.45312070830002
15.649622395833294	144.45312070830002
15.749622395833294	144.45312070830002
15.849622395833293	144.45312070830002
15.949622395833293	144.45312070830002
16.049622395833293	144.45312070830002
16.149622395833294	144.45312070830002
16.249622395833295	144.45312070830002
16.349622395833297	144.45312070830002
16.4496223958333	144.45312070830002
16.5496223958333	144.45312070830002
16.6496223958333	144.45312070830002
16.749622395833303	144.45312070830002
16.849622395833304	144.45312070830002
16.949622395833305	144.45312070830002
17.049622395833307	144.45312070830002
17.14962239583331	144.45312070830002
17.24962239583331	144.45312070830002
17.34962239583331	144.45312070830002
17.449622395833313	144.45312070830002
17.549622395833314	144.45312070830002
17.649622395833315	144.45312070830002
17.749622395833317	144.45312070830002
17.849622395833318	144.45312070830002
17.94962239583332	144.45312070830002
18.04962239583332	144.45312070830002
18.149622395833322	144.45312070830002
18.249622395833324	144.45312070830002
18.349622395833325	144.45312070830002
18.449622395833327	144.45312070830002
18.549622395833328	144.45312070830002
18.64962239583333	144.45312070830002
18.74962239583333	144.45312070830002
18.849622395833332	144.45312070830002
18.949622395833334	144.45312070830002
19.049622395833335	144.45312070830002
19.149622395833337	144.45312070830002
19.249622395833338	144.45312070830002
19.34962239583334	144.45312070830002
19.44962239583334	144.45312070830002
19.549622395833342	144.45312070830002
19.649622395833344	144.45312070830002
19.749622395833345	144.45312070830002
19.849622395833347	144.45312070830002
19.949622395833348	144.45312070830002
20.04962239583335	144.45312070830002
20.14962239583335	144.45312070830002
20.249622395833352	144.45312070830002
20.349622395833354	144.45312070830002
20.449622395833355	144.45312070830002
20.549622395833357	144.45312070830002
20.649622395833358	144.45312070830002
20.74962239583336	144.45312070830002
20.84962239583336	144.45312070830002
20.949622395833362	144.45312070830002
21.049622395833364	144.45312070830002
21.149622395833365	144.45312070830002
21.249622395833367	144.45312070830002
21.349622395833368	144.45312070830002
21.44962239583337	144.45312070830002
21.54962239583337	144.45312070830002
21.649622395833372	144.45312070830002
21.749622395833374	144.45312070830002
21.849622395833375	144.45312070830002
21.949622395833376	144.45312070830002
22.049622395833378	144.45312070830002
22.14962239583338	144.45312070830002
22.24962239583338	144.45312070830002
22.349622395833382	144.45312070830002
22.449622395833384	144.45312070830002
22.549622395833385	144.45312070830002
22.649622395833386	144.45312070830002
22.749622395833388	144.45312070830002
22.84962239583339	144.45312070830002
22.94962239583339	144.45312070830002
23.049622395833392	144.45312070830002
23.149622395833394	144.45312070830002
23.249622395833395	144.45312070830002
23.349622395833396	144.45312070830002
23.449622395833398	144.45312070830002
23.5496223958334	144.45312070830002
23.6496223958334	144.45312070830002
23.749622395833402	144.45312070830002
23.849622395833403	144.4902692893146
23.949622395833405	144.5886892893147
24.049622395833406	144.68710928931463
24.149622395833408	144.78552928931467
24.24962239583341	144.88394928931478
24.34962239583341	144.98236928931482
24.449622395833412	145.0807892893148
24.549622395833413	145.1792092893151
24.649622395833415	145.27762928931492
24.749622395833416	145.37604928931472
24.849622395833418	145.47446928931467
24.94962239583342	145.5728892893148
25.04962239583342	145.671309289315
25.149622395833422	145.7697292893146
25.234296435272046	145.85238226317017
1000025.2342964353	145.85238226317017
