-100000	0
0	0
0.0033333333333333335	0.03293632965130545
0.008333333333333333	0.08300672019165396
0.01583333333333333	0.1589376564106772
0.02708333333333333	0.2741456984896081
0.043958333333333335	0.44911958349120906
0.06927083333333334	0.7152215556454372
0.10723958333333333	1.1204311964777232
0.16419270833333333	1.738747870242011
0.24962239583333334	2.6832004289048985
0.3496223958333333	3.807445112111412
0.4496223958333333	4.946364560625295
0.5496223958333333	6.096146108564055
0.6496223958333333	7.254044099789702
0.7496223958333332	8.417949249399001
0.8496223958333332	9.586161245530764
0.9496223958333332	10.757286599456943
1.0496223958333333	11.930130715127564
1.1496223958333334	13.103680895748969
1.2496223958333335	14.277320895748977
1.3496223958333335	15.45096089574899
1.4496223958333336	16.624600895748983
1.5496223958333337	17.798240895748993
1.6496223958333338	18.97188089574896
1.749622395833334	20.145520895749005
1.849622395833334	21.31916089574897
1.949622395833334	22.492800895748932
2.049622395833334	23.66644089574887
2.149622395833334	24.840080895748848
2.249622395833334	26.0137208957488
2.349622395833334	27.18736089574874
2.4496223958333343	28.36100089574866
2.5496223958333344	29.53464089574858
2.6496223958333345	30.708280895748487
2.7496223958333346	31.881920895748443
2.8496223958333347	33.05556089574834
2.9496223958333347	34.22920089574821
3.049622395833335	35.40284089574808
3.149622395833335	36.57648089574794
3.249622395833335	37.7501208957478
3.349622395833335	38.923760895747634
3.449622395833335	40.09740089574746
3.5496223958333353	41.271040895747326
3.6496223958333354	42.44468089574716
3.7496223958333355	43.618320895746955
3.8496223958333355	44.79196089574684
3.9496223958333356	45.965600895746675
4.049622395833335	47.13924089574646
4.149622395833335	48.31288089574624
4.249622395833335	49.486520895745976
4.349622395833334	50.66016089574572
4.449622395833334	51.833800895745526
4.5496223958333335	53.00744089574527
4.649622395833333	54.181080895744984
4.749622395833333	55.354720895744734
4.849622395833332	56.52836089574453
4.949622395833332	57.702000895744156
5.049622395833332	58.875640895743956
5.149622395833331	60.0492808957437
5.249622395833331	61.22292089574332
5.349622395833331	62.39656089574309
5.44962239583333	63.57020089574267
5.54962239583333	64.74384089574252
5.64962239583333	65.91748089574214
5.749622395833329	67.09112089574178
5.849622395833329	68.26476089574145
5.9496223958333285	69.43840089574101
6.049622395833328	70.61204089574073
6.149622395833328	71.78568089574036
6.2496223958333275	72.95932089574002
6.349622395833327	74.13296089573969
6.449622395833327	75.30660089573912
6.549622395833326	76.4802408957389
6.649622395833326	77.65388089573844
6.749622395833326	78.82752089573813
6.849622395833325	80.00116089573774
6.949622395833325	81.17480089573722
7.049622395833325	82.34844089573669
7.149622395833324	83.52208089573625
7.249622395833324	84.69572089573589
7.3496223958333236	85.86936089573528
7.449622395833323	87.04300089573492
7.549622395833323	88.2166408957344
7.6496223958333225	89.39028089573394
7.749622395833322	90.56392089573347
7.849622395833322	91.73756089573304
7.949622395833321	92.91120089573228
8.049622395833321	94.08484089573214
8.14962239583332	95.2584808957318
8.24962239583332	96.43212089573183
8.34962239583332	97.60576089573173
8.44962239583332	98.7794008957317
8.54962239583332	99.95304089573172
8.649622395833319	101.1266808957318
8.749622395833319	102.30032089573173
8.849622395833318	103.47396089573172
8.949622395833318	104.64760089573177
9.049622395833318	105.8212408957318
9.149622395833317	106.99488089573171
9.249622395833317	108.16852089573204
9.349622395833316	109.34216089573204
9.449622395833316	110.51580089573207
9.549622395833316	111.68944089573213
9.649622395833315	112.86308089573208
9.749622395833315	114.03672089573207
9.849622395833315	115.2103608957322
9.949622395833314	116.38400089573213
10.049622395833314	117.5576408957322
10.149622395833314	118.73128089573227
10.249622395833313	119.90492089573229
10.349622395833313	121.07856089573181
10.449622395833313	122.25220089573197
10.549622395833312	123.42584089573192
10.649622395833312	124.59948089573196
10.749622395833311	125.77312089573189
10.849622395833311	126.9467608957318
10.94962239583331	128.12040089573196
11.04962239583331	129.29404089573194
11.14962239583331	130.46768089573186
11.24962239583331	131.47278177177367
11.34962239583331	132.4495817717736
11.449622395833309	133.42638177177372
11.549622395833309	134.40318177177366
11.649622395833308	135.3799817717737
11.749622395833308	136.35678177177383
11.849622395833308	137.33358177177388
11.949622395833307	138.31038177177385
12.049622395833307	139.3166700009405
12.149622395833306	140.32307000094033
12.249622395833306	141.32947000094043
12.349622395833306	142.33587000094053
12.449622395833305	143.3422700009406
12.549622395833305	144.34867000094033
12.649622395833305	144.4531102092741
12.749622395833304	144.4531102092741
12.849622395833304	144.4531102092741
12.949622395833304	144.4531102092741
13.049622395833303	144.4531102092741
13.149622395833303	144.4531102092741
13.249622395833303	144.4531102092741
13.349622395833302	144.4531102092741
13.449622395833302	144.4531102092741
13.549622395833302	144.4531102092741
13.649622395833301	144.4531102092741
13.7496223958333	144.4531102092741
13.8496223958333	144.4531102092741
13.9496223958333	144.4531102092741
14.0496223958333	144.4531102092741
14.1496223958333	144.4531102092741
14.249622395833299	144.4531102092741
14.349622395833299	144.4531102092741
14.449622395833298	144.4531102092741
14.549622395833298	144.4531102092741
14.649622395833298	144.4531102092741
14.749622395833297	144.4531102092741
14.849622395833297	144.4531102092741
14.949622395833297	144.4531102092741
15.049622395833296	144.4531102092741
15.149622395833296	144.4531102092741
15.249622395833295	144.4531102092741
15.349622395833295	144.4531102092741
15.449622395833295	144.4531102092741
15.549622395833294	144.4531102092741
15.649622395833294	144.4531102092741
15.749622395833294	144.4531102092741
15.849622395833293	144.4531102092741
15.949622395833293	144.4531102092741
16.049622395833293	144.4531102092741
16.149622395833294	144.4531102092741
16.249622395833295	144.4531102092741
16.349622395833297	144.4531102092741
16.4496223958333	144.4531102092741
16.5496223958333	144.4531102092741
16.6496223958333	144.4531102092741
16.749622395833303	144.4531102092741
16.849622395833304	144.4531102092741
16.949622395833305	144.4531102092741
17.049622395833307	144.4531102092741
17.14962239583331	144.4531102092741
17.24962239583331	144.4531102092741
17.34962239583331	144.4531102092741
17.449622395833313	144.4531102092741
17.549622395833314	144.4531102092741
17.649622395833315	144.4531102092741
17.749622395833317	144.4531102092741
17.849622395833318	144.4531102092741
17.94962239583332	144.4531102092741
18.04962239583332	144.4531102092741
18.149622395833322	144.4531102092741
18.249622395833324	144.4531102092741
18.349622395833325	144.4531102092741
18.449622395833327	144.4531102092741
18.549622395833328	144.4531102092741
18.64962239583333	144.4531102092741
18.74962239583333	144.4531102092741
18.849622395833332	144.4531102092741
18.949622395833334	144.4531102092741
19.049622395833335	144.4531102092741
19.149622395833337	144.4531102092741
19.249622395833338	144.4531102092741
19.34962239583334	144.4531102092741
19.44962239583334	144.4531102092741
19.549622395833342	144.4531102092741
19.649622395833344	144.4531102092741
19.749622395833345	144.4531102092741
19.849622395833347	144.4531102092741
19.949622395833348	144.4531102092741
20.04962239583335	144.4531102092741
20.14962239583335	144.4531102092741
20.249622395833352	144.4531102092741
20.349622395833354	144.4531102092741
20.449622395833355	144.4531102092741
20.549622395833357	144.4531102092741
20.649622395833358	144.4531102092741
20.74962239583336	144.4531102092741
20.84962239583336	144.4531102092741
20.949622395833362	144.4531102092741
21.049622395833364	144.4531102092741
21.149622395833365	144.4531102092741
21.249622395833367	144.4531102092741
21.349622395833368	144.4531102092741
21.44962239583337	144.4531102092741
21.54962239583337	144.4531102092741
21.649622395833372	144.4531102092741
21.749622395833374	144.4531102092741
21.849622395833375	144.4531102092741
21.949622395833376	144.4531102092741
22.049622395833378	144.4531102092741
22.14962239583338	144.4531102092741
22.24962239583338	144.4531102092741
22.349622395833382	144.4531102092741
22.449622395833384	144.4531102092741
22.549622395833385	144.4531102092741
22.649622395833386	144.4531102092741
22.749622395833388	144.4531102092741
22.84962239583339	144.4531102092741
22.94962239583339	144.4531102092741
23.049622395833392	144.4531102092741
23.149622395833394	144.4531102092741
23.249622395833395	144.4531102092741
23.349622395833396	144.4531102092741
23.449622395833398	144.4531102092741
23.5496223958334	144.4531102092741
23.6496223958334	144.4531102092741
23.749622395833402	144.4531102092741
23.849622395833403	144.5158967511752
23.949622395833405	144.6143167511751
24.049622395833406	144.71273675117524
24.149622395833408	144.81115675117493
24.24962239583341	144.90957675117508
24.34962239583341	145.0079967511751
24.449622395833412	145.10641675117554
24.549622395833413	145.20483675117515
24.649622395833415	145.30325675117518
24.749622395833416	145.40167675117513
24.849622395833418	145.50009675117514
24.94962239583342	145.59851675117497
25.04962239583342	145.696936751175
25.149622395833422	145.79535675117512
25.235684803001877	145.8793761565505
1000025.235684803	145.8793761565505
