-100000	0
0	0
0.0033333333333333335	0.032936227097399295
0.008333333333333333	0.08300646507145552
0.01583333333333333	0.1589371750967805
0.02708333333333333	0.2741448856895843
0.043958333333333335	0.44911829021446414
0.06927083333333334	0.715219578605811
0.10723958333333333	1.1204282537107946
0.16419270833333333	1.7387436560590002
0.24962239583333334	2.683194615751188
0.3496223958333333	3.807437826395377
0.4496223958333333	4.946356165835036
0.5496223958333333	6.0961369035541315
0.6496223958333333	7.254034331946711
0.7496223958333332	8.417939114127421
0.8496223958333332	9.58615088807773
0.9496223958333332	10.757276134759065
1.0496223958333333	11.930120208094513
1.1496223958333334	13.103670383265186
1.2496223958333335	14.277310383265204
1.3496223958333335	15.450950383265232
1.4496223958333336	16.624590383265257
1.5496223958333337	17.798230383265253
1.6496223958333338	18.971870383265234
1.749622395833334	20.145510383265208
1.849622395833334	21.319150383265203
1.949622395833334	22.492790383265167
2.049622395833334	23.66643038326514
2.149622395833334	24.840070383265076
2.249622395833334	26.01371038326504
2.349622395833334	27.18735038326495
2.4496223958333343	28.36099038326491
2.5496223958333344	29.5346303832648
2.6496223958333345	30.70827038326471
2.7496223958333346	31.881910383264657
2.8496223958333347	33.05555038326451
2.9496223958333347	34.229190383264424
3.049622395833335	35.40283038326432
3.149622395833335	36.576470383264194
3.249622395833335	37.75011038326404
3.349622395833335	38.92375038326392
3.449622395833335	40.09739038326376
3.5496223958333353	41.271030383263636
3.6496223958333354	42.444670383263464
3.7496223958333355	43.61831038326324
3.8496223958333355	44.79195038326309
3.9496223958333356	45.96559038326286
4.049622395833335	47.13923038326269
4.149622395833335	48.31287038326248
4.249622395833335	49.48651038326225
4.349622395833334	50.66015038326208
4.449622395833334	51.83379038326178
4.5496223958333335	53.00743038326159
4.649622395833333	54.181070383261265
4.749622395833333	55.354710383261136
4.849622395833332	56.5283503832608
4.949622395833332	57.701990383260544
5.049622395833332	58.875630383260216
5.149622395833331	60.049270383260044
5.249622395833331	61.222910383259645
5.349622395833331	62.396550383259296
5.44962239583333	63.57019038325907
5.54962239583333	64.74383038325868
5.64962239583333	65.91747038325845
5.749622395833329	67.09111038325807
5.849622395833329	68.26475038325769
5.9496223958333285	69.43839038325756
6.049622395833328	70.61203038325701
6.149622395833328	71.78567038325669
6.2496223958333275	72.95931038325642
6.349622395833327	74.13295038325595
6.449622395833327	75.3065903832556
6.549622395833326	76.48023038325529
6.649622395833326	77.65387038325478
6.749622395833326	78.82751038325439
6.849622395833325	80.00115038325386
6.949622395833325	81.17479038325357
7.049622395833325	82.3484303832529
7.149622395833324	83.52207038325261
7.249622395833324	84.69571038325208
7.3496223958333236	85.86935038325167
7.449622395833323	87.04299038325114
7.549622395833323	88.21663038325084
7.6496223958333225	89.39027038325025
7.749622395833322	90.56391038324989
7.849622395833322	91.73755038324921
7.949622395833321	92.91119038324881
8.049622395833321	94.08483038324839
8.14962239583332	95.25847038324805
8.24962239583332	96.43211038324769
8.34962239583332	97.6057503832478
8.44962239583332	98.77939038324766
8.54962239583332	99.95303038324772
8.649622395833319	101.12667038324767
8.749622395833319	102.30031038324765
8.849622395833318	103.47395038324788
8.949622395833318	104.64759038324789
9.049622395833318	105.82123038324764
9.149622395833317	106.99487038324777
9.249622395833317	108.16851038324776
9.349622395833316	109.34215038324773
9.449622395833316	110.51579038324785
9.549622395833316	111.68943038324785
9.649622395833315	112.86307038324789
9.749622395833315	114.03671038324785
9.849622395833315	115.21035038324787
9.949622395833314	116.38399038324796
10.049622395833314	117.55763038324783
10.149622395833314	118.7312703832479
10.249622395833313	119.90491038324784
10.349622395833313	121.07855038324777
10.449622395833313	122.25219038324794
10.549622395833312	123.42583038324804
10.649622395833312	124.59947038324798
10.749622395833311	125.77311038324794
10.849622395833311	126.94675038324795
10.94962239583331	128.120390383248
11.04962239583331	129.2940303832481
11.14962239583331	130.46767038324785
11.24962239583331	131.4727712592895
11.34962239583331	132.44957125928983
11.449622395833309	133.42637125928977
11.549622395833309	134.40317125928982
11.649622395833308	135.37997125928968
11.749622395833308	136.35677125928964
11.849622395833308	137.3335712592898
11.949622395833307	138.31037125928964
12.049622395833307	139.31665948845668
12.149622395833306	140.32305948845658
12.249622395833306	141.32945948845637
12.349622395833306	142.33585948845663
12.449622395833305	143.34225948845645
12.549622395833305	144.34865948845655
12.649622395833305	144.4530996967903
12.749622395833304	144.4530996967903
12.849622395833304	144.4530996967903
12.949622395833304	144.4530996967903
13.049622395833303	144.4530996967903
13.149622395833303	144.4530996967903
13.249622395833303	144.4530996967903
13.349622395833302	144.4530996967903
13.449622395833302	144.4530996967903
13.549622395833302	144.4530996967903
13.649622395833301	144.4530996967903
13.7496223958333	144.4530996967903
13.8496223958333	144.4530996967903
13.9496223958333	144.4530996967903
14.0496223958333	144.4530996967903
14.1496223958333	144.4530996967903
14.249622395833299	144.4530996967903
14.349622395833299	144.4530996967903
14.449622395833298	144.4530996967903
14.549622395833298	144.4530996967903
14.649622395833298	144.4530996967903
14.749622395833297	144.4530996967903
14.849622395833297	144.4530996967903
14.949622395833297	144.4530996967903
15.049622395833296	144.4530996967903
15.149622395833296	144.4530996967903
15.249622395833295	144.4530996967903
15.349622395833295	144.4530996967903
15.449622395833295	144.4530996967903
15.549622395833294	144.4530996967903
15.649622395833294	144.4530996967903
15.749622395833294	144.4530996967903
15.849622395833293	144.4530996967903
15.949622395833293	144.4530996967903
16.049622395833293	144.4530996967903
16.149622395833294	144.4530996967903
16.249622395833295	144.4530996967903
16.349622395833297	144.4530996967903
16.4496223958333	144.4530996967903
16.5496223958333	144.4530996967903
16.6496223958333	144.4530996967903
16.749622395833303	144.4530996967903
16.849622395833304	144.4530996967903
16.949622395833305	144.4530996967903
17.049622395833307	144.4530996967903
17.14962239583331	144.4530996967903
17.24962239583331	144.4530996967903
17.34962239583331	144.4530996967903
17.449622395833313	144.4530996967903
17.549622395833314	144.4530996967903
17.649622395833315	144.4530996967903
17.749622395833317	144.4530996967903
17.849622395833318	144.4530996967903
17.94962239583332	144.4530996967903
18.04962239583332	144.4530996967903
18.149622395833322	144.4530996967903
18.249622395833324	144.4530996967903
18.349622395833325	144.4530996967903
18.449622395833327	144.4530996967903
18.549622395833328	144.4530996967903
18.64962239583333	144.4530996967903
18.74962239583333	144.4530996967903
18.849622395833332	144.4530996967903
18.949622395833334	144.4530996967903
19.049622395833335	144.4530996967903
19.149622395833337	144.4530996967903
19.249622395833338	144.4530996967903
19.34962239583334	144.4530996967903
19.44962239583334	144.4530996967903
19.549622395833342	144.4530996967903
19.649622395833344	144.4530996967903
19.749622395833345	144.4530996967903
19.849622395833347	144.4530996967903
19.949622395833348	144.4530996967903
20.04962239583335	144.4530996967903
20.14962239583335	144.4530996967903
20.249622395833352	144.4530996967903
20.349622395833354	144.4530996967903
20.449622395833355	144.4530996967903
20.549622395833357	144.4530996967903
20.649622395833358	144.4530996967903
20.74962239583336	144.4530996967903
20.84962239583336	144.4530996967903
20.949622395833362	144.4530996967903
21.049622395833364	144.4530996967903
21.149622395833365	144.4530996967903
21.249622395833367	144.4530996967903
21.349622395833368	144.4530996967903
21.44962239583337	144.4530996967903
21.54962239583337	144.4530996967903
21.649622395833372	144.4530996967903
21.749622395833374	144.4530996967903
21.849622395833375	144.4530996967903
21.949622395833376	144.4530996967903
22.049622395833378	144.4530996967903
22.14962239583338	144.4530996967903
22.24962239583338	144.4530996967903
22.349622395833382	144.4530996967903
22.449622395833384	144.4530996967903
22.549622395833385	144.4530996967903
22.649622395833386	144.4530996967903
22.749622395833388	144.4530996967903
22.84962239583339	144.4530996967903
22.94962239583339	144.4530996967903
23.049622395833392	144.4530996967903
23.149622395833394	144.4530996967903
23.249622395833395	144.4530996967903
23.349622395833396	144.4530996967903
23.449622395833398	144.4530996967903
23.5496223958334	144.4530996967903
23.6496223958334	144.4530996967903
23.749622395833402	144.45325517049537
23.849622395833403	144.54152419957768
23.949622395833405	144.6399441995777
24.049622395833406	144.73836419957783
24.149622395833408	144.83678419957786
24.24962239583341	144.9352041995777
24.34962239583341	145.03362419957813
24.449622395833412	145.13204419957754
24.549622395833413	145.23046419957765
24.649622395833415	145.32888419957771
24.749622395833416	145.42730419957778
24.849622395833418	145.5257241995777
24.94962239583342	145.62414419957793
25.04962239583342	145.72256419957787
25.149622395833422	145.82098419957765
25.23707317073171	145.90637003647282
1000025.2370731707	145.90637003647282
