-100000	0
0	0
0.0033333333333333335	0.032936124540183895
0.008333333333333333	0.08300620991801405
0.01583333333333333	0.15893669367575902
0.02708333333333333	0.27414407278243336
0.043958333333333335	0.44911699649313974
0.06927083333333334	0.7152176008062424
0.10723958333333333	1.1204253091399583
0.16419270833333333	1.738739439352344
0.24962239583333334	2.6831887986274405
0.3496223958333333	3.8074305348815174
0.4496223958333333	4.946347763880134
0.5496223958333333	6.0961276899468535
0.6496223958333333	7.254024554091045
0.7496223958333332	8.417928967538622
0.8496223958333332	9.586140518210566
0.9496223958333332	10.757265657218804
1.0496223958333333	11.930109687677069
1.1496223958333334	13.103659857323423
1.2496223958333335	14.27729985732344
1.3496223958333335	15.45093985732345
1.4496223958333336	16.62457985732345
1.5496223958333337	17.798219857323456
1.6496223958333338	18.97185985732347
1.749622395833334	20.145499857323447
1.849622395833334	21.319139857323453
1.949622395833334	22.492779857323377
2.049622395833334	23.66641985732337
2.149622395833334	24.840059857323325
2.249622395833334	26.01369985732326
2.349622395833334	27.18733985732316
2.4496223958333343	28.360979857323162
2.5496223958333344	29.534619857323083
2.6496223958333345	30.70825985732297
2.7496223958333346	31.88189985732284
2.8496223958333347	33.0555398573228
2.9496223958333347	34.22917985732261
3.049622395833335	35.40281985732256
3.149622395833335	36.57645985732245
3.249622395833335	37.75009985732232
3.349622395833335	38.92373985732222
3.449622395833335	40.09737985732199
3.5496223958333353	41.271019857321896
3.6496223958333354	42.444659857321675
3.7496223958333355	43.618299857321546
3.8496223958333355	44.79193985732137
3.9496223958333356	45.96557985732116
4.049622395833335	47.13921985732086
4.149622395833335	48.31285985732077
4.249622395833335	49.48649985732051
4.349622395833334	50.66013985732029
4.449622395833334	51.83377985732006
4.5496223958333335	53.007419857319746
4.649622395833333	54.18105985731951
4.749622395833333	55.35469985731943
4.849622395833332	56.52833985731905
4.949622395833332	57.70197985731878
5.049622395833332	58.87561985731851
5.149622395833331	60.0492598573182
5.249622395833331	61.22289985731789
5.349622395833331	62.396539857317585
5.44962239583333	63.57017985731725
5.54962239583333	64.74381985731712
5.64962239583333	65.9174598573167
5.749622395833329	67.0910998573164
5.849622395833329	68.26473985731599
5.9496223958333285	69.4383798573156
6.049622395833328	70.61201985731536
6.149622395833328	71.78565985731495
6.2496223958333275	72.95929985731465
6.349622395833327	74.13293985731414
6.449622395833327	75.30657985731371
6.549622395833326	76.4802198573134
6.649622395833326	77.65385985731298
6.749622395833326	78.82749985731263
6.849622395833325	80.00113985731221
6.949622395833325	81.17477985731168
7.049622395833325	82.34841985731127
7.149622395833324	83.52205985731081
7.249622395833324	84.69569985731032
7.3496223958333236	85.86933985730992
7.449622395833323	87.04297985730942
7.549622395833323	88.21661985730913
7.6496223958333225	89.39025985730848
7.749622395833322	90.56389985730793
7.849622395833322	91.73753985730774
7.949622395833321	92.91117985730696
8.049622395833321	94.08481985730653
8.14962239583332	95.25845985730622
8.24962239583332	96.43209985730606
8.34962239583332	97.6057398573057
8.44962239583332	98.77937985730563
8.54962239583332	99.9530198573058
8.649622395833319	101.12665985730567
8.749622395833319	102.3002998573059
8.849622395833318	103.47393985730578
8.949622395833318	104.64757985730576
9.049622395833318	105.82121985730572
9.149622395833317	106.99485985730581
9.249622395833317	108.1684998573057
9.349622395833316	109.34213985730585
9.449622395833316	110.51577985730576
9.549622395833316	111.68941985730586
9.649622395833315	112.86305985730593
9.749622395833315	114.03669985730585
9.849622395833315	115.21033985730593
9.949622395833314	116.38397985730572
10.049622395833314	117.55761985730597
10.149622395833314	118.73125985730584
10.249622395833313	119.90489985730596
10.349622395833313	121.07853985730597
10.449622395833313	122.25217985730582
10.549622395833312	123.42581985730597
10.649622395833312	124.59945985730597
10.749622395833311	125.77309985730574
10.849622395833311	126.94673985730616
10.94962239583331	128.120379857306
11.04962239583331	129.29401985730613
11.14962239583331	130.467659857306
11.24962239583331	131.47276073334763
11.34962239583331	132.44956073334774
11.449622395833309	133.42636073334785
11.549622395833309	134.40316073334773
11.649622395833308	135.37996073334764
11.749622395833308	136.35676073334767
11.849622395833308	137.3335607333476
11.949622395833307	138.31036073334772
12.049622395833307	139.31664896251408
12.149622395833306	140.32304896251458
12.249622395833306	141.3294489625144
12.349622395833306	142.33584896251435
12.449622395833305	143.34224896251453
12.549622395833305	144.3486489625144
12.649622395833305	144.4530891708483
12.749622395833304	144.4530891708483
12.849622395833304	144.4530891708483
12.949622395833304	144.4530891708483
13.049622395833303	144.4530891708483
13.149622395833303	144.4530891708483
13.249622395833303	144.4530891708483
13.349622395833302	144.4530891708483
13.449622395833302	144.4530891708483
13.549622395833302	144.4530891708483
13.649622395833301	144.4530891708483
13.7496223958333	144.4530891708483
13.8496223958333	144.4530891708483
13.9496223958333	144.4530891708483
14.0496223958333	144.4530891708483
14.1496223958333	144.4530891708483
14.249622395833299	144.4530891708483
14.349622395833299	144.4530891708483
14.449622395833298	144.4530891708483
14.549622395833298	144.4530891708483
14.649622395833298	144.4530891708483
14.749622395833297	144.4530891708483
14.849622395833297	144.4530891708483
14.949622395833297	144.4530891708483
15.049622395833296	144.4530891708483
15.149622395833296	144.4530891708483
15.249622395833295	144.4530891708483
15.349622395833295	144.4530891708483
15.449622395833295	144.4530891708483
15.549622395833294	144.4530891708483
15.649622395833294	144.4530891708483
15.749622395833294	144.4530891708483
15.849622395833293	144.4530891708483
15.949622395833293	144.4530891708483
16.049622395833293	144.4530891708483
16.149622395833294	144.4530891708483
16.249622395833295	144.4530891708483
16.349622395833297	144.4530891708483
16.4496223958333	144.4530891708483
16.5496223958333	144.4530891708483
16.6496223958333	144.4530891708483
16.749622395833303	144.4530891708483
16.849622395833304	144.4530891708483
16.949622395833305	144.4530891708483
17.049622395833307	144.4530891708483
17.14962239583331	144.4530891708483
17.24962239583331	144.4530891708483
17.34962239583331	144.4530891708483
17.449622395833313	144.4530891708483
17.549622395833314	144.4530891708483
17.649622395833315	144.4530891708483
17.749622395833317	144.4530891708483
17.849622395833318	144.4530891708483
17.94962239583332	144.4530891708483
18.04962239583332	144.4530891708483
18.149622395833322	144.4530891708483
18.249622395833324	144.4530891708483
18.349622395833325	144.4530891708483
18.449622395833327	144.4530891708483
18.549622395833328	144.4530891708483
18.64962239583333	144.4530891708483
18.74962239583333	144.4530891708483
18.849622395833332	144.4530891708483
18.949622395833334	144.4530891708483
19.049622395833335	144.4530891708483
19.149622395833337	144.4530891708483
19.249622395833338	144.4530891708483
19.34962239583334	144.4530891708483
19.44962239583334	144.4530891708483
19.549622395833342	144.4530891708483
19.649622395833344	144.4530891708483
19.749622395833345	144.4530891708483
19.849622395833347	144.4530891708483
19.949622395833348	144.4530891708483
20.04962239583335	144.4530891708483
20.14962239583335	144.4530891708483
20.249622395833352	144.4530891708483
20.349622395833354	144.4530891708483
20.449622395833355	144.4530891708483
20.549622395833357	144.4530891708483
20.649622395833358	144.4530891708483
20.74962239583336	144.4530891708483
20.84962239583336	144.4530891708483
20.949622395833362	144.4530891708483
21.049622395833364	144.4530891708483
21.149622395833365	144.4530891708483
21.249622395833367	144.4530891708483
21.349622395833368	144.4530891708483
21.44962239583337	144.4530891708483
21.54962239583337	144.4530891708483
21.649622395833372	144.4530891708483
21.749622395833374	144.4530891708483
21.849622395833375	144.4530891708483
21.949622395833376	144.4530891708483
22.049622395833378	144.4530891708483
22.14962239583338	144.4530891708483
22.24962239583338	144.4530891708483
22.349622395833382	144.4530891708483
22.449622395833384	144.4530891708483
22.549622395833385	144.4530891708483
22.649622395833386	144.4530891708483
22.749622395833388	144.4530891708483
22.84962239583339	144.4530891708483
22.94962239583339	144.4530891708483
23.049622395833392	144.4530891708483
23.149622395833394	144.4530891708483
23.249622395833395	144.4530891708483
23.349622395833396	144.4530891708483
23.449622395833398	144.4530891708483
23.5496223958334	144.4530891708483
23.6496223958334	144.4530891708483
23.749622395833402	144.4687316345224
23.849622395833403	144.5671516345224
23.949622395833405	144.66557163452208
24.049622395833406	144.76399163452245
24.149622395833408	144.8624116345223
24.24962239583341	144.96083163452244
24.34962239583341	145.05925163452218
24.449622395833412	145.1576716345224
24.549622395833413	145.2560916345221
24.649622395833415	145.35451163452254
24.749622395833416	145.45293163452223
24.849622395833418	145.55135163452238
24.94962239583342	145.6497716345221
25.04962239583342	145.74819163452227
25.149622395833422	145.84661163452245
25.23846153846154	145.93336390293706
1000025.2384615385	145.93336390293706
