-100000	0
0	0
0.0033333333333333335	0.03293602197965853
0.008333333333333333	0.08300595473132974
0.01583333333333333	0.1589362121476124
0.02708333333333333	0.2741432597681542
0.043958333333333335	0.4491150272267664
0.06927083333333334	0.7152156222467351
0.10723958333333333	1.120422362765216
0.16419270833333333	1.7387352201220374
0.24962239583333334	2.6831829775336313
0.3496223958333333	3.8074232375698385
0.4496223958333333	4.946339354760555
0.5496223958333333	6.096118467742123
0.6496223958333333	7.254014766222734
0.7496223958333332	8.417918809632617
0.8496223958333332	9.586130135929354
0.9496223958333332	10.757255166836186
1.0496223958333333	11.930099153875208
1.1496223958333334	13.10364931792357
1.2496223958333335	14.277289317923644
1.3496223958333335	15.450929317923642
1.4496223958333336	16.624569317923623
1.5496223958333337	17.79820931792365
1.6496223958333338	18.97184931792363
1.749622395833334	20.145489317923644
1.849622395833334	21.31912931792359
1.949622395833334	22.49276931792357
2.049622395833334	23.66640931792354
2.149622395833334	24.84004931792345
2.249622395833334	26.013689317923436
2.349622395833334	27.187329317923307
2.4496223958333343	28.36096931792326
2.5496223958333344	29.53460931792314
2.6496223958333345	30.70824931792312
2.7496223958333346	31.88188931792302
2.8496223958333347	33.05552931792285
2.9496223958333347	34.22916931792281
3.049622395833335	35.40280931792268
3.149622395833335	36.5764493179226
3.249622395833335	37.75008931792245
3.349622395833335	38.92372931792228
3.449622395833335	40.09736931792211
3.5496223958333353	41.271009317921944
3.6496223958333354	42.444649317921716
3.7496223958333355	43.61828931792162
3.8496223958333355	44.79192931792149
3.9496223958333356	45.96556931792123
4.049622395833335	47.13920931792104
4.149622395833335	48.31284931792086
4.249622395833335	49.48648931792073
4.349622395833334	50.660129317920436
4.449622395833334	51.833769317920115
4.5496223958333335	53.00740931792
4.649622395833333	54.18104931791976
4.749622395833333	55.354689317919366
4.849622395833332	56.52832931791916
4.949622395833332	57.70196931791887
5.049622395833332	58.875609317918716
5.149622395833331	60.04924931791836
5.249622395833331	61.222889317917975
5.349622395833331	62.396529317917704
5.44962239583333	63.570169317917454
5.54962239583333	64.74380931791717
5.64962239583333	65.91744931791682
5.749622395833329	67.09108931791648
5.849622395833329	68.26472931791608
5.9496223958333285	69.43836931791576
6.049622395833328	70.61200931791537
6.149622395833328	71.78564931791504
6.2496223958333275	72.95928931791458
6.349622395833327	74.13292931791429
6.449622395833327	75.30656931791388
6.549622395833326	76.48020931791358
6.649622395833326	77.65384931791313
6.749622395833326	78.82748931791262
6.849622395833325	80.00112931791232
6.949622395833325	81.17476931791192
7.049622395833325	82.34840931791139
7.149622395833324	83.52204931791093
7.249622395833324	84.69568931791054
7.3496223958333236	85.86932931790994
7.449622395833323	87.04296931790955
7.549622395833323	88.21660931790905
7.6496223958333225	89.39024931790856
7.749622395833322	90.56388931790818
7.849622395833322	91.73752931790759
7.949622395833321	92.91116931790721
8.049622395833321	94.08480931790677
8.14962239583332	95.25844931790638
8.24962239583332	96.43208931790615
8.34962239583332	97.60572931790594
8.44962239583332	98.77936931790576
8.54962239583332	99.95300931790564
8.649622395833319	101.12664931790553
8.749622395833319	102.30028931790554
8.849622395833318	103.47392931790573
8.949622395833318	104.64756931790556
9.049622395833318	105.82120931790567
9.149622395833317	106.99484931790572
9.249622395833317	108.16848931790562
9.349622395833316	109.34212931790566
9.449622395833316	110.51576931790551
9.549622395833316	111.68940931790577
9.649622395833315	112.8630493179058
9.749622395833315	114.0366893179057
9.849622395833315	115.21032931790566
9.949622395833314	116.38396931790568
10.049622395833314	117.55760931790576
10.149622395833314	118.73124931790584
10.249622395833313	119.90488931790587
10.349622395833313	121.07852931790572
10.449622395833313	122.2521693179057
10.549622395833312	123.42580931790587
10.649622395833312	124.59944931790578
10.749622395833311	125.77308931790586
10.849622395833311	126.94672931790599
10.94962239583331	128.12036931790587
11.04962239583331	129.29400931790573
11.14962239583331	130.4676493179056
11.24962239583331	131.47275019394752
11.34962239583331	132.4495501939477
11.449622395833309	133.42635019394757
11.549622395833309	134.4031501939475
11.649622395833308	135.3799501939475
11.749622395833308	136.35675019394765
11.849622395833308	137.33355019394745
11.949622395833307	138.3103501939476
12.049622395833307	139.31663842311437
12.149622395833306	140.3230384231144
12.249622395833306	141.32943842311425
12.349622395833306	142.3358384231145
12.449622395833305	143.34223842311442
12.549622395833305	144.3486384231144
12.649622395833305	144.45307863144808
12.749622395833304	144.45307863144808
12.849622395833304	144.45307863144808
12.949622395833304	144.45307863144808
13.049622395833303	144.45307863144808
13.149622395833303	144.45307863144808
13.249622395833303	144.45307863144808
13.349622395833302	144.45307863144808
13.449622395833302	144.45307863144808
13.549622395833302	144.45307863144808
13.649622395833301	144.45307863144808
13.7496223958333	144.45307863144808
13.8496223958333	144.45307863144808
13.9496223958333	144.45307863144808
14.0496223958333	144.45307863144808
14.1496223958333	144.45307863144808
14.249622395833299	144.45307863144808
14.349622395833299	144.45307863144808
14.449622395833298	144.45307863144808
14.549622395833298	144.45307863144808
14.649622395833298	144.45307863144808
14.749622395833297	144.45307863144808
14.849622395833297	144.45307863144808
14.949622395833297	144.45307863144808
15.049622395833296	144.45307863144808
15.149622395833296	144.45307863144808
15.249622395833295	144.45307863144808
15.349622395833295	144.45307863144808
15.449622395833295	144.45307863144808
15.549622395833294	144.45307863144808
15.649622395833294	144.45307863144808
15.749622395833294	144.45307863144808
15.849622395833293	144.45307863144808
15.949622395833293	144.45307863144808
16.049622395833293	144.45307863144808
16.149622395833294	144.45307863144808
16.249622395833295	144.45307863144808
16.349622395833297	144.45307863144808
16.4496223958333	144.45307863144808
16.5496223958333	144.45307863144808
16.6496223958333	144.45307863144808
16.749622395833303	144.45307863144808
16.849622395833304	144.45307863144808
16.949622395833305	144.45307863144808
17.049622395833307	144.45307863144808
17.14962239583331	144.45307863144808
17.24962239583331	144.45307863144808
17.34962239583331	144.45307863144808
17.449622395833313	144.45307863144808
17.549622395833314	144.45307863144808
17.649622395833315	144.45307863144808
17.749622395833317	144.45307863144808
17.849622395833318	144.45307863144808
17.94962239583332	144.45307863144808
18.04962239583332	144.45307863144808
18.149622395833322	144.45307863144808
18.249622395833324	144.45307863144808
18.349622395833325	144.45307863144808
18.449622395833327	144.45307863144808
18.549622395833328	144.45307863144808
18.64962239583333	144.45307863144808
18.74962239583333	144.45307863144808
18.849622395833332	144.45307863144808
18.949622395833334	144.45307863144808
19.049622395833335	144.45307863144808
19.149622395833337	144.45307863144808
19.249622395833338	144.45307863144808
19.34962239583334	144.45307863144808
19.44962239583334	144.45307863144808
19.549622395833342	144.45307863144808
19.649622395833344	144.45307863144808
19.749622395833345	144.45307863144808
19.849622395833347	144.45307863144808
19.949622395833348	144.45307863144808
20.04962239583335	144.45307863144808
20.14962239583335	144.45307863144808
20.249622395833352	144.45307863144808
20.349622395833354	144.45307863144808
20.449622395833355	144.45307863144808
20.549622395833357	144.45307863144808
20.649622395833358	144.45307863144808
20.74962239583336	144.45307863144808
20.84962239583336	144.45307863144808
20.949622395833362	144.45307863144808
21.049622395833364	144.45307863144808
21.149622395833365	144.45307863144808
21.249622395833367	144.45307863144808
21.349622395833368	144.45307863144808
21.44962239583337	144.45307863144808
21.54962239583337	144.45307863144808
21.649622395833372	144.45307863144808
21.749622395833374	144.45307863144808
21.849622395833375	144.45307863144808
21.949622395833376	144.45307863144808
22.049622395833378	144.45307863144808
22.14962239583338	144.45307863144808
22.24962239583338	144.45307863144808
22.349622395833382	144.45307863144808
22.449622395833384	144.45307863144808
22.549622395833385	144.45307863144808
22.649622395833386	144.45307863144808
22.749622395833388	144.45307863144808
22.84962239583339	144.45307863144808
22.94962239583339	144.45307863144808
23.049622395833392	144.45307863144808
23.149622395833394	144.45307863144808
23.249622395833395	144.45596697831277
23.349622395833396	144.47667259468835
23.449622395833398	144.52783911690517
23.5496223958334	144.6002025141216
23.6496223958334	144.6920989013343
23.749622395833402	144.7886374933087
23.849622395833403	144.88705749330887
23.949622395833405	144.98547749330868
24.049622395833406	145.0838974933089
24.149622395833408	145.18231749330866
24.24962239583341	145.28073749330858
24.34962239583341	145.37915749330858
24.449622395833412	145.47757749330873
24.549622395833413	145.5759974933089
24.649622395833415	145.6744174933087
24.749622395833416	145.77283749330869
24.849622395833418	145.8712574933089
24.94962239583342	145.96967749330884
25.04962239583342	146.0680974933089
25.149622395833422	146.16651749330887
25.23984990619137	146.2546361932432
1000025.2398499062	146.2546361932432
