-100000	0
0.4266937866210938	0
0.43002711995442716	0.0000006515559051077475
0.43502711995442717	0.000007250158095179956
0.4425271199544272	0.000041295514229594667
0.45377711995442715	0.00017486157880127514
0.47065211995442713	0.0006331338360338789
0.49596461995442714	0.0020832293766976095
0.5339333699544272	0.006416116779918761
0.5908864949544272	0.018742518589934504
0.6763161824544273	0.052210796475215815
0.7763161824544272	0.11174425407908714
0.8763161824544272	0.1853116392194046
0.9763161824544272	0.2684938953255132
1.0763161824544272	0.3586012676465988
1.1763161824544273	0.45369043563319494
1.2763161824544274	0.5522459368366534
1.3763161824544274	0.6531208353532927
1.4763161824544275	0.7552655172165964
1.5763161824544276	0.8578389302810625
1.6763161824544277	0.9600853584952155
1.7763161824544278	1.0613202761143046
1.8763161824544279	1.1609320362487834
1.976316182454428	1.2584552097587585
2.076316182454428	1.353445573179263
2.176316182454428	1.4455119266898422
2.276316182454428	1.5342516980859333
2.376316182454428	1.619334131710544
2.476316182454428	1.7006897025379057
2.5763161824544283	1.7780529885353042
2.6763161824544284	1.8513748113230135
2.7763161824544285	1.9204967211174833
2.8763161824544285	1.9854579734314688
2.9763161824544286	2.046344717547612
3.0763161824544287	2.103342366967301
3.176316182454429	2.1566248273512625
3.276316182454429	2.206477379040792
3.376316182454429	2.253245985461027
3.476316182454429	2.2972857263617
3.576316182454429	2.3390268747701906
3.6763161824544293	2.3789041764771373
3.7763161824544293	2.417414143191875
3.8763161824544294	2.4550809132333367
3.9763161824544295	2.4923996352955538
4.07631618245443	2.5299089533369608
4.176316182454429	2.5682204832613826
4.276316182454429	2.6080981802019885
4.3763161824544285	2.6504471483117036
4.476316182454428	2.6964454738480907
4.576316182454428	2.747535856878406
4.6763161824544275	2.8055383841028934
4.776316182454427	2.872471768548207
4.876316182454427	2.950687894987083
4.976316182454426	3.0428262867811577
5.076316182454426	3.152047479970273
5.176316182454426	3.2819779733022836
5.276316182454425	3.437332678831768
5.376316182454425	3.624025745858621
5.476316182454425	3.8480645833622082
5.576316182454424	4.107669983543977
5.676316182454424	4.400470113064572
5.776316182454424	4.725021227871962
5.876316182454423	5.079119537868377
5.976316182454423	5.461642231903987
6.0763161824544225	5.871041769866663
6.176316182454422	6.305603704395762
6.276316182454422	6.764379656183036
6.376316182454421	7.24522750870294
6.476316182454421	7.747788097018669
6.576316182454421	8.268400387558174
6.67631618245442	8.810748279670982
6.77631618245442	9.372078704507041
6.87631618245442	9.950944274009661
6.976316182454419	10.547010172021965
7.076316182454419	11.15920907272135
7.176316182454419	11.786727525515587
7.276316182454418	12.428938471064301
7.376316182454418	13.085430387771721
7.4763161824544175	13.755155599794294
7.576316182454417	14.437947256242506
7.676316182454417	15.133107024025893
7.7763161824544165	15.840055739132177
7.876316182454416	16.558132604843447
7.976316182454416	17.287440527393546
8.076316182454416	18.027077758156974
8.176316182454416	18.776347161611614
8.276316182454416	19.535872424511062
8.376316182454415	20.304352722153418
8.476316182454415	21.081740918226398
8.576316182454415	21.867547666853103
8.676316182454414	22.661567835120568
8.776316182454414	23.463550188073597
8.876316182454413	24.272979872018606
8.976316182454413	25.089367862649798
9.076316182454413	25.913472471121725
9.176316182454412	26.74367064531169
9.276316182454412	27.580924569952362
9.376316182454412	28.42387492285351
9.476316182454411	29.27325320273142
9.576316182454411	30.12797949972781
9.67631618245441	30.988489533632627
9.77631618245441	31.8543658788739
9.87631618245441	32.72525835914281
9.97631618245441	33.600987684371184
10.07631618245441	34.48123511250704
10.176316182454409	35.36576247581577
10.276316182454408	36.254364115034306
10.376316182454408	37.14678359827421
10.476316182454408	38.04276709506039
10.576316182454407	38.94216013832774
10.676316182454407	39.84463613214941
10.776316182454407	40.750086108642044
10.876316182454406	41.65825158546037
10.976316182454406	42.56887650425118
11.076316182454406	43.48185574622168
11.176316182454405	44.39692762058818
11.276316182454405	45.31387758889868
11.376316182454405	46.23256386434809
11.476316182454404	47.15268221384706
11.576316182454404	48.07416377789333
11.676316182454404	48.9967458309014
11.776316182454403	49.92020060345594
11.876316182454403	50.844399447145854
11.976316182454402	51.76914512757946
12.076316182454402	52.69425228411014
12.176316182454402	53.61953361746785
12.276316182454401	54.54464359089544
12.376316182454401	55.469495758791155
12.4763161824544	56.394097101565876
12.5763161824544	57.318108902457176
12.6763161824544	58.214210910216956
12.7763161824544	58.220200873497596
12.8763161824544	58.22016610101635
12.976316182454399	58.22013167378542
13.076316182454399	58.22009759180447
13.176316182454398	58.22006385507313
13.276316182454398	58.22003046359218
13.376316182454397	58.219997417360844
13.476316182454397	58.21996471637975
13.576316182454397	58.21993236064812
13.676316182454396	58.21990035016696
13.776316182454396	58.219868684935555
13.876316182454396	58.21983736495412
13.976316182454395	58.21980639022252
14.076316182454395	58.21977576074094
14.176316182454395	58.219745476509516
14.276316182454394	58.219715537527506
14.376316182454394	58.219685943796044
14.476316182454394	58.2196566953143
14.576316182454393	58.21962779208244
14.676316182454393	58.2195992341002
14.776316182454392	58.21957102136858
14.876316182454392	58.21954315388658
14.976316182454392	58.21951563165411
15.076316182454391	58.219488454672515
15.176316182454391	58.219461622940216
15.27631618245439	58.21943513645812
15.37631618245439	58.219408995225535
15.47631618245439	58.21938319924343
15.57631618245439	58.219357748511484
15.67631618245439	58.2193326430289
15.776316182454389	58.219307882796734
15.876316182454389	58.21928346781412
15.976316182454388	58.21925939808121
16.076316182454388	58.219235673598845
16.17631618245439	58.21921229436605
16.27631618245439	58.21918926038344
16.376316182454392	58.21916657165081
16.476316182454394	58.21914422816807
16.576316182454395	58.219122229935294
16.676316182454396	58.21910057695215
16.776316182454398	58.21907926921958
16.8763161824544	58.21905830673617
16.9763161824544	58.21903768950313
17.076316182454402	58.219017417520114
17.176316182454404	58.218997490787366
17.276316182454405	58.218977909303725
17.376316182454406	58.21895867307078
17.476316182454408	58.21893978208744
17.57631618245441	58.21892123635377
17.67631618245441	58.2189030358706
17.776316182454412	58.21888518063731
17.876316182454413	58.21886767065374
17.976316182454415	58.218850505920074
18.076316182454416	58.21883368643655
18.176316182454418	58.21881721220281
18.27631618245442	58.2188010832193
18.37631618245442	58.21878529948546
18.476316182454422	58.218769861001505
18.576316182454423	58.21875476776796
18.676316182454425	58.218740019784185
18.776316182454426	58.218725617050126
18.876316182454428	58.21871155956597
18.97631618245443	58.21869784733171
19.07631618245443	58.218684480347704
19.176316182454432	58.21867145861387
19.276316182454433	58.21865878212937
19.376316182454435	58.2186464508954
19.476316182454436	58.21863446491082
19.576316182454438	58.218622824176556
19.67631618245444	58.21861152869202
19.77631618245444	58.218600578457824
19.876316182454442	58.218589973473165
19.976316182454443	58.218579713738734
20.076316182454445	58.21856979925433
20.176316182454446	58.21856023001926
20.276316182454448	58.21855100603458
20.37631618245445	58.218542127300005
20.47631618245445	58.21853359381514
20.576316182454452	58.21852540558019
20.676316182454453	58.218517562595515
20.776316182454455	58.21851006486047
20.876316182454456	58.21850291237549
20.976316182454458	58.218496105140474
21.07631618245446	58.21848964315521
21.17631618245446	58.21848352642019
21.27631618245446	58.21847775493483
21.376316182454463	58.218472328699654
21.476316182454465	58.218467247714194
21.576316182454466	58.218462511979034
21.676316182454467	58.21845812149357
21.77631618245447	58.21845407625824
21.87631618245447	58.218450376272536
21.97631618245447	58.218447021537074
22.076316182454473	58.21844401205159
22.176316182454475	58.21844134781589
22.276316182454476	58.218439028830275
22.376316182454477	58.21843705509416
22.47631618245448	58.218435426608345
22.57631618245448	58.21843414337245
22.67631618245448	58.218433205386575
22.75	58.218499730834296
1000022.75	58.218499730834296
