-100000	0
0	0
0.0033333333333333335	0.03293591941582474
0.008333333333333333	0.08300569951140196
0.01583333333333333	0.15893573051234103
0.02708333333333333	0.27414244664674947
0.043958333333333335	0.4491130850683191
0.06927083333333334	0.7152136429272836
0.10723958333333333	1.1204194145865642
0.16419270833333333	1.7387309983680947
0.24962239583333334	2.6831771524697903
0.3496223958333333	3.8074159344603493
0.4496223958333333	4.94633093847634
0.5496223958333333	6.09610923694002
0.6496223958333333	7.2540049683417465
0.7496223958333332	8.417908640409523
0.8496223958333332	9.586119741234057
0.9496223958333332	10.757244663611214
1.0496223958333333	11.930088606689106
1.1496223958333334	13.1036387650658
1.2496223958333335	14.277278765065823
1.3496223958333335	15.450918765065829
1.4496223958333336	16.624558765065846
1.5496223958333337	17.79819876506586
1.6496223958333338	18.971838765065833
1.749622395833334	20.145478765065814
1.849622395833334	21.31911876506577
1.949622395833334	22.492758765065783
2.049622395833334	23.666398765065694
2.149622395833334	24.84003876506565
2.249622395833334	26.013678765065592
2.349622395833334	27.187318765065555
2.4496223958333343	28.36095876506548
2.5496223958333344	29.53459876506545
2.6496223958333345	30.708238765065346
2.7496223958333346	31.881878765065157
2.8496223958333347	33.055518765065095
2.9496223958333347	34.229158765065
3.049622395833335	35.402798765064865
3.149622395833335	36.5764387650648
3.249622395833335	37.750078765064636
3.349622395833335	38.92371876506448
3.449622395833335	40.09735876506432
3.5496223958333353	41.270998765064185
3.6496223958333354	42.44463876506394
3.7496223958333355	43.618278765063806
3.8496223958333355	44.791918765063585
3.9496223958333356	45.96555876506344
4.049622395833335	47.13919876506322
4.149622395833335	48.31283876506302
4.249622395833335	49.48647876506276
4.349622395833334	50.66011876506266
4.449622395833334	51.8337587650624
4.5496223958333335	53.007398765062185
4.649622395833333	54.18103876506192
4.749622395833333	55.354678765061664
4.849622395833332	56.52831876506142
4.949622395833332	57.70195876506116
5.049622395833332	58.875598765060765
5.149622395833331	60.049238765060544
5.249622395833331	61.2228787650602
5.349622395833331	62.39651876505999
5.44962239583333	63.570158765059645
5.54962239583333	64.74379876505935
5.64962239583333	65.91743876505896
5.749622395833329	67.09107876505855
5.849622395833329	68.2647187650583
5.9496223958333285	69.438358765058
6.049622395833328	70.61199876505758
6.149622395833328	71.78563876505723
6.2496223958333275	72.95927876505678
6.349622395833327	74.13291876505652
6.449622395833327	75.30655876505611
6.549622395833326	76.48019876505573
6.649622395833326	77.65383876505524
6.749622395833326	78.82747876505495
6.849622395833325	80.00111876505443
6.949622395833325	81.17475876505408
7.049622395833325	82.34839876505359
7.149622395833324	83.52203876505313
7.249622395833324	84.69567876505272
7.3496223958333236	85.86931876505221
7.449622395833323	87.04295876505182
7.549622395833323	88.21659876505124
7.6496223958333225	89.39023876505075
7.749622395833322	90.56387876505032
7.849622395833322	91.7375187650499
7.949622395833321	92.91115876504935
8.049622395833321	94.08479876504899
8.14962239583332	95.25843876504844
8.24962239583332	96.43207876504817
8.34962239583332	97.60571876504788
8.44962239583332	98.77935876504772
8.54962239583332	99.95299876504757
8.649622395833319	101.12663876504763
8.749622395833319	102.30027876504757
8.849622395833318	103.4739187650476
8.949622395833318	104.64755876504762
9.049622395833318	105.82119876504755
9.149622395833317	106.99483876504775
9.249622395833317	108.16847876504768
9.349622395833316	109.34211876504773
9.449622395833316	110.51575876504764
9.549622395833316	111.68939876504764
9.649622395833315	112.8630387650477
9.749622395833315	114.0366787650478
9.849622395833315	115.21031876504755
9.949622395833314	116.38395876504774
10.049622395833314	117.55759876504766
10.149622395833314	118.7312387650477
10.249622395833313	119.90487876504773
10.349622395833313	121.07851876504768
10.449622395833313	122.25215876504762
10.549622395833312	123.4257987650478
10.649622395833312	124.59943876504782
10.749622395833311	125.77307876504781
10.849622395833311	126.94671876504785
10.94962239583331	128.12035876504788
11.04962239583331	129.2939987650478
11.14962239583331	130.46763876504764
11.24962239583331	131.47273964108982
11.34962239583331	132.44953964108953
11.449622395833309	133.4263396410895
11.549622395833309	134.4031396410898
11.649622395833308	135.3799396410897
11.749622395833308	136.35673964108955
11.849622395833308	137.3335396410897
11.949622395833307	138.31033964108943
12.049622395833307	139.31662787025635
12.149622395833306	140.3230278702563
12.249622395833306	141.32942787025615
12.349622395833306	142.33582787025634
12.449622395833305	143.34222787025607
12.549622395833305	144.34862787025645
12.649622395833305	144.45306807858995
12.749622395833304	144.45306807858995
12.849622395833304	144.45306807858995
12.949622395833304	144.45306807858995
13.049622395833303	144.45306807858995
13.149622395833303	144.45306807858995
13.249622395833303	144.45306807858995
13.349622395833302	144.45306807858995
13.449622395833302	144.45306807858995
13.549622395833302	144.45306807858995
13.649622395833301	144.45306807858995
13.7496223958333	144.45306807858995
13.8496223958333	144.45306807858995
13.9496223958333	144.45306807858995
14.0496223958333	144.45306807858995
14.1496223958333	144.45306807858995
14.249622395833299	144.45306807858995
14.349622395833299	144.45306807858995
14.449622395833298	144.45306807858995
14.549622395833298	144.45306807858995
14.649622395833298	144.45306807858995
14.749622395833297	144.45306807858995
14.849622395833297	144.45306807858995
14.949622395833297	144.45306807858995
15.049622395833296	144.45306807858995
15.149622395833296	144.45306807858995
15.249622395833295	144.45306807858995
15.349622395833295	144.45306807858995
15.449622395833295	144.45306807858995
15.549622395833294	144.45306807858995
15.649622395833294	144.45306807858995
15.749622395833294	144.45306807858995
15.849622395833293	144.45306807858995
15.949622395833293	144.45306807858995
16.049622395833293	144.45306807858995
16.149622395833294	144.45306807858995
16.249622395833295	144.45306807858995
16.349622395833297	144.45306807858995
16.4496223958333	144.45306807858995
16.5496223958333	144.45306807858995
16.6496223958333	144.45306807858995
16.749622395833303	144.45306807858995
16.849622395833304	144.45306807858995
16.949622395833305	144.45306807858995
17.049622395833307	144.45306807858995
17.14962239583331	144.45306807858995
17.24962239583331	144.45306807858995
17.34962239583331	144.45306807858995
17.449622395833313	144.45306807858995
17.549622395833314	144.45306807858995
17.649622395833315	144.45306807858995
17.749622395833317	144.45306807858995
17.849622395833318	144.45306807858995
17.94962239583332	144.45306807858995
18.04962239583332	144.45306807858995
18.149622395833322	144.45306807858995
18.249622395833324	144.45306807858995
18.349622395833325	144.45306807858995
18.449622395833327	144.45306807858995
18.549622395833328	144.45306807858995
18.64962239583333	144.45306807858995
18.74962239583333	144.45306807858995
18.849622395833332	144.45306807858995
18.949622395833334	144.45306807858995
19.049622395833335	144.45306807858995
19.149622395833337	144.45306807858995
19.249622395833338	144.45306807858995
19.34962239583334	144.45306807858995
19.44962239583334	144.45306807858995
19.549622395833342	144.45306807858995
19.649622395833344	144.45306807858995
19.749622395833345	144.45306807858995
19.849622395833347	144.45306807858995
19.949622395833348	144.45306807858995
20.04962239583335	144.45306807858995
20.14962239583335	144.45306807858995
20.249622395833352	144.45306807858995
20.349622395833354	144.45306807858995
20.449622395833355	144.45306807858995
20.549622395833357	144.45306807858995
20.649622395833358	144.45306807858995
20.74962239583336	144.45306807858995
20.84962239583336	144.45306807858995
20.949622395833362	144.45306807858995
21.049622395833364	144.45306807858995
21.149622395833365	144.45306807858995
21.249622395833367	144.45306807858995
21.349622395833368	144.45306807858995
21.44962239583337	144.45306807858995
21.54962239583337	144.45306807858995
21.649622395833372	144.45306807858995
21.749622395833374	144.45306807858995
21.849622395833375	144.45306807858995
21.949622395833376	144.45306807858995
22.049622395833378	144.45306807858995
22.14962239583338	144.45306807858995
22.24962239583338	144.45306807858995
22.349622395833382	144.45306807858995
22.449622395833384	144.45306807858995
22.549622395833385	144.45306807858995
22.649622395833386	144.45306807858995
22.749622395833388	144.45306807858995
22.84962239583339	144.45396835604797
22.94962239583339	144.47410342580253
23.049622395833392	144.52070278127135
23.149622395833394	144.59424107836918
23.249622395833395	144.69111569563015
23.349622395833396	144.77424617302515
23.449622395833398	144.83143726152656
23.5496223958334	144.86278956540022
23.6496223958334	144.87461853402408
23.749622395833402	144.9118991215444
23.849622395833403	145.010319121545
23.949622395833405	145.10873912154486
24.049622395833406	145.2071591215446
24.149622395833408	145.305579121545
24.24962239583341	145.40399912154493
24.34962239583341	145.5024191215449
24.449622395833412	145.60083912154477
24.549622395833413	145.69925912154494
24.649622395833415	145.79767912154492
24.749622395833416	145.89609912154467
24.849622395833418	145.99451912154498
24.94962239583342	146.09293912154493
25.04962239583342	146.19135912154456
25.149622395833422	146.2873746625428
25.240000000000002	146.32801197807615
1000025.24	146.32801197807615
