-100000	0
0	0
0.0033333333333333335	0.0329358168486814
0.008333333333333333	0.08300544425823057
0.01583333333333333	0.15893524876994514
0.02708333333333333	0.2741416334182167
0.043958333333333335	0.44911311284593725
0.06927083333333334	0.7152116628478911
0.10723958333333333	1.1204164646040016
0.16419270833333333	1.7387267740905032
0.24962239583333334	2.683171323435917
0.3496223958333333	3.807408625553047
0.4496223958333333	4.946322515027461
0.5496223958333333	6.096099997540543
0.6496223958333333	7.253995160448119
0.7496223958333332	8.417898459869152
0.8496223958333332	9.586109334124721
0.9496223958333332	10.757234147543908
1.0496223958333333	11.930078046118558
1.1496223958333334	13.103628198749936
1.2496223958333335	14.277268198750017
1.3496223958333335	15.450908198750001
1.4496223958333336	16.624548198750013
1.5496223958333337	17.79818819875003
1.6496223958333338	18.97182819874996
1.749622395833334	20.145468198749985
1.849622395833334	21.319108198749927
1.949622395833334	22.492748198749894
2.049622395833334	23.666388198749853
2.149622395833334	24.840028198749827
2.249622395833334	26.01366819874972
2.349622395833334	27.187308198749687
2.4496223958333343	28.360948198749593
2.5496223958333344	29.534588198749535
2.6496223958333345	30.708228198749474
2.7496223958333346	31.881868198749377
2.8496223958333347	33.05550819874921
2.9496223958333347	34.22914819874914
3.049622395833335	35.40278819874898
3.149622395833335	36.57642819874881
3.249622395833335	37.75006819874871
3.349622395833335	38.92370819874856
3.449622395833335	40.09734819874839
3.5496223958333353	41.27098819874828
3.6496223958333354	42.44462819874805
3.7496223958333355	43.61826819874787
3.8496223958333355	44.79190819874772
3.9496223958333356	45.965548198747534
4.049622395833335	47.139188198747355
4.149622395833335	48.31282819874706
4.249622395833335	49.4864681987469
4.349622395833334	50.66010819874668
4.449622395833334	51.83374819874639
4.5496223958333335	53.0073881987462
4.649622395833333	54.18102819874595
4.749622395833333	55.35466819874577
4.849622395833332	56.52830819874545
4.949622395833332	57.701948198745065
5.049622395833332	58.875588198744964
5.149622395833331	60.04922819874454
5.249622395833331	61.2228681987443
5.349622395833331	62.39650819874398
5.44962239583333	63.57014819874364
5.54962239583333	64.74378819874337
5.64962239583333	65.91742819874294
5.749622395833329	67.09106819874266
5.849622395833329	68.26470819874224
5.9496223958333285	69.43834819874203
6.049622395833328	70.61198819874164
6.149622395833328	71.78562819874125
6.2496223958333275	72.95926819874077
6.349622395833327	74.13290819874064
6.449622395833327	75.30654819874023
6.549622395833326	76.48018819873981
6.649622395833326	77.65382819873938
6.749622395833326	78.82746819873896
6.849622395833325	80.00110819873852
6.949622395833325	81.1747481987381
7.049622395833325	82.34838819873761
7.149622395833324	83.52202819873723
7.249622395833324	84.69566819873658
7.3496223958333236	85.8693081987363
7.449622395833323	87.04294819873586
7.549622395833323	88.21658819873548
7.6496223958333225	89.39022819873497
7.749622395833322	90.5638681987345
7.849622395833322	91.73750819873398
7.949622395833321	92.91114819873343
8.049622395833321	94.084788198733
8.14962239583332	95.25842819873243
8.24962239583332	96.43206819873218
8.34962239583332	97.6057081987319
8.44962239583332	98.77934819873163
8.54962239583332	99.95298819873156
8.649622395833319	101.12662819873141
8.749622395833319	102.30026819873137
8.849622395833318	103.47390819873138
8.949622395833318	104.64754819873122
9.049622395833318	105.82118819873125
9.149622395833317	106.99482819873126
9.249622395833317	108.16846819873138
9.349622395833316	109.34210819873145
9.449622395833316	110.51574819873137
9.549622395833316	111.6893881987313
9.649622395833315	112.86302819873136
9.749622395833315	114.03666819873145
9.849622395833315	115.21030819873135
9.949622395833314	116.38394819873135
10.049622395833314	117.55758819873132
10.149622395833314	118.73122819873137
10.249622395833313	119.90486819873139
10.349622395833313	121.07850819873147
10.449622395833313	122.25214819873145
10.549622395833312	123.42578819873152
10.649622395833312	124.59942819873136
10.749622395833311	125.77306819873168
10.849622395833311	126.94670819873161
10.94962239583331	128.12034819873148
11.04962239583331	129.29398819873128
11.14962239583331	130.4676281987315
11.24962239583331	131.4727290747732
11.34962239583331	132.4495290747732
11.449622395833309	133.4263290747733
11.549622395833309	134.40312907477315
11.649622395833308	135.3799290747733
11.749622395833308	136.35672907477326
11.849622395833308	137.33352907477334
11.949622395833307	138.31032907477345
12.049622395833307	139.3166173039398
12.149622395833306	140.32301730393988
12.249622395833306	141.32941730393975
12.349622395833306	142.33581730393996
12.449622395833305	143.34221730393992
12.549622395833305	144.34861730394007
12.649622395833305	144.45305751227363
12.749622395833304	144.45305751227363
12.849622395833304	144.45305751227363
12.949622395833304	144.45305751227363
13.049622395833303	144.45305751227363
13.149622395833303	144.45305751227363
13.249622395833303	144.45305751227363
13.349622395833302	144.45305751227363
13.449622395833302	144.45305751227363
13.549622395833302	144.45305751227363
13.649622395833301	144.45305751227363
13.7496223958333	144.45305751227363
13.8496223958333	144.45305751227363
13.9496223958333	144.45305751227363
14.0496223958333	144.45305751227363
14.1496223958333	144.45305751227363
14.249622395833299	144.45305751227363
14.349622395833299	144.45305751227363
14.449622395833298	144.45305751227363
14.549622395833298	144.45305751227363
14.649622395833298	144.45305751227363
14.749622395833297	144.45305751227363
14.849622395833297	144.45305751227363
14.949622395833297	144.45305751227363
15.049622395833296	144.45305751227363
15.149622395833296	144.45305751227363
15.249622395833295	144.45305751227363
15.349622395833295	144.45305751227363
15.449622395833295	144.45305751227363
15.549622395833294	144.45305751227363
15.649622395833294	144.45305751227363
15.749622395833294	144.45305751227363
15.849622395833293	144.45305751227363
15.949622395833293	144.45305751227363
16.049622395833293	144.45305751227363
16.149622395833294	144.45305751227363
16.249622395833295	144.45305751227363
16.349622395833297	144.45305751227363
16.4496223958333	144.45305751227363
16.5496223958333	144.45305751227363
16.6496223958333	144.45305751227363
16.749622395833303	144.45305751227363
16.849622395833304	144.45305751227363
16.949622395833305	144.45305751227363
17.049622395833307	144.45305751227363
17.14962239583331	144.45305751227363
17.24962239583331	144.45305751227363
17.34962239583331	144.45305751227363
17.449622395833313	144.45305751227363
17.549622395833314	144.45305751227363
17.649622395833315	144.45305751227363
17.749622395833317	144.45305751227363
17.849622395833318	144.45305751227363
17.94962239583332	144.45305751227363
18.04962239583332	144.45305751227363
18.149622395833322	144.45305751227363
18.249622395833324	144.45305751227363
18.349622395833325	144.45305751227363
18.449622395833327	144.45305751227363
18.549622395833328	144.45305751227363
18.64962239583333	144.45305751227363
18.74962239583333	144.45305751227363
18.849622395833332	144.45305751227363
18.949622395833334	144.45305751227363
19.049622395833335	144.45305751227363
19.149622395833337	144.45305751227363
19.249622395833338	144.45305751227363
19.34962239583334	144.45305751227363
19.44962239583334	144.45305751227363
19.549622395833342	144.45305751227363
19.649622395833344	144.45305751227363
19.749622395833345	144.45305751227363
19.849622395833347	144.45305751227363
19.949622395833348	144.45305751227363
20.04962239583335	144.45305751227363
20.14962239583335	144.45305751227363
20.249622395833352	144.45305751227363
20.349622395833354	144.45305751227363
20.449622395833355	144.45305751227363
20.549622395833357	144.45305751227363
20.649622395833358	144.45305751227363
20.74962239583336	144.45305751227363
20.84962239583336	144.45305751227363
20.949622395833362	144.45305751227363
21.049622395833364	144.45305751227363
21.149622395833365	144.45305751227363
21.249622395833367	144.45305751227363
21.349622395833368	144.45305751227363
21.44962239583337	144.45305751227363
21.54962239583337	144.45305751227363
21.649622395833372	144.45305751227363
21.749622395833374	144.45305751227363
21.849622395833375	144.45305751227363
21.949622395833376	144.45305751227363
22.049622395833378	144.45305751227363
22.14962239583338	144.45305751227363
22.24962239583338	144.45305751227363
22.349622395833382	144.45305751227363
22.449622395833384	144.45305751227363
22.549622395833385	144.4657608310924
22.649622395833386	144.50492304370368
22.749622395833388	144.57054954202988
22.84962239583339	144.66174004861193
22.94962239583339	144.75050464864168
23.049622395833392	144.81346951521155
23.149622395833394	144.85038283539
23.249622395833395	144.8613344866327
23.349622395833396	144.8613344866327
23.449622395833398	144.8613344866327
23.5496223958334	144.8613344866327
23.6496223958334	144.8613344866327
23.749622395833402	144.89272172526367
23.849622395833403	144.9911417252639
23.949622395833405	145.08956172526408
24.049622395833406	145.18798172526374
24.149622395833408	145.28640172526374
24.24962239583341	145.38482172526358
24.34962239583341	145.48324172526384
24.449622395833412	145.5816617252639
24.549622395833413	145.68008172526368
24.649622395833415	145.7785017252639
24.749622395833416	145.87692172526397
24.849622395833418	145.97534172526386
24.94962239583342	146.07376172526384
25.04962239583342	146.16081575932668
25.12446389496718	146.18209385781424
1000025.124463895	146.18209385781424
