-100000	0
0	0
0.0033333333333333335	0.03293571427822825
0.008333333333333333	0.08300518897181725
0.01583333333333333	0.15893476692042346
0.02708333333333333	0.2741408200825589
0.043958333333333335	0.4491118177185651
0.06927083333333334	0.7152096820085573
0.10723958333333333	1.1204135128175388
0.16419270833333333	1.738722547289276
0.24962239583333334	2.6831654904319957
0.3496223958333333	3.8074013108479323
0.4496223958333333	4.946314084413985
0.5496223958333333	6.096090749543684
0.6496223958333333	7.253985342541844
0.7496223958333332	8.417888268011657
0.8496223958333332	9.586098914601255
0.9496223958333332	10.757223618634336
1.0496223958333333	11.930067472163739
1.1496223958333334	13.1036176189762
1.2496223958333335	14.277257618976225
1.3496223958333335	15.450897618976244
1.4496223958333336	16.62453761897625
1.5496223958333337	17.79817761897626
1.6496223958333338	18.97181761897624
1.749622395833334	20.145457618976216
1.849622395833334	21.31909761897619
1.949622395833334	22.492737618976197
2.049622395833334	23.666377618976135
2.149622395833334	24.840017618976084
2.249622395833334	26.01365761897603
2.349622395833334	27.187297618975926
2.4496223958333343	28.360937618975903
2.5496223958333344	29.53457761897583
2.6496223958333345	30.708217618975777
2.7496223958333346	31.88185761897567
2.8496223958333347	33.05549761897557
2.9496223958333347	34.22913761897544
3.049622395833335	35.402777618975335
3.149622395833335	36.576417618975235
3.249622395833335	37.750057618975134
3.349622395833335	38.923697618974984
3.449622395833335	40.09733761897485
3.5496223958333353	41.27097761897469
3.6496223958333354	42.44461761897452
3.7496223958333355	43.6182576189744
3.8496223958333355	44.79189761897418
3.9496223958333356	45.96553761897406
4.049622395833335	47.1391776189737
4.149622395833335	48.31281761897351
4.249622395833335	49.48645761897342
4.349622395833334	50.660097618973104
4.449622395833334	51.833737618972876
4.5496223958333335	53.00737761897257
4.649622395833333	54.18101761897236
4.749622395833333	55.35465761897228
4.849622395833332	56.52829761897196
4.949622395833332	57.70193761897165
5.049622395833332	58.87557761897137
5.149622395833331	60.04921761897117
5.249622395833331	61.22285761897079
5.349622395833331	62.39649761897053
5.44962239583333	63.570137618970215
5.54962239583333	64.7437776189698
5.64962239583333	65.91741761896958
5.749622395833329	67.09105761896927
5.849622395833329	68.26469761896891
5.9496223958333285	69.43833761896863
6.049622395833328	70.61197761896835
6.149622395833328	71.7856176189679
6.2496223958333275	72.95925761896748
6.349622395833327	74.13289761896706
6.449622395833327	75.30653761896663
6.549622395833326	76.48017761896618
6.649622395833326	77.65381761896597
6.749622395833326	78.82745761896531
6.849622395833325	80.00109761896502
6.949622395833325	81.17473761896466
7.049622395833325	82.34837761896415
7.149622395833324	83.52201761896372
7.249622395833324	84.69565761896318
7.3496223958333236	85.869297618963
7.449622395833323	87.04293761896238
7.549622395833323	88.21657761896184
7.6496223958333225	89.39021761896129
7.749622395833322	90.56385761896104
7.849622395833322	91.73749761896049
7.949622395833321	92.91113761895994
8.049622395833321	94.08477761895948
8.14962239583332	95.2584176189591
8.24962239583332	96.43205761895865
8.34962239583332	97.60569761895843
8.44962239583332	98.77933761895831
8.54962239583332	99.952977618958
8.649622395833319	101.12661761895777
8.749622395833319	102.30025761895777
8.849622395833318	103.47389761895762
8.949622395833318	104.64753761895777
9.049622395833318	105.82117761895776
9.149622395833317	106.99481761895767
9.249622395833317	108.16845761895772
9.349622395833316	109.34209761895772
9.449622395833316	110.51573761895759
9.549622395833316	111.68937761895774
9.649622395833315	112.86301761895783
9.749622395833315	114.03665761895779
9.849622395833315	115.21029761895782
9.949622395833314	116.38393761895775
10.049622395833314	117.5575776189578
10.149622395833314	118.73121761895779
10.249622395833313	119.90485761895798
10.349622395833313	121.07849761895775
10.449622395833313	122.25213761895795
10.549622395833312	123.42577761895771
10.649622395833312	124.59941761895796
10.749622395833311	125.77305761895781
10.849622395833311	126.946697618958
10.94962239583331	128.12033761895785
11.04962239583331	129.2939776189579
11.14962239583331	130.46761761895812
11.24962239583331	131.47271849499958
11.34962239583331	132.44951849499967
11.449622395833309	133.4263184949997
11.549622395833309	134.4031184949997
11.649622395833308	135.37991849499952
11.749622395833308	136.35671849499965
11.849622395833308	137.33351849499962
11.949622395833307	138.31031849499985
12.049622395833307	139.31660672416652
12.149622395833306	140.32300672416645
12.249622395833306	141.32940672416632
12.349622395833306	142.33580672416664
12.449622395833305	143.34220672416666
12.549622395833305	144.34860672416633
12.649622395833305	144.45304693250014
12.749622395833304	144.45304693250014
12.849622395833304	144.45304693250014
12.949622395833304	144.45304693250014
13.049622395833303	144.45304693250014
13.149622395833303	144.45304693250014
13.249622395833303	144.45304693250014
13.349622395833302	144.45304693250014
13.449622395833302	144.45304693250014
13.549622395833302	144.45304693250014
13.649622395833301	144.45304693250014
13.7496223958333	144.45304693250014
13.8496223958333	144.45304693250014
13.9496223958333	144.45304693250014
14.0496223958333	144.45304693250014
14.1496223958333	144.45304693250014
14.249622395833299	144.45304693250014
14.349622395833299	144.45304693250014
14.449622395833298	144.45304693250014
14.549622395833298	144.45304693250014
14.649622395833298	144.45304693250014
14.749622395833297	144.45304693250014
14.849622395833297	144.45304693250014
14.949622395833297	144.45304693250014
15.049622395833296	144.45304693250014
15.149622395833296	144.45304693250014
15.249622395833295	144.45304693250014
15.349622395833295	144.45304693250014
15.449622395833295	144.45304693250014
15.549622395833294	144.45304693250014
15.649622395833294	144.45304693250014
15.749622395833294	144.45304693250014
15.849622395833293	144.45304693250014
15.949622395833293	144.45304693250014
16.049622395833293	144.45304693250014
16.149622395833294	144.45304693250014
16.249622395833295	144.45304693250014
16.349622395833297	144.45304693250014
16.4496223958333	144.45304693250014
16.5496223958333	144.45304693250014
16.6496223958333	144.45304693250014
16.749622395833303	144.45304693250014
16.849622395833304	144.45304693250014
16.949622395833305	144.45304693250014
17.049622395833307	144.45304693250014
17.14962239583331	144.45304693250014
17.24962239583331	144.45304693250014
17.34962239583331	144.45304693250014
17.449622395833313	144.45304693250014
17.549622395833314	144.45304693250014
17.649622395833315	144.45304693250014
17.749622395833317	144.45304693250014
17.849622395833318	144.45304693250014
17.94962239583332	144.45304693250014
18.04962239583332	144.45304693250014
18.149622395833322	144.45304693250014
18.249622395833324	144.45304693250014
18.349622395833325	144.45304693250014
18.449622395833327	144.45304693250014
18.549622395833328	144.45304693250014
18.64962239583333	144.45304693250014
18.74962239583333	144.45304693250014
18.849622395833332	144.45304693250014
18.949622395833334	144.45304693250014
19.049622395833335	144.45304693250014
19.149622395833337	144.45304693250014
19.249622395833338	144.45304693250014
19.34962239583334	144.45304693250014
19.44962239583334	144.45304693250014
19.549622395833342	144.45304693250014
19.649622395833344	144.45304693250014
19.749622395833345	144.45304693250014
19.849622395833347	144.45304693250014
19.949622395833348	144.45304693250014
20.04962239583335	144.45304693250014
20.14962239583335	144.45304693250014
20.249622395833352	144.45304693250014
20.349622395833354	144.45304693250014
20.449622395833355	144.45304693250014
20.549622395833357	144.45304693250014
20.649622395833358	144.45304693250014
20.74962239583336	144.45304693250014
20.84962239583336	144.45304693250014
20.949622395833362	144.45304693250014
21.049622395833364	144.45304693250014
21.149622395833365	144.45304693250014
21.249622395833367	144.45304693250014
21.349622395833368	144.45304693250014
21.44962239583337	144.45304693250014
21.54962239583337	144.45304693250014
21.649622395833372	144.45304693250014
21.749622395833374	144.45304693250014
21.849622395833375	144.45304693250014
21.949622395833376	144.45304693250014
22.049622395833378	144.45304693250014
22.14962239583338	144.45968678771663
22.24962239583338	144.49141185747132
22.349622395833382	144.54960121293985
22.449622395833384	144.63425485412301
22.549622395833385	144.72735317005478
22.649622395833386	144.79610422219162
22.749622395833388	144.83880372793706
22.84962239583339	144.85545168729027
22.94962239583339	144.85570350022243
23.049622395833392	144.85570350022243
23.149622395833394	144.85570350022243
23.249622395833395	144.85570350022243
23.349622395833396	144.85570350022243
23.449622395833398	144.85570350022243
23.5496223958334	144.85570350022243
23.6496223958334	144.85570350022243
23.749622395833402	144.88869494149702
23.849622395833403	144.98711494149683
23.949622395833405	145.08553494149695
24.049622395833406	145.18395494149678
24.149622395833408	145.2823749414969
24.24962239583341	145.3807949414968
24.34962239583341	145.47921494149716
24.449622395833412	145.57763494149685
24.549622395833413	145.67605494149706
24.649622395833415	145.7744749414969
24.749622395833416	145.87289494149704
24.849622395833418	145.97131494149704
24.94962239583342	146.04277747683025
24.99492341356674	146.050573332253
1000024.9949234136	146.050573332253
