-100000	0
0	0
0.0033333333333333335	0.03293561170446709
0.008333333333333333	0.08300493365215923
0.01583333333333333	0.15893356307290907
0.02708333333333333	0.27414000663977217
0.043958333333333335	0.449110522352834
0.06927083333333334	0.7152077004092788
0.10723958333333333	1.1204105592271665
0.16419270833333333	1.7387183179644048
0.24962239583333334	2.6831596534580324
0.3496223958333333	3.8073939903449854
0.4496223958333333	4.946305646635826
0.5496223958333333	6.096081492949383
0.6496223958333333	7.253975514622892
0.7496223958333332	8.417878064836943
0.8496223958333332	9.586088482663731
0.9496223958333332	10.757213076882321
1.0496223958333333	11.930056884824502
1.1496223958333334	13.103607025744381
1.2496223958333335	14.277247025744366
1.3496223958333335	15.450887025744402
1.4496223958333336	16.62452702574436
1.5496223958333337	17.7981670257444
1.6496223958333338	18.971807025744404
1.749622395833334	20.145447025744392
1.849622395833334	21.31908702574436
1.949622395833334	22.492727025744337
2.049622395833334	23.666367025744254
2.149622395833334	24.840007025744203
2.249622395833334	26.01364702574417
2.349622395833334	27.18728702574409
2.4496223958333343	28.360927025743997
2.5496223958333344	29.534567025743964
2.6496223958333345	30.708207025743857
2.7496223958333346	31.881847025743767
2.8496223958333347	33.05548702574366
2.9496223958333347	34.22912702574357
3.049622395833335	35.40276702574344
3.149622395833335	36.57640702574335
3.249622395833335	37.750047025743235
3.349622395833335	38.92368702574305
3.449622395833335	40.097327025742885
3.5496223958333353	41.27096702574271
3.6496223958333354	42.44460702574249
3.7496223958333355	43.61824702574241
3.8496223958333355	44.79188702574228
3.9496223958333356	45.965527025742
4.049622395833335	47.139167025741834
4.149622395833335	48.3128070257416
4.249622395833335	49.486447025741406
4.349622395833334	50.660087025741134
4.449622395833334	51.83372702574101
4.5496223958333335	53.007367025740756
4.649622395833333	54.18100702574052
4.749622395833333	55.35464702574017
4.849622395833332	56.52828702573992
4.949622395833332	57.70192702573962
5.049622395833332	58.87556702573938
5.149622395833331	60.049207025739086
5.249622395833331	61.22284702573886
5.349622395833331	62.39648702573853
5.44962239583333	63.570127025738195
5.54962239583333	64.7437670257379
5.64962239583333	65.91740702573752
5.749622395833329	67.09104702573718
5.849622395833329	68.26468702573692
5.9496223958333285	69.4383270257365
6.049622395833328	70.61196702573625
6.149622395833328	71.78560702573587
6.2496223958333275	72.95924702573544
6.349622395833327	74.13288702573507
6.449622395833327	75.30652702573472
6.549622395833326	76.48016702573418
6.649622395833326	77.65380702573384
6.749622395833326	78.82744702573345
6.849622395833325	80.001087025733
6.949622395833325	81.17472702573251
7.049622395833325	82.34836702573219
7.149622395833324	83.5220070257317
7.249622395833324	84.69564702573125
7.3496223958333236	85.86928702573071
7.449622395833323	87.0429270257304
7.549622395833323	88.21656702572989
7.6496223958333225	89.39020702572932
7.749622395833322	90.56384702572865
7.849622395833322	91.73748702572843
7.949622395833321	92.91112702572781
8.049622395833321	94.08476702572737
8.14962239583332	95.258407025727
8.24962239583332	96.43204702572666
8.34962239583332	97.60568702572631
8.44962239583332	98.7793270257261
8.54962239583332	99.95296702572588
8.649622395833319	101.12660702572566
8.749622395833319	102.30024702572538
8.849622395833318	103.4738870257253
8.949622395833318	104.64752702572531
9.049622395833318	105.82116702572526
9.149622395833317	106.99480702572552
9.249622395833317	108.16844702572538
9.349622395833316	109.34208702572549
9.449622395833316	110.51572702572538
9.549622395833316	111.68936702572539
9.649622395833315	112.8630070257254
9.749622395833315	114.03664702572553
9.849622395833315	115.21028702572555
9.949622395833314	116.38392702572546
10.049622395833314	117.55756702572553
10.149622395833314	118.73120702572538
10.249622395833313	119.90484702572553
10.349622395833313	121.07848702572547
10.449622395833313	122.25212702572544
10.549622395833312	123.42576702572556
10.649622395833312	124.59940702572564
10.749622395833311	125.77304702572559
10.849622395833311	126.94668702572557
10.94962239583331	128.12032702572557
11.04962239583331	129.29396702572566
11.14962239583331	130.4676070257256
11.24962239583331	131.55529277117213
11.34962239583331	132.61590636019912
11.449622395833309	133.58801463456524
11.549622395833309	134.61496942602656
11.649622395833308	135.63857559570766
11.749622395833308	136.6588305228786
11.849622395833308	137.6757350848736
11.949622395833307	138.6892892845106
12.049622395833307	139.7239781500365
12.149622395833306	140.75591233234312
12.249622395833306	141.7849999795581
12.349622395833306	142.8112410955109
12.449622395833305	143.8346356840296
12.549622395833305	144.85518374894386
12.649622395833305	144.9726948572534
12.749622395833304	144.98264643971027
12.849622395833304	144.98924768270138
12.949622395833304	144.99249858448985
13.049622395833303	144.99286913265152
13.149622395833303	144.99286913265152
13.249622395833303	144.99286913265152
13.349622395833302	144.99286913265152
13.449622395833302	144.99286913265152
13.549622395833302	144.99286913265152
13.649622395833301	144.99286913265152
13.7496223958333	144.99286913265152
13.8496223958333	144.99286913265152
13.9496223958333	144.99286913265152
14.0496223958333	144.99286913265152
14.1496223958333	144.99286913265152
14.249622395833299	144.99286913265152
14.349622395833299	144.99286913265152
14.449622395833298	144.99286913265152
14.549622395833298	144.99286913265152
14.649622395833298	144.99286913265152
14.749622395833297	144.99286913265152
14.849622395833297	144.99286913265152
14.949622395833297	144.99286913265152
15.049622395833296	144.99286913265152
15.149622395833296	144.99286913265152
15.249622395833295	144.99286913265152
15.349622395833295	144.99286913265152
15.449622395833295	144.99286913265152
15.549622395833294	144.99286913265152
15.649622395833294	144.99286913265152
15.749622395833294	144.99286913265152
15.849622395833293	144.99286913265152
15.949622395833293	144.99286913265152
16.049622395833293	144.99286913265152
16.149622395833294	144.99286913265152
16.249622395833295	144.99286913265152
16.349622395833297	144.99286913265152
16.4496223958333	144.99286913265152
16.5496223958333	144.99286913265152
16.6496223958333	144.99286913265152
16.749622395833303	144.99286913265152
16.849622395833304	144.99286913265152
16.949622395833305	144.99286913265152
17.049622395833307	144.99286913265152
17.14962239583331	144.99286913265152
17.24962239583331	144.99286913265152
17.34962239583331	144.99286913265152
17.449622395833313	144.99286913265152
17.549622395833314	144.99286913265152
17.649622395833315	144.99286913265152
17.749622395833317	144.99286913265152
17.849622395833318	144.99286913265152
17.94962239583332	144.99286913265152
18.04962239583332	144.99286913265152
18.149622395833322	144.99286913265152
18.249622395833324	144.99286913265152
18.349622395833325	144.99286913265152
18.449622395833327	144.99286913265152
18.549622395833328	144.99286913265152
18.64962239583333	144.99286913265152
18.74962239583333	144.99286913265152
18.849622395833332	144.99286913265152
18.949622395833334	144.99286913265152
19.049622395833335	144.99286913265152
19.149622395833337	144.99286913265152
19.249622395833338	144.99286913265152
19.34962239583334	144.99286913265152
19.44962239583334	144.99286913265152
19.549622395833342	144.99286913265152
19.649622395833344	144.99286913265152
19.749622395833345	144.99286913265152
19.849622395833347	144.99286913265152
19.949622395833348	144.99286913265152
20.04962239583335	144.99286913265152
20.14962239583335	144.99286913265152
20.249622395833352	144.99286913265152
20.349622395833354	144.99286913265152
20.449622395833355	144.99286913265152
20.549622395833357	144.99286913265152
20.649622395833358	144.99286913265152
20.74962239583336	144.99286913265152
20.84962239583336	144.99286913265152
20.949622395833362	144.99286913265152
21.049622395833364	144.99286913265152
21.149622395833365	144.99286913265152
21.249622395833367	144.99286913265152
21.349622395833368	144.99286913265152
21.44962239583337	144.99286913265152
21.54962239583337	144.99286913265152
21.649622395833372	144.99286913265152
21.749622395833374	144.9980670804259
21.849622395833375	145.02678888453417
21.949622395833376	145.08063291086566
22.049622395833378	145.15959915941883
22.14962239583338	145.2548668329192
22.24962239583338	145.3295086957662
22.349622395833382	145.37805722528034
22.449622395833384	145.40051242146083
22.549622395833385	145.40221131243422
22.649622395833386	145.40221131243422
22.749622395833388	145.40221131243422
22.84962239583339	145.40221131243422
22.94962239583339	145.40221131243422
23.049622395833392	145.40221131243422
23.149622395833394	145.40221131243422
23.249622395833395	145.40221131243422
23.349622395833396	145.40221131243422
23.449622395833398	145.40221131243422
23.5496223958334	145.40221131243422
23.6496223958334	145.40221131243422
23.749622395833402	145.4368069563523
23.849622395833403	145.53522695635178
23.949622395833405	145.633646956352
24.049622395833406	145.73206695635213
24.149622395833408	145.830486956352
24.24962239583341	145.92890695635205
24.34962239583341	146.0273269563519
24.449622395833412	146.12574695635215
24.549622395833413	146.22416695635215
24.649622395833415	146.32258695635247
24.749622395833416	146.42028561167552
24.849622395833418	146.4702480011615
24.865382932166305	146.4711916053138
1000024.8653829321	146.4711916053138
