-100000	0
0	0
0.0033333333333333335	0.03293550912739589
0.008333333333333333	0.08300467829925907
0.01583333333333333	0.1589339904023111
0.02708333333333333	0.27413919308986
0.043958333333333335	0.44910922674874465
0.06927083333333334	0.7152057180500645
0.10723958333333333	1.1204076038328867
0.16419270833333333	1.7387140861158887
0.24962239583333334	2.6831538125140284
0.3496223958333333	3.8073866640442273
0.4496223958333333	4.9462972016930005
0.5496223958333333	6.09607222775772
0.6496223958333333	7.253965676691329
0.7496223958333332	8.417867850345072
0.8496223958333332	9.586078038312156
0.9496223958333332	10.757202522288017
1.0496223958333333	11.930046284100952
1.1496223958333334	13.103596419054588
1.2496223958333335	14.27723641905455
1.3496223958333335	15.450876419054564
1.4496223958333336	16.624516419054576
1.5496223958333337	17.798156419054568
1.6496223958333338	18.97179641905457
1.749622395833334	20.145436419054544
1.849622395833334	21.319076419054532
1.949622395833334	22.49271641905449
2.049622395833334	23.666356419054402
2.149622395833334	24.839996419054415
2.249622395833334	26.013636419054357
2.349622395833334	27.18727641905427
2.4496223958333343	28.360916419054192
2.5496223958333344	29.534556419054095
2.6496223958333345	30.708196419054044
2.7496223958333346	31.881836419053915
2.8496223958333347	33.05547641905382
2.9496223958333347	34.2291164190538
3.049622395833335	35.40275641905363
3.149622395833335	36.57639641905352
3.249622395833335	37.75003641905337
3.349622395833335	38.92367641905323
3.449622395833335	40.097316419053044
3.5496223958333353	41.2709564190529
3.6496223958333354	42.444596419052715
3.7496223958333355	43.618236419052586
3.8496223958333355	44.7918764190524
3.9496223958333356	45.9655164190522
4.049622395833335	47.13915641905208
4.149622395833335	48.31279641905195
4.249622395833335	49.48643641905151
4.349622395833334	50.6600764190513
4.449622395833334	51.833716419051186
4.5496223958333335	53.0073564190508
4.649622395833333	54.18099641905065
4.749622395833333	55.35463641905044
4.849622395833332	56.528276419050115
4.949622395833332	57.7019164190498
5.049622395833332	58.87555641904961
5.149622395833331	60.04919641904927
5.249622395833331	61.22283641904901
5.349622395833331	62.39647641904869
5.44962239583333	63.570116419048354
5.54962239583333	64.74375641904811
5.64962239583333	65.91739641904785
5.749622395833329	67.09103641904737
5.849622395833329	68.264676419047
5.9496223958333285	69.43831641904669
6.049622395833328	70.6119564190463
6.149622395833328	71.78559641904589
6.2496223958333275	72.95923641904557
6.349622395833327	74.13287641904535
6.449622395833327	75.30651641904488
6.549622395833326	76.48015641904448
6.649622395833326	77.65379641904394
6.749622395833326	78.82743641904366
6.849622395833325	80.00107641904323
6.949622395833325	81.17471641904285
7.049622395833325	82.34835641904247
7.149622395833324	83.52199641904186
7.249622395833324	84.69563641904138
7.3496223958333236	85.86927641904101
7.449622395833323	87.04291641904051
7.549622395833323	88.21655641904
7.6496223958333225	89.39019641903961
7.749622395833322	90.56383641903902
7.849622395833322	91.7374764190387
7.949622395833321	92.91111641903817
8.049622395833321	94.08475641903757
8.14962239583332	95.25839641903728
8.24962239583332	96.43203641903669
8.34962239583332	97.60567641903641
8.44962239583332	98.77931641903618
8.54962239583332	99.95295641903589
8.649622395833319	101.12659641903569
8.749622395833319	102.30023641903557
8.849622395833318	103.47387641903543
8.949622395833318	104.64751641903538
9.049622395833318	105.82115641903536
9.149622395833317	106.99479641903534
9.249622395833317	108.16843641903554
9.349622395833316	109.34207641903546
9.449622395833316	110.51571641903523
9.549622395833316	111.6893564190357
9.649622395833315	112.8629964190356
9.749622395833315	114.0366364190358
9.849622395833315	115.21027641903558
9.949622395833314	116.38391641903569
10.049622395833314	117.55755641903582
10.149622395833314	118.73119641903565
10.249622395833313	119.90483641903576
10.349622395833313	121.07847641903591
10.449622395833313	122.25211641903547
10.549622395833312	123.42575641903566
10.649622395833312	124.59939641903539
10.749622395833311	125.77303641903555
10.849622395833311	126.94667641903554
10.94962239583331	128.12031641903573
11.04962239583331	129.2939564190359
11.14962239583331	130.4675964190355
11.24962239583331	131.55696685705644
11.34962239583331	132.63218685705647
11.449622395833309	133.7074068570565
11.549622395833309	134.782626024113
11.649622395833308	135.8578468570564
11.749622395833308	136.93306685705664
11.849622395833308	138.00828685705653
11.949622395833307	139.0835068570563
12.049622395833307	140.17347097163986
12.149622395833306	141.2634909716399
12.249622395833306	142.35351097163974
12.349622395833306	143.44353097163983
12.449622395833305	144.53355097163995
12.549622395833305	145.62357097163988
12.649622395833305	145.82489529455677
12.749622395833304	145.92331529455686
12.849622395833304	146.02173529455683
12.949622395833304	146.12015529455695
13.049622395833303	146.21810530524417
13.149622395833303	146.31307551941717
13.249622395833303	146.4046953871761
13.349622395833302	146.4929649067849
13.449622395833302	146.57788407650682
13.549622395833302	146.65945289460467
13.649622395833301	146.73767135934185
13.7496223958333	146.81253946898033
13.8496223958333	146.88405722178433
13.9496223958333	146.95222461601657
14.0496223958333	147.01704164993976
14.1496223958333	147.07850832181762
14.249622395833299	147.1366246299129
14.349622395833299	147.19139057248864
14.449622395833298	147.2428061478082
14.549622395833298	147.29087135413414
14.649622395833298	147.33558618973
14.749622395833297	147.3769506528583
14.849622395833297	147.4149647417833
14.949622395833297	147.4496284547669
15.049622395833296	147.4809417900727
15.149622395833296	147.50890474596352
15.249622395833295	147.53360620327453
15.349622395833295	147.55530708943363
15.449622395833295	147.57402432540283
15.549622395833294	147.58975791118192
15.649622395833294	147.6025078467709
15.749622395833294	147.6122741321698
15.849622395833293	147.61905676737842
15.949622395833293	147.6228557523971
16.049622395833293	147.6237477783679
16.149622395833294	147.6237477783679
16.249622395833295	147.6237477783679
16.349622395833297	147.6237477783679
16.4496223958333	147.6237477783679
16.5496223958333	147.6237477783679
16.6496223958333	147.6237477783679
16.749622395833303	147.6237477783679
16.849622395833304	147.6237477783679
16.949622395833305	147.6237477783679
17.049622395833307	147.6237477783679
17.14962239583331	147.6237477783679
17.24962239583331	147.6237477783679
17.34962239583331	147.6237477783679
17.449622395833313	147.6237477783679
17.549622395833314	147.6237477783679
17.649622395833315	147.6237477783679
17.749622395833317	147.6237477783679
17.849622395833318	147.6237477783679
17.94962239583332	147.6237477783679
18.04962239583332	147.6237477783679
18.149622395833322	147.6237477783679
18.249622395833324	147.6237477783679
18.349622395833325	147.6237477783679
18.449622395833327	147.6237477783679
18.549622395833328	147.6237477783679
18.64962239583333	147.6237477783679
18.74962239583333	147.6237477783679
18.849622395833332	147.6237477783679
18.949622395833334	147.6237477783679
19.049622395833335	147.6237477783679
19.149622395833337	147.6237477783679
19.249622395833338	147.6237477783679
19.34962239583334	147.6237477783679
19.44962239583334	147.6237477783679
19.549622395833342	147.6237477783679
19.649622395833344	147.6237477783679
19.749622395833345	147.6237477783679
19.849622395833347	147.6237477783679
19.949622395833348	147.6237477783679
20.04962239583335	147.6237477783679
20.14962239583335	147.6237477783679
20.249622395833352	147.6237477783679
20.349622395833354	147.6237477783679
20.449622395833355	147.6237477783679
20.549622395833357	147.6237477783679
20.649622395833358	147.6237477783679
20.74962239583336	147.6237477783679
20.84962239583336	147.6237477783679
20.949622395833362	147.6237477783679
21.049622395833364	147.6237477783679
21.149622395833365	147.6237477783679
21.249622395833367	147.6237477783679
21.349622395833368	147.62770003508456
21.44962239583337	147.65435295030454
21.54962239583337	147.70612808774655
21.649622395833372	147.78302544741052
21.749622395833374	147.87940960206544
21.849622395833375	147.96000479824576
21.949622395833376	148.01450666109278
22.049622395833378	148.04291519060706
22.14962239583338	148.0474371661461
22.24962239583338	148.0474371661461
22.349622395833382	148.0474371661461
22.449622395833384	148.0474371661461
22.549622395833385	148.0474371661461
22.649622395833386	148.0474371661461
22.749622395833388	148.0474371661461
22.84962239583339	148.0474371661461
22.94962239583339	148.0474371661461
23.049622395833392	148.0474371661461
23.149622395833394	148.0474371661461
23.249622395833395	148.0474371661461
23.349622395833396	148.0474371661461
23.449622395833398	148.0474371661461
23.5496223958334	148.0474371661461
23.6496223958334	148.0474371661461
23.749622395833402	148.08363701270673
23.849622395833403	148.18205701270696
23.949622395833405	148.28047701270688
24.049622395833406	148.37889701270706
24.149622395833408	148.47731701270698
24.24962239583341	148.57573701270715
24.34962239583341	148.67415701270656
24.449622395833412	148.77257701270702
24.549622395833413	148.87099701270694
24.649622395833415	148.96228793571206
24.73584245076587	148.99052791987404
1000024.7358424508	148.99052791987404
