-100000	0
0	0
0.0033333333333333335	0.03293540654701523
0.008333333333333333	0.08300442291311538
0.01583333333333333	0.1589365018988221
0.02708333333333333	0.27413837943281916
0.043958333333333335	0.44910793090629564
0.06927083333333334	0.7152037349309036
0.10723958333333333	1.1204046466346962
0.16419270833333333	1.73870985174372
0.24962239583333334	2.6831479675999845
0.3496223958333333	3.807379331945644
0.4496223958333333	4.946288749585547
0.5496223958333333	6.096062953968638
0.6496223958333333	7.253955828747049
0.7496223958333332	8.417857624535976
0.8496223958333332	9.586067581546486
0.9496223958333332	10.757191954851365
1.0496223958333333	11.930035669992987
1.1496223958333334	13.103585798906655
1.2496223958333335	14.277225798906722
1.3496223958333335	15.450865798906738
1.4496223958333336	16.624505798906725
1.5496223958333337	17.798145798906692
1.6496223958333338	18.97178579890672
1.749622395833334	20.145425798906693
1.849622395833334	21.319065798906692
1.949622395833334	22.492705798906645
2.049622395833334	23.6663457989066
2.149622395833334	24.83998579890653
2.249622395833334	26.013625798906475
2.349622395833334	27.18726579890638
2.4496223958333343	28.36090579890632
2.5496223958333344	29.534545798906237
2.6496223958333345	30.708185798906143
2.7496223958333346	31.88182579890612
2.8496223958333347	33.055465798905956
2.9496223958333347	34.22910579890588
3.049622395833335	35.40274579890573
3.149622395833335	36.57638579890564
3.249622395833335	37.750025798905405
3.349622395833335	38.92366579890525
3.449622395833335	40.097305798905204
3.5496223958333353	41.27094579890496
3.6496223958333354	42.44458579890476
3.7496223958333355	43.61822579890467
3.8496223958333355	44.791865798904475
3.9496223958333356	45.965505798904275
4.049622395833335	47.13914579890403
4.149622395833335	48.312785798903846
4.249622395833335	49.48642579890358
4.349622395833334	50.660065798903396
4.449622395833334	51.83370579890316
4.5496223958333335	53.00734579890296
4.649622395833333	54.18098579890275
4.749622395833333	55.35462579890247
4.849622395833332	56.52826579890211
4.949622395833332	57.701905798901905
5.049622395833332	58.87554579890159
5.149622395833331	60.049185798901256
5.249622395833331	61.22282579890095
5.349622395833331	62.39646579890065
5.44962239583333	63.57010579890037
5.54962239583333	64.74374579890004
5.64962239583333	65.91738579889974
5.749622395833329	67.09102579889938
5.849622395833329	68.26466579889907
5.9496223958333285	69.43830579889868
6.049622395833328	70.61194579889842
6.149622395833328	71.78558579889794
6.2496223958333275	72.95922579889752
6.349622395833327	74.13286579889717
6.449622395833327	75.30650579889695
6.549622395833326	76.4801457988964
6.649622395833326	77.65378579889601
6.749622395833326	78.82742579889567
6.849622395833325	80.00106579889523
6.949622395833325	81.17470579889479
7.049622395833325	82.34834579889447
7.149622395833324	83.5219857988939
7.249622395833324	84.69562579889347
7.3496223958333236	85.86926579889291
7.449622395833323	87.04290579889239
7.549622395833323	88.2165457988922
7.6496223958333225	89.39018579889155
7.749622395833322	90.56382579889105
7.849622395833322	91.7374657988905
7.949622395833321	92.91110579889012
8.049622395833321	94.08474579888963
8.14962239583332	95.25838579888911
8.24962239583332	96.43202579888863
8.34962239583332	97.60566579888842
8.44962239583332	98.77930579888812
8.54962239583332	99.95294579888785
8.649622395833319	101.12658579888756
8.749622395833319	102.30022579888747
8.849622395833318	103.47386579888729
8.949622395833318	104.64750579888711
9.049622395833318	105.82114579888712
9.149622395833317	106.99478579888697
9.249622395833317	108.16842579888703
9.349622395833316	109.34206579888713
9.449622395833316	110.51570579888717
9.549622395833316	111.68934579888696
9.649622395833315	112.86298579888712
9.749622395833315	114.03662579888703
9.849622395833315	115.2102657988871
9.949622395833314	116.38390579888728
10.049622395833314	117.55754579888713
10.149622395833314	118.73118579888717
10.249622395833313	119.90482579888717
10.349622395833313	121.07846579888707
10.449622395833313	122.25210579888706
10.549622395833312	123.42574579888706
10.649622395833312	124.599385798887
10.749622395833311	125.77302579888713
10.849622395833311	126.94666579888725
10.94962239583331	128.12030579888713
11.04962239583331	129.29394579888705
11.14962239583331	130.4675857988871
11.24962239583331	131.55695623690806
11.34962239583331	132.63217623690815
11.449622395833309	133.70739623690798
11.549622395833309	134.78261623690804
11.649622395833308	135.85783623690807
11.749622395833308	136.9330562369083
11.849622395833308	138.00827623690785
11.949622395833307	139.0834962369081
12.049622395833307	140.1734603514916
12.149622395833306	141.26348035149164
12.249622395833306	142.35350035149142
12.349622395833306	143.4435203514915
12.449622395833305	144.53354035149172
12.549622395833305	145.62356035149142
12.649622395833305	145.82488467440848
12.749622395833304	145.92330467440883
12.849622395833304	146.0217246744083
12.949622395833304	146.12014467440827
13.049622395833303	146.2185646744085
13.149622395833303	146.31698467440862
13.249622395833303	146.415404674409
13.349622395833302	146.5138246744083
13.449622395833302	146.6122446744086
13.549622395833302	146.7106646744085
13.649622395833301	146.8090846744085
13.7496223958333	146.90750467440859
13.8496223958333	147.00592467440848
13.9496223958333	147.10434467440817
14.0496223958333	147.2027646744082
14.1496223958333	147.30118467440843
14.249622395833299	147.39960467440827
14.349622395833299	147.4980246744084
14.449622395833298	147.59644467440842
14.549622395833298	147.69486467440882
14.649622395833298	147.79328467440865
14.749622395833297	147.89170467440854
14.849622395833297	147.99012467440832
14.949622395833297	148.08854467440852
15.049622395833296	148.1869646744085
15.149622395833296	148.28538467440836
15.249622395833295	148.3838046744081
15.349622395833295	148.48222467440846
15.449622395833295	148.58064467440832
15.549622395833294	148.67906467440872
15.649622395833294	148.7774846744085
15.749622395833294	148.87590467440842
15.849622395833293	148.97432467440885
15.949622395833293	149.07274467440857
16.049622395833293	149.17108798326635
16.149622395833294	149.267339667905
16.249622395833295	149.36060770235315
16.349622395833297	149.45089208661162
16.4496223958333	149.53819282067974
16.5496223958333	149.62250990455757
16.6496223958333	149.70384333824506
16.749622395833303	149.78219312174284
16.849622395833304	149.85755925505066
16.949622395833305	149.9299417381677
17.049622395833307	149.9993405710956
17.14962239583331	150.06575575383275
17.24962239583331	150.12918728637987
17.34962239583331	150.1896351687365
17.449622395833313	150.24709940090383
17.549622395833314	150.30157998288036
17.649622395833315	150.3530769146673
17.749622395833317	150.40159019626375
17.849622395833318	150.44712635218167
17.94962239583332	150.48974682598728
18.04962239583332	150.5294667678785
18.149622395833322	150.5662861778547
18.249622395833324	150.6002050559156
18.349622395833325	150.63122340206235
18.449622395833327	150.65934121629365
18.549622395833328	150.6845584986104
18.64962239583333	150.7068752490118
18.74962239583333	150.72629146749884
18.849622395833332	150.74280715407082
18.949622395833334	150.756422308728
19.049622395833335	150.7671369314699
19.149622395833337	150.7749510222973
19.249622395833338	150.7798645812096
19.34962239583334	150.7818776082073
19.44962239583334	150.78193220163982
19.549622395833342	150.78193220163982
19.649622395833344	150.78193220163982
19.749622395833345	150.78193220163982
19.849622395833347	150.78193220163982
19.949622395833348	150.78193220163982
20.04962239583335	150.78193220163982
20.14962239583335	150.78193220163982
20.249622395833352	150.78193220163982
20.349622395833354	150.78193220163982
20.449622395833355	150.78669006882708
20.549622395833357	150.79467006882714
20.649622395833358	150.80188220163984
20.74962239583336	150.80188220163984
20.84962239583336	150.80203645642618
20.949622395833362	150.80593693523363
21.049622395833364	150.82529606095045
21.149622395833365	150.8750023095037
21.249622395833367	150.94983078027948
21.349622395833368	151.04582921656063
21.44962239583337	151.1331517028436
21.54962239583337	151.19360689902422
21.649622395833372	151.22796876187104
21.749622395833374	151.23667477084325
21.849622395833375	151.23667477084325
21.949622395833376	151.23667477084325
22.049622395833378	151.23667477084325
22.14962239583338	151.23667477084325
22.24962239583338	151.23667477084325
22.349622395833382	151.23667477084325
22.449622395833384	151.23667477084325
22.549622395833385	151.23667477084325
22.649622395833386	151.23667477084325
22.749622395833388	151.23667477084325
22.84962239583339	151.23667477084325
22.94962239583339	151.23667477084325
23.049622395833392	151.23667477084325
23.149622395833394	151.23667477084325
23.249622395833395	151.23667477084325
23.349622395833396	151.23667477084325
23.449622395833398	151.23667477084325
23.5496223958334	151.23667477084325
23.6496223958334	151.23667477084325
23.749622395833402	151.27447882004722
23.849622395833403	151.37289882004674
23.949622395833405	151.47131882004695
24.049622395833406	151.56973882004692
24.149622395833408	151.66815882004695
24.24962239583341	151.76657882004707
24.34962239583341	151.8649988200469
24.449622395833412	151.96341882004725
24.549622395833413	152.04167201894023
24.60630196936543	152.0538759854201
1000024.6063019694	152.0538759854201
