-100000	0
0	0
0.0033333333333333335	0.03293530396332573
0.008333333333333333	0.08300416749372869
0.01583333333333333	0.1589328386321653
0.02708333333333333	0.2741375656686533
0.043958333333333335	0.44910663482549
0.06927083333333334	0.7152017510518073
0.10723958333333333	1.1204016876326053
0.16419270833333333	1.7387056148479212
0.24962239583333334	2.6831421187158973
0.3496223958333333	3.807371994049269
0.4496223958333333	4.9462802903134575
0.5496223958333333	6.0960536715822045
0.6496223958333333	7.253945970790154
0.7496223958333332	8.417847387409763
0.8496223958333332	9.586057112366756
0.9496223958333332	10.757181374572395
1.0496223958333333	11.930027403021747
1.1496223958333334	13.103575165300857
1.2496223958333335	14.277215165300923
1.3496223958333335	15.450855165300899
1.4496223958333336	16.62449516530092
1.5496223958333337	17.798135165300884
1.6496223958333338	18.971775165300887
1.749622395833334	20.145415165300882
1.849622395833334	21.31905516530085
1.949622395833334	22.492695165300823
2.049622395833334	23.6663351653008
2.149622395833334	24.83997516530075
2.249622395833334	26.013615165300674
2.349622395833334	27.18725516530061
2.4496223958333343	28.360895165300544
2.5496223958333344	29.534535165300493
2.6496223958333345	30.708175165300393
2.7496223958333346	31.881815165300285
2.8496223958333347	33.055455165300195
2.9496223958333347	34.22909516530005
3.049622395833335	35.4027351652999
3.149622395833335	36.576375165299865
3.249622395833335	37.750015165299665
3.349622395833335	38.92365516529961
3.449622395833335	40.09729516529937
3.5496223958333353	41.270935165299285
3.6496223958333354	42.44457516529907
3.7496223958333355	43.61821516529893
3.8496223958333355	44.79185516529877
3.9496223958333356	45.965495165298584
4.049622395833335	47.13913516529833
4.149622395833335	48.312775165298184
4.249622395833335	49.486415165297906
4.349622395833334	50.660055165297734
4.449622395833334	51.83369516529748
4.5496223958333335	53.007335165297185
4.649622395833333	54.180975165296964
4.749622395833333	55.35461516529669
4.849622395833332	56.528255165296514
4.949622395833332	57.70189516529613
5.049622395833332	58.87553516529585
5.149622395833331	60.04917516529558
5.249622395833331	61.22281516529522
5.349622395833331	62.396455165295045
5.44962239583333	63.57009516529477
5.54962239583333	64.74373516529441
5.64962239583333	65.91737516529402
5.749622395833329	67.09101516529375
5.849622395833329	68.2646551652934
5.9496223958333285	69.4382951652929
6.049622395833328	70.61193516529273
6.149622395833328	71.78557516529239
6.2496223958333275	72.95921516529197
6.349622395833327	74.13285516529159
6.449622395833327	75.30649516529124
6.549622395833326	76.48013516529086
6.649622395833326	77.65377516529036
6.749622395833326	78.82741516529006
6.849622395833325	80.00105516528956
6.949622395833325	81.17469516528918
7.049622395833325	82.34833516528877
7.149622395833324	83.52197516528814
7.249622395833324	84.69561516528783
7.3496223958333236	85.86925516528751
7.449622395833323	87.04289516528688
7.549622395833323	88.21653516528644
7.6496223958333225	89.39017516528607
7.749622395833322	90.56381516528536
7.849622395833322	91.73745516528487
7.949622395833321	92.91109516528448
8.049622395833321	94.084735165284
8.14962239583332	95.25837516528348
8.24962239583332	96.43201516528322
8.34962239583332	97.60565516528263
8.44962239583332	98.7792951652824
8.54962239583332	99.95293516528214
8.649622395833319	101.12657516528195
8.749622395833319	102.30021516528171
8.849622395833318	103.4738551652815
8.949622395833318	104.64749516528128
9.049622395833318	105.82113516528125
9.149622395833317	106.99477516528124
9.249622395833317	108.1684151652812
9.349622395833316	109.34205516528108
9.449622395833316	110.51569516528117
9.549622395833316	111.68933516528105
9.649622395833315	112.86297516528153
9.749622395833315	114.03661516528155
9.849622395833315	115.21025516528145
9.949622395833314	116.38389516528166
10.049622395833314	117.55753516528158
10.149622395833314	118.73117516528148
10.249622395833313	119.90481516528149
10.349622395833313	121.07845516528174
10.449622395833313	122.25209516528135
10.549622395833312	123.4257351652813
10.649622395833312	124.5993751652814
10.749622395833311	125.77301516528127
10.849622395833311	126.94665516528127
10.94962239583331	128.12029516528133
11.04962239583331	129.29393516528128
11.14962239583331	130.4675751652815
11.24962239583331	131.55694560330247
11.34962239583331	132.63216560330227
11.449622395833309	133.70738560330238
11.549622395833309	134.78260560330241
11.649622395833308	135.8578256033024
11.749622395833308	136.9330456033021
11.849622395833308	138.00826560330216
11.949622395833307	139.0834856033024
12.049622395833307	140.17344971788577
12.149622395833306	141.26346971788544
12.249622395833306	142.35348971788557
12.349622395833306	143.44350971788577
12.449622395833305	144.5335297178857
12.549622395833305	145.6235497178858
12.649622395833305	145.82487404080223
12.749622395833304	145.9232940408028
12.849622395833304	146.02171404080232
12.949622395833304	146.12013404080258
13.049622395833303	146.21855404080304
13.149622395833303	146.31697404080273
13.249622395833303	146.41539404080262
13.349622395833302	146.51381404080254
13.449622395833302	146.61223404080224
13.549622395833302	146.71065404080258
13.649622395833301	146.80907404080298
13.7496223958333	146.90749404080276
13.8496223958333	147.00591404080288
13.9496223958333	147.10433404080294
14.0496223958333	147.20275404080286
14.1496223958333	147.3011740408026
14.249622395833299	147.39959404080253
14.349622395833299	147.49801404080262
14.449622395833298	147.59643404080234
14.549622395833298	147.69485404080262
14.649622395833298	147.79327404080243
14.749622395833297	147.89169404080286
14.849622395833297	147.99011404080278
14.949622395833297	148.0885340408029
15.049622395833296	148.18695404080293
15.149622395833296	148.28537404080237
15.249622395833295	148.38379404080268
15.349622395833295	148.48221404080252
15.449622395833295	148.58063404080264
15.549622395833294	148.6790540408023
15.649622395833294	148.7774740408026
15.749622395833294	148.87589404080217
15.849622395833293	148.97431404080265
15.949622395833293	149.07273404080226
16.049622395833293	149.1711540408027
16.149622395833294	149.26957404080258
16.249622395833295	149.36799404080276
16.349622395833297	149.46641404080304
16.4496223958333	149.56483404080265
16.5496223958333	149.66325404080249
16.6496223958333	149.76167404080263
16.749622395833303	149.86009404080247
16.849622395833304	149.95851404080253
16.949622395833305	150.05693404080245
17.049622395833307	150.1553540408025
17.14962239583331	150.253774040803
17.24962239583331	150.352194040802
17.34962239583331	150.4506140408029
17.449622395833313	150.54903404080275
17.549622395833314	150.64745404080242
17.649622395833315	150.74587404080253
17.749622395833317	150.84429404080285
17.849622395833318	150.94271404080266
17.94962239583332	151.04113404080275
18.04962239583332	151.13955404080244
18.149622395833322	151.2379740408031
18.249622395833324	151.33639404080304
18.349622395833325	151.43481404080256
18.449622395833327	151.53323404080268
18.549622395833328	151.63165404080266
18.64962239583333	151.73007404080252
18.74962239583333	151.82849404080272
18.849622395833332	151.92691404080253
18.949622395833334	152.02533404080253
19.049622395833335	152.1237540408029
19.149622395833337	152.22217404080294
19.249622395833338	152.32059404080232
19.34962239583334	152.4190140408029
19.44962239583334	152.51649194245243
19.549622395833342	152.61112390562033
19.649622395833344	152.70285533687252
19.749622395833345	152.7922017811164
19.849622395833347	152.88131178111678
19.949622395833348	152.97042178111644
20.04962239583335	153.05953178111656
20.14962239583335	153.1486417811168
20.249622395833352	153.23775178111677
20.349622395833354	153.32686178111663
20.449622395833355	153.42152262616838
20.549622395833357	153.51994262616873
20.649622395833358	153.6174667811165
20.74962239583336	153.70657678111633
20.84962239583336	153.79956182616868
20.949622395833362	153.89798182616858
21.049622395833364	153.9964018261684
21.149622395833365	154.09482182616873
21.249622395833367	154.1932418261687
21.349622395833368	154.89990491281657
21.44962239583337	154.3433559987797
21.54962239583337	154.4062509539723
21.649622395833372	154.46931355622382
21.749622395833374	154.53254380553486
21.849622395833375	154.59594170190434
21.949622395833376	154.6595072453324
22.049622395833378	154.72324043581958
22.14962239583338	154.7871412733656
22.24962239583338	154.85120975797045
22.349622395833382	154.91544588963396
22.449622395833384	154.97984966835637
22.549622395833385	155.0444210941373
22.649622395833386	155.1091601669781
22.749622395833388	155.17406688687646
22.84962239583339	155.23914125383416
22.94962239583339	155.30438326785082
23.049622395833392	155.36979292892624
23.149622395833394	155.4353702370602
23.249622395833395	155.50111519225356
23.349622395833396	155.56702779450524
23.449622395833398	155.633108043816
23.5496223958334	155.69935594018548
23.6496223958334	155.76577148361358
23.749622395833402	154.36744582055655
23.849622395833403	153.98556616876706
23.949622395833405	155.20013091464943
24.049622395833406	155.53620936452145
24.149622395833408	155.59007318885625
24.24962239583341	156.02235312198522
24.34962239583341	155.8380796817218
24.449622395833412	154.88035383275403
24.549622395833413	156.15187401866717
24.560000000000002	156.1540823728336
1000024.56	156.1540823728336
