-100000	0
0	0
0.0033333333333333335	0.0329352013763269
0.008333333333333333	0.08300391204109862
0.01583333333333333	0.15893235644613676
0.02708333333333333	0.2741367517973597
0.043958333333333335	0.44910533850632506
0.06927083333333334	0.7151997664127658
0.10723958333333333	1.1203987268266047
0.16419270833333333	1.7387013754284824
0.24962239583333334	2.68313626586177
0.3496223958333333	3.8073646503550567
0.4496223958333333	4.946271823876712
0.5496223958333333	6.096044380598336
0.6496223958333333	7.253936102820602
0.7496223958333332	8.417837138966313
0.8496223958333332	9.586046630809065
0.9496223958333332	10.757170781451043
1.0496223958333333	11.930015603245664
1.1496223958333334	13.103564518237027
1.2496223958333335	14.277204518237065
1.3496223958333335	15.450844518237066
1.4496223958333336	16.624484518237086
1.5496223958333337	17.798124518237092
1.6496223958333338	18.97176451823706
1.749622395833334	20.14540451823703
1.849622395833334	21.319044518237018
1.949622395833334	22.49268451823699
2.049622395833334	23.666324518236923
2.149622395833334	24.83996451823689
2.249622395833334	26.013604518236846
2.349622395833334	27.187244518236756
2.4496223958333343	28.360884518236695
2.5496223958333344	29.534524518236662
2.6496223958333345	30.70816451823654
2.7496223958333346	31.88180451823644
2.8496223958333347	33.05544451823633
2.9496223958333347	34.22908451823624
3.049622395833335	35.402724518236106
3.149622395833335	36.57636451823597
3.249622395833335	37.75000451823584
3.349622395833335	38.92364451823564
3.449622395833335	40.097284518235554
3.5496223958333353	41.27092451823539
3.6496223958333354	42.4445645182352
3.7496223958333355	43.61820451823507
3.8496223958333355	44.7918445182348
3.9496223958333356	45.965484518234746
4.049622395833335	47.13912451823444
4.149622395833335	48.31276451823426
4.249622395833335	49.48640451823406
4.349622395833334	50.66004451823384
4.449622395833334	51.83368451823367
4.5496223958333335	53.00732451823336
4.649622395833333	54.180964518233125
4.749622395833333	55.35460451823288
4.849622395833332	56.52824451823265
4.949622395833332	57.70188451823227
5.049622395833332	58.87552451823201
5.149622395833331	60.049164518231834
5.249622395833331	61.222804518231364
5.349622395833331	62.39644451823127
5.44962239583333	63.57008451823088
5.54962239583333	64.74372451823047
5.64962239583333	65.91736451823027
5.749622395833329	67.09100451822991
5.849622395833329	68.26464451822957
5.9496223958333285	69.43828451822915
6.049622395833328	70.6119245182289
6.149622395833328	71.78556451822854
6.2496223958333275	72.95920451822803
6.349622395833327	74.13284451822769
6.449622395833327	75.30648451822735
6.549622395833326	76.48012451822692
6.649622395833326	77.65376451822662
6.749622395833326	78.82740451822609
6.849622395833325	80.00104451822564
6.949622395833325	81.17468451822539
7.049622395833325	82.3483245182247
7.149622395833324	83.52196451822441
7.249622395833324	84.69560451822392
7.3496223958333236	85.86924451822361
7.449622395833323	87.04288451822305
7.549622395833323	88.2165245182224
7.6496223958333225	89.3901645182221
7.749622395833322	90.5638045182216
7.849622395833322	91.73744451822121
7.949622395833321	92.91108451822068
8.049622395833321	94.08472451822014
8.14962239583332	95.25836451821957
8.24962239583332	96.43200451821929
8.34962239583332	97.60564451821888
8.44962239583332	98.77928451821865
8.54962239583332	99.9529245182182
8.649622395833319	101.12656451821796
8.749622395833319	102.3002045182178
8.849622395833318	103.4738445182175
8.949622395833318	104.64748451821728
9.049622395833318	105.82112451821726
9.149622395833317	106.99476451821725
9.249622395833317	108.16840451821713
9.349622395833316	109.34204451821704
9.449622395833316	110.51568451821703
9.549622395833316	111.6893245182169
9.649622395833315	112.86296451821707
9.749622395833315	114.03660451821716
9.849622395833315	115.21024451821717
9.949622395833314	116.3838845182173
10.049622395833314	117.55752451821708
10.149622395833314	118.7311645182172
10.249622395833313	119.90480451821708
10.349622395833313	121.07844451821722
10.449622395833313	122.2520845182172
10.549622395833312	123.42572451821712
10.649622395833312	124.5993645182171
10.749622395833311	125.77300451821701
10.849622395833311	126.94664451821734
10.94962239583331	128.12028451821726
11.04962239583331	129.29392451821732
11.14962239583331	130.46756451821733
11.24962239583331	131.55693495623817
11.34962239583331	132.63215495623825
11.449622395833309	133.707374956238
11.549622395833309	134.7825949562382
11.649622395833308	135.857814956238
11.749622395833308	136.93303495623823
11.849622395833308	138.00825495623795
11.949622395833307	139.08347495623798
12.049622395833307	140.17343907082164
12.149622395833306	141.26345907082163
12.249622395833306	142.3534790708215
12.349622395833306	143.44349907082164
12.449622395833305	144.53351907082143
12.549622395833305	145.62353907082155
12.649622395833305	145.82486339373853
12.749622395833304	145.92328339373853
12.849622395833304	146.02170339373856
12.949622395833304	146.1201233937386
13.049622395833303	146.21854339373863
13.149622395833303	146.31696339373883
13.249622395833303	146.41538339373847
13.349622395833302	146.51380339373858
13.449622395833302	146.6122233937384
13.549622395833302	146.7106433937388
13.649622395833301	146.80906339373868
13.7496223958333	146.90748339373874
13.8496223958333	147.0059033937384
13.9496223958333	147.10432339373864
14.0496223958333	147.2027433937387
14.1496223958333	147.30116339373862
14.249622395833299	147.39958339373837
14.349622395833299	147.49800339373857
14.449622395833298	147.5964233937388
14.549622395833298	147.6948433937385
14.649622395833298	147.79326339373864
14.749622395833297	147.8916833937385
14.849622395833297	147.99010339373828
14.949622395833297	148.08852339373865
15.049622395833296	148.18694339373863
15.149622395833296	148.28536339373846
15.249622395833295	148.3837833937386
15.349622395833295	148.48220339373842
15.449622395833295	148.58062339373862
15.549622395833294	148.67904339373868
15.649622395833294	148.77746339373863
15.749622395833294	148.8758833937387
15.849622395833293	148.97430339373878
15.949622395833293	149.07272339373853
16.049622395833293	149.17114339373828
16.149622395833294	149.2695633937389
16.249622395833295	149.36798339373868
16.349622395833297	149.46640339373823
16.4496223958333	149.56482339373852
16.5496223958333	149.66324339373872
16.6496223958333	149.76166339373844
16.749622395833303	149.86008339373825
16.849622395833304	149.9585033937386
16.949622395833305	150.05692339373854
17.049622395833307	150.15534339373863
17.14962239583331	150.25376339373858
17.24962239583331	150.35218339373836
17.34962239583331	150.45060339373873
17.449622395833313	150.5490233937386
17.549622395833314	150.64744339373866
17.649622395833315	150.74586339373855
17.749622395833317	150.84428339373832
17.849622395833318	150.9427033937386
17.94962239583332	151.04112339373845
18.04962239583332	151.13954339373868
18.149622395833322	151.23796339373865
18.249622395833324	151.33638339373869
18.349622395833325	151.43480339373843
18.449622395833327	151.53322339373864
18.549622395833328	151.6316433937386
18.64962239583333	151.7300633937389
18.74962239583333	151.82848339373882
18.849622395833332	151.9269033937385
18.949622395833334	152.0253233937386
19.049622395833335	152.12374339373847
19.149622395833337	152.2221633937387
19.249622395833338	152.3205833937382
19.34962239583334	152.41900339373865
19.44962239583334	152.5174233937388
19.549622395833342	152.61584339373877
19.649622395833344	152.71426339373872
19.749622395833345	152.81268339373867
19.849622395833347	152.91110339373859
19.949622395833348	153.0095233937388
20.04962239583335	153.1079433937385
20.14962239583335	153.20636339373857
20.249622395833352	153.30478339373875
20.349622395833354	153.40320339373864
20.449622395833355	153.50162339373827
20.549622395833357	153.60004339373896
20.649622395833358	153.69846339373876
20.74962239583336	153.7968833937387
20.84962239583336	153.89530339373877
20.949622395833362	153.99372339373872
21.049622395833364	154.0921433937388
21.149622395833365	154.1905633937387
21.249622395833367	154.2889833937388
21.349622395833368	154.3874033937387
21.44962239583337	154.48582339373894
21.54962239583337	154.58424339373886
21.649622395833372	154.6826633937386
21.749622395833374	154.78108339373864
21.849622395833375	154.87950339373867
21.949622395833376	154.9779233937388
22.049622395833378	155.07634339373854
22.14962239583338	155.17476339373835
22.24962239583338	155.2731833937386
22.349622395833382	155.37160339373867
22.449622395833384	155.47002339373867
22.549622395833385	155.56844339373865
22.649622395833386	155.6668633937387
22.749622395833388	155.76528339373843
22.84962239583339	155.86370339373858
22.94962239583339	155.96212339373886
23.049622395833392	156.0605433937387
23.149622395833394	156.1589633937391
23.249622395833395	156.2573833937385
23.349622395833396	156.3558033937388
23.449622395833398	156.45422339373854
23.5496223958334	156.55264339373863
23.6496223958334	156.6510633937389
23.749622395833402	156.74948339373867
23.849622395833403	156.8479033937387
23.949622395833405	156.94632339373888
24.049622395833406	157.04474339373883
24.149622395833408	157.14316339373875
24.24962239583341	157.24158339373892
24.34962239583341	157.34000339373858
24.449622395833412	157.43842339373862
24.549622395833413	157.5368433937389
24.649622395833415	157.58154460683997
24.749622395833416	157.61702323097168
24.849622395833418	157.649335188437
24.94962239583342	157.6784804792358
25.04962239583342	157.6992572559567
25.088	157.70107103175928
1000025.088	157.70107103175928
