-100000	0
0	0
0.0033333333333333335	0.03293509878601872
0.008333333333333333	0.08300365655522554
0.01583333333333333	0.1589318742268652
0.02708333333333333	0.2741359378189398
0.043958333333333335	0.44910404194879955
0.06927083333333334	0.7151977810137812
0.10723958333333333	1.120395764216691
0.16419270833333333	1.7386971334853911
0.24962239583333334	2.683130409037597
0.3496223958333333	3.8073573008630404
0.4496223958333333	4.946263350275305
0.5496223958333333	6.096035081017086
0.6496223958333333	7.253926224838396
0.7496223958333332	8.417826879205696
0.8496223958333332	9.586036137190836
0.9496223958333332	10.757160175487376
1.0496223958333333	11.930003747658334
1.1496223958333334	13.103553857715202
1.2496223958333335	14.277193857715206
1.3496223958333335	15.45083385771521
1.4496223958333336	16.62447385771524
1.5496223958333337	17.798113857715233
1.6496223958333338	18.971753857715232
1.749622395833334	20.145393857715206
1.849622395833334	21.319033857715187
1.949622395833334	22.492673857715168
2.049622395833334	23.666313857715135
2.149622395833334	24.839953857715066
2.249622395833334	26.013593857714977
2.349622395833334	27.18723385771493
2.4496223958333343	28.360873857714843
2.5496223958333344	29.534513857714742
2.6496223958333345	30.708153857714688
2.7496223958333346	31.88179385771461
2.8496223958333347	33.05543385771446
2.9496223958333347	34.229073857714354
3.049622395833335	35.40271385771426
3.149622395833335	36.576353857714075
3.249622395833335	37.74999385771396
3.349622395833335	38.92363385771381
3.449622395833335	40.0972738577137
3.5496223958333353	41.27091385771353
3.6496223958333354	42.44455385771335
3.7496223958333355	43.61819385771323
3.8496223958333355	44.79183385771305
3.9496223958333356	45.9654738577128
4.049622395833335	47.1391138577126
4.149622395833335	48.312753857712494
4.249622395833335	49.48639385771216
4.349622395833334	50.660033857712016
4.449622395833334	51.83367385771169
4.5496223958333335	53.00731385771151
4.649622395833333	54.18095385771128
4.749622395833333	55.3545938577109
4.849622395833332	56.528233857710774
4.949622395833332	57.70187385771036
5.049622395833332	58.87551385771018
5.149622395833331	60.049153857710074
5.249622395833331	61.22279385770964
5.349622395833331	62.39643385770941
5.44962239583333	63.57007385770901
5.54962239583333	64.74371385770873
5.64962239583333	65.91735385770843
5.749622395833329	67.09099385770799
5.849622395833329	68.2646338577076
5.9496223958333285	69.43827385770743
6.049622395833328	70.61191385770708
6.149622395833328	71.78555385770673
6.2496223958333275	72.95919385770625
6.349622395833327	74.13283385770586
6.449622395833327	75.30647385770554
6.549622395833326	76.48011385770508
6.649622395833326	77.65375385770471
6.749622395833326	78.82739385770431
6.849622395833325	80.00103385770385
6.949622395833325	81.1746738577035
7.049622395833325	82.34831385770293
7.149622395833324	83.52195385770256
7.249622395833324	84.69559385770211
7.3496223958333236	85.8692338577016
7.449622395833323	87.04287385770107
7.549622395833323	88.21651385770072
7.6496223958333225	89.39015385770031
7.749622395833322	90.56379385769993
7.849622395833322	91.73743385769919
7.949622395833321	92.9110738576987
8.049622395833321	94.08471385769833
8.14962239583332	95.25835385769781
8.24962239583332	96.43199385769744
8.34962239583332	97.60563385769693
8.44962239583332	98.77927385769677
8.54962239583332	99.95291385769623
8.649622395833319	101.12655385769601
8.749622395833319	102.30019385769586
8.849622395833318	103.47383385769557
8.949622395833318	104.64747385769549
9.049622395833318	105.82111385769524
9.149622395833317	106.994753857695
9.249622395833317	108.1683938576951
9.349622395833316	109.34203385769509
9.449622395833316	110.51567385769498
9.549622395833316	111.68931385769497
9.649622395833315	112.8629538576949
9.749622395833315	114.03659385769494
9.849622395833315	115.21023385769499
9.949622395833314	116.38387385769495
10.049622395833314	117.557513857695
10.149622395833314	118.73115385769506
10.249622395833313	119.90479385769507
10.349622395833313	121.07843385769515
10.449622395833313	122.25207385769511
10.549622395833312	123.42571385769502
10.649622395833312	124.59935385769509
10.749622395833311	125.7729938576951
10.849622395833311	126.94663385769525
10.94962239583331	128.12027385769505
11.04962239583331	129.29391385769492
11.14962239583331	130.46755385769504
11.24962239583331	131.55692429571576
11.34962239583331	132.63214429571624
11.449622395833309	133.70736429571585
11.549622395833309	134.78258429571594
11.649622395833308	135.857804295716
11.749622395833308	136.93302429571594
11.849622395833308	138.00824429571608
11.949622395833307	139.0834642957162
12.049622395833307	140.17342841029946
12.149622395833306	141.26344841029956
12.249622395833306	142.35346841029946
12.349622395833306	143.44348841029944
12.449622395833305	144.53350841029948
12.549622395833305	145.6235284102994
12.649622395833305	145.82485273321615
12.749622395833304	145.92327273321655
12.849622395833304	146.02169273321633
12.949622395833304	146.12011273321636
13.049622395833303	146.21853273321636
13.149622395833303	146.31695273321623
13.249622395833303	146.4153727332158
13.349622395833302	146.51379273321615
13.449622395833302	146.61221273321644
13.549622395833302	146.71063273321624
13.649622395833301	146.80905273321628
13.7496223958333	146.90747273321645
13.8496223958333	147.0058927332162
13.9496223958333	147.10431273321618
14.0496223958333	147.20273273321655
14.1496223958333	147.30115273321653
14.249622395833299	147.39957273321653
14.349622395833299	147.49799273321622
14.449622395833298	147.59641273321634
14.549622395833298	147.69483273321606
14.649622395833298	147.79325273321618
14.749622395833297	147.89167273321655
14.849622395833297	147.99009273321627
14.949622395833297	148.0885127332161
15.049622395833296	148.18693273321645
15.149622395833296	148.28535273321637
15.249622395833295	148.38377273321646
15.349622395833295	148.48219273321635
15.449622395833295	148.5806127332166
15.549622395833294	148.6790327332164
15.649622395833294	148.7774527332164
15.749622395833294	148.87587273321657
15.849622395833293	148.97429273321626
15.949622395833293	149.07271273321643
16.049622395833293	149.17113273321647
16.149622395833294	149.26955273321659
16.249622395833295	149.36797273321662
16.349622395833297	149.46639273321637
16.4496223958333	149.56481273321654
16.5496223958333	149.66323273321638
16.6496223958333	149.76165273321632
16.749622395833303	149.86007273321644
16.849622395833304	149.95849273321633
16.949622395833305	150.05691273321665
17.049622395833307	150.15533273321645
17.14962239583331	150.2537527332167
17.24962239583331	150.35217273321632
17.34962239583331	150.45059273321658
17.449622395833313	150.54901273321656
17.549622395833314	150.64743273321648
17.649622395833315	150.74585273321637
17.749622395833317	150.84427273321685
17.849622395833318	150.9426927332165
17.94962239583332	151.0411127332165
18.04962239583332	151.13953273321619
18.149622395833322	151.23795273321636
18.249622395833324	151.3363727332165
18.349622395833325	151.43479273321657
18.449622395833327	151.5332127332167
18.549622395833328	151.63163273321655
18.64962239583333	151.7300527332163
18.74962239583333	151.82847273321627
18.849622395833332	151.92689273321648
18.949622395833334	152.02531273321662
19.049622395833335	152.12373273321663
19.149622395833337	152.22215273321692
19.249622395833338	152.32057273321647
19.34962239583334	152.4189927332166
19.44962239583334	152.51639663280932
19.549622395833342	152.61096785702296
19.649622395833344	152.70267045378534
19.749622395833345	152.79201429725538
19.849622395833347	152.88112429725555
19.949622395833348	152.97023429725547
20.04962239583335	153.05934429725556
20.14962239583335	153.1484542972557
20.249622395833352	153.23756429725552
20.349622395833354	153.3266742972557
20.449622395833355	153.42319714230734
20.549622395833357	153.52161714230738
20.649622395833358	153.62003714230735
20.74962239583336	153.70781332023446
20.84962239583336	153.79546065504348
20.949622395833362	153.88301932318566
21.049622395833364	153.97048932466132
21.149622395833365	154.0578706594702
21.249622395833367	154.14516332761272
21.349622395833368	154.23236732908853
21.44962239583337	154.31948266389787
21.54962239583337	154.40650933204006
21.649622395833372	154.49344733351563
21.749622395833374	154.5802966683245
21.849622395833375	154.6670573364672
21.949622395833376	154.75372933794284
22.049622395833378	154.8403126727516
22.14962239583338	154.92680734089427
22.24962239583338	155.01321334236977
22.349622395833382	155.0995306771789
22.449622395833384	155.18575934532097
22.549622395833385	155.2718993467968
22.649622395833386	155.35795068160573
22.749622395833388	155.4439133497484
22.84962239583339	155.52978735122383
22.94962239583339	155.6155726860327
23.049622395833392	155.70126935417534
23.149622395833394	155.78687735565106
23.249622395833395	155.87239669046005
23.349622395833396	155.95782735860232
23.449622395833398	156.04316936007842
23.5496223958334	156.12842269488738
23.6496223958334	156.2135873630293
23.749622395833402	156.31160714230734
23.849622395833403	156.4100271423073
23.949622395833405	156.50844714230726
24.049622395833406	156.60686714230778
24.149622395833408	156.7052871423073
24.24962239583341	156.80370714230787
24.34962239583341	156.90212714230745
24.449622395833412	157.0005471423074
24.549622395833413	157.09896714230732
24.649622395833415	157.19586206541996
24.749622395833416	157.29365254230788
24.849622395833418	157.39207254230766
24.94962239583342	157.4904925423073
25.04962239583342	157.5860100259963
25.149622395833422	157.65640650021666
25.249622395833423	157.6805974654379
25.25	157.68059780777918
1000025.25	157.68059780777918
