-100000	0
0	0
0.0033333333333333335	0.032934996192401325
0.008333333333333333	0.08300340103610948
0.01583333333333333	0.15893139197435052
0.02708333333333333	0.2741351237333926
0.043958333333333335	0.4491027451529169
0.06927083333333334	0.7151957948548594
0.10723958333333333	1.1203927998028747
0.16419270833333333	1.7386928890186653
0.24962239583333334	2.6831245482434003
0.3496223958333333	3.8073499455732036
0.4496223958333333	4.9462548695092625
0.5496223958333333	6.096025772838473
0.6496223958333333	7.253916336843541
0.7496223958333332	8.417816608127941
0.8496223958333332	9.586025631676456
0.9496223958333332	10.757149556681314
1.0496223958333333	11.929993080478141
1.1496223958333334	13.103543183735345
1.2496223958333335	14.277183183735376
1.3496223958333335	15.450823183735396
1.4496223958333336	16.6244631837354
1.5496223958333337	17.798103183735368
1.6496223958333338	18.97174318373535
1.749622395833334	20.145383183735376
1.849622395833334	21.3190231837353
1.949622395833334	22.49266318373531
2.049622395833334	23.666303183735213
2.149622395833334	24.83994318373523
2.249622395833334	26.013583183735115
2.349622395833334	27.187223183735092
2.4496223958333343	28.36086318373501
2.5496223958333344	29.5345031837349
2.6496223958333345	30.7081431837348
2.7496223958333346	31.881783183734775
2.8496223958333347	33.05542318373464
2.9496223958333347	34.229063183734475
3.049622395833335	35.402703183734474
3.149622395833335	36.576343183734295
3.249622395833335	37.74998318373412
3.349622395833335	38.92362318373401
3.449622395833335	40.09726318373388
3.5496223958333353	41.27090318373375
3.6496223958333354	42.444543183733494
3.7496223958333355	43.61818318373336
3.8496223958333355	44.791823183733214
3.9496223958333356	45.96546318373303
4.049622395833335	47.13910318373279
4.149622395833335	48.312743183732536
4.249622395833335	49.48638318373235
4.349622395833334	50.66002318373216
4.449622395833334	51.83366318373182
4.5496223958333335	53.00730318373169
4.649622395833333	54.18094318373135
4.749622395833333	55.35458318373121
4.849622395833332	56.528223183730844
4.949622395833332	57.70186318373062
5.049622395833332	58.87550318373031
5.149622395833331	60.04914318373012
5.249622395833331	61.22278318372977
5.349622395833331	62.39642318372948
5.44962239583333	63.570063183729225
5.54962239583333	64.74370318372873
5.64962239583333	65.91734318372852
5.749622395833329	67.09098318372807
5.849622395833329	68.26462318372778
5.9496223958333285	69.43826318372746
6.049622395833328	70.61190318372711
6.149622395833328	71.78554318372683
6.2496223958333275	72.95918318372635
6.349622395833327	74.13282318372589
6.449622395833327	75.30646318372563
6.549622395833326	76.48010318372525
6.649622395833326	77.65374318372486
6.749622395833326	78.82738318372445
6.849622395833325	80.0010231837239
6.949622395833325	81.1746631837236
7.049622395833325	82.34830318372329
7.149622395833324	83.52194318372268
7.249622395833324	84.69558318372236
7.3496223958333236	85.86922318372183
7.449622395833323	87.04286318372148
7.549622395833323	88.2165031837209
7.6496223958333225	89.39014318372045
7.749622395833322	90.5637831837198
7.849622395833322	91.7374231837192
7.949622395833321	92.91106318371885
8.049622395833321	94.08470318371842
8.14962239583332	95.25834318371804
8.24962239583332	96.43198318371742
8.34962239583332	97.60562318371709
8.44962239583332	98.77926318371686
8.54962239583332	99.9529031837164
8.649622395833319	101.12654318371624
8.749622395833319	102.3001831837161
8.849622395833318	103.4738231837158
8.949622395833318	104.64746318371537
9.049622395833318	105.82110318371531
9.149622395833317	106.99474318371524
9.249622395833317	108.16838318371504
9.349622395833316	109.34202318371491
9.449622395833316	110.5156631837149
9.549622395833316	111.68930318371484
9.649622395833315	112.86294318371483
9.749622395833315	114.03658318371505
9.849622395833315	115.21022318371493
9.949622395833314	116.38386318371498
10.049622395833314	117.55750318371494
10.149622395833314	118.73114318371513
10.249622395833313	119.90478318371501
10.349622395833313	121.07842318371509
10.449622395833313	122.25206318371488
10.549622395833312	123.42570318371499
10.649622395833312	124.59934318371505
10.749622395833311	125.77298318371513
10.849622395833311	126.94662318371512
10.94962239583331	128.1202631837148
11.04962239583331	129.29390318371503
11.14962239583331	130.46754318371507
11.24962239583331	131.5569136217358
11.34962239583331	132.632133621736
11.449622395833309	133.70735362173576
11.549622395833309	134.78257362173596
11.649622395833308	135.8577936217359
11.749622395833308	136.93301362173568
11.849622395833308	138.00823362173608
11.949622395833307	139.083453621736
12.049622395833307	140.17341773631924
12.149622395833306	141.26343773631945
12.249622395833306	142.35345773631948
12.349622395833306	143.44347773631927
12.449622395833305	144.53349773631942
12.549622395833305	145.62351773631926
12.649622395833305	145.82484205923632
12.749622395833304	145.92326205923635
12.849622395833304	146.02168205923635
12.949622395833304	146.12010205923625
13.049622395833303	146.2185220592364
13.149622395833303	146.3169420592362
13.249622395833303	146.41536205923617
13.349622395833302	146.51378205923623
13.449622395833302	146.61220205923644
13.549622395833302	146.7106220592363
13.649622395833301	146.80904205923625
13.7496223958333	146.90746205923628
13.8496223958333	147.00588205923626
13.9496223958333	147.1043020592363
14.0496223958333	147.2027220592365
14.1496223958333	147.3011420592363
14.249622395833299	147.3995620592362
14.349622395833299	147.4979820592362
14.449622395833298	147.5964020592361
14.549622395833298	147.6948220592364
14.649622395833298	147.79324205923635
14.749622395833297	147.89166205923624
14.849622395833297	147.9900820592362
14.949622395833297	148.08850205923616
15.049622395833296	148.1869220592363
15.149622395833296	148.28534205923629
15.249622395833295	148.3837620592363
15.349622395833295	148.48218205923632
15.449622395833295	148.58060205923627
15.549622395833294	148.67902205923625
15.649622395833294	148.77744205923636
15.749622395833294	148.87586205923597
15.849622395833293	148.9742820592364
15.949622395833293	149.0727020592364
16.049622395833293	149.17061229814843
16.149622395833294	149.2657669541025
16.249622395833295	149.35790078986759
16.349622395833297	149.44701380544333
16.4496223958333	149.53310600082992
16.5496223958333	149.6161773760267
16.6496223958333	149.69622793103485
16.749622395833303	149.77325825157916
16.849622395833304	149.84734260026792
16.949622395833305	149.918532648438
17.049622395833307	149.98682839609057
17.14962239583331	150.05222984322424
17.24962239583331	150.1147369898402
17.34962239583331	150.1743498359383
17.449622395833313	150.23106838151784
17.549622395833314	150.28489262657956
17.649622395833315	150.3358225711226
17.749622395833317	150.3838582151479
17.849622395833318	150.42899955865516
17.94962239583332	150.4712466016441
18.04962239583332	150.51059934411495
18.149622395833322	150.5470577860676
18.249622395833324	150.5806219275022
18.349622395833325	150.61129176841862
18.449622395833327	150.63906730881718
18.549622395833328	150.66394854869716
18.64962239583333	150.6859354880593
18.74962239583333	150.70503626491364
18.849622395833332	150.72126788128418
18.949622395833334	150.73463087020372
19.049622395833335	150.74512523167246
19.149622395833337	150.75275096568987
19.249622395833338	150.75750807225617
19.34962239583334	150.75939655137196
19.44962239583334	150.75943250344412
19.549622395833342	150.75943250344412
19.649622395833344	150.75943250344412
19.749622395833345	150.75943250344412
19.849622395833347	150.75943250344412
19.949622395833348	150.75943250344412
20.04962239583335	150.75943250344412
20.14962239583335	150.75943250344412
20.249622395833352	150.75943250344412
20.349622395833354	150.75943250344412
20.449622395833355	150.76366841490264
20.549622395833357	150.76898841490245
20.649622395833358	150.7743084149021
20.74962239583336	150.77432850344385
20.84962239583336	150.77432850344385
20.949622395833362	150.77432850344385
21.049622395833364	150.77432850344385
21.149622395833365	150.77432850344385
21.249622395833367	150.77432850344385
21.349622395833368	150.77432850344385
21.44962239583337	150.77432850344385
21.54962239583337	150.77432850344385
21.649622395833372	150.77432850344385
21.749622395833374	150.77432850344385
21.849622395833375	150.77432850344385
21.949622395833376	150.77432850344385
22.049622395833378	150.77432850344385
22.14962239583338	150.77432850344385
22.24962239583338	150.77432850344385
22.349622395833382	150.77432850344385
22.449622395833384	150.77432850344385
22.549622395833385	150.77432850344385
22.649622395833386	150.77432850344385
22.749622395833388	150.77432850344385
22.84962239583339	150.77432850344385
22.94962239583339	150.77432850344385
23.049622395833392	150.77432850344385
23.149622395833394	150.77432850344385
23.249622395833395	150.77432850344385
23.349622395833396	150.77432850344385
23.449622395833398	150.77432850344385
23.5496223958334	150.77432850344385
23.6496223958334	150.77432850344385
23.749622395833402	150.8255809630794
23.849622395833403	150.88809096307963
23.949622395833405	150.95060096307947
24.049622395833406	151.0131109630797
24.149622395833408	151.07562096307944
24.24962239583341	151.13813096307945
24.34962239583341	151.20064096307948
24.449622395833412	151.26315096307954
24.549622395833413	151.3256609630798
24.649622395833415	151.35715200344393
24.749622395833416	151.3574720206248
24.849622395833418	151.36085695913718
24.94962239583342	151.3679363420944
24.99980392156863	151.3707354759931
1000024.9998039216	151.3707354759931
