-100000	0
0.24789763363781603	0
0.2512309669711494	0.000001059277680066674
0.2562309669711494	0.000012695038167401624
0.2637309669711494	0.00007298179645538873
0.2749809669711494	0.0003046504895092411
0.29185596697114935	0.0010789166472401667
0.31716846697114937	0.0034439655801705845
0.35513721697114936	0.010311969864989806
0.41209034197114935	0.029370031033945067
0.49752002947114937	0.07766723465679408
0.5975200294711493	0.15342906821932498
0.6975200294711493	0.24280097951520496
0.7975200294711493	0.3419774759181205
0.8975200294711493	0.4484682577180668
0.9975200294711493	0.5604402153589143
1.0975200294711493	0.6764127189553388
1.1975200294711494	0.7951972337482304
1.2975200294711495	0.9158102753055078
1.3975200294711496	1.0373828400975673
1.4975200294711497	1.1591523665339625
1.5975200294711498	1.2804435996720003
1.6975200294711499	1.4006660336700762
1.79752002947115	1.5193010035003915
1.89752002947115	1.6358853953420798
1.9975200294711501	1.7500128968417794
2.0975200294711502	1.8613392327766543
2.1975200294711503	1.969569008196678
2.2975200294711504	2.074449716970337
2.3975200294711505	2.175751593527742
2.4975200294711506	2.273375957447179
2.5975200294711507	2.3673249764064304
2.6975200294711508	2.4575551691757753
2.797520029471151	2.5441038600238315
2.897520029471151	2.627045961575797
2.997520029471151	2.706484892666513
3.097520029471151	2.7825881397784893
3.197520029471151	2.855626436517066
3.2975200294711513	2.925913198152175
3.3975200294711514	2.9938247526928357
3.4975200294711515	3.059813723178752
3.5975200294711516	3.1243789200585206
3.6975200294711517	3.1881111110151883
3.7975200294711517	3.251656068227298
3.897520029471152	3.3156888645552245
3.997520029471152	3.3810709144336024
4.097520029471152	3.448734456311794
4.197520029471152	3.519668497314167
4.297520029471151	3.594898099955807
4.397520029471151	3.675690589224468
4.497520029471151	3.7633972015190724
4.59752002947115	3.8594860108106803
4.69752002947115	3.9656327466651926
4.7975200294711495	4.083740710564478
4.897520029471149	4.215962519972768
4.997520029471149	4.36485797164867
5.0975200294711485	4.5335172405697906
5.197520029471148	4.725904579951832
5.297520029471148	4.9470021849781665
5.397520029471147	5.20055443640557
5.497520029471147	5.485950227813423
5.597520029471147	5.802343474629257
5.697520029471146	6.148727496059094
5.797520029471146	6.523896760042294
5.897520029471146	6.926525912248513
5.997520029471145	7.3554077693151925
6.097520029471145	7.809395663204062
6.1975200294711446	8.287161672579481
6.297520029471144	8.78762623244014
6.397520029471144	9.309609428422617
6.4975200294711435	9.852052115432327
6.597520029471143	10.413970514532343
6.697520029471143	10.994493799636304
6.797520029471142	11.592651816205155
6.897520029471142	12.207643279174768
6.997520029471142	12.838727539783058
7.097520029471141	13.48507631498531
7.197520029471141	14.146147315186663
7.297520029471141	14.82113207343309
7.39752002947114	15.509523666654253
7.49752002947114	16.210623901575325
7.59752002947114	16.92392637507667
7.697520029471139	17.648914938348835
7.797520029471139	18.385045249631055
7.8975200294711385	19.13184649042739
7.997520029471138	19.888888268998016
8.097520029471138	20.655703109316118
8.197520029471137	21.43190962367205
8.297520029471137	22.21704730680566
8.397520029471137	23.01085054191834
8.497520029471136	23.81285384353132
8.597520029471136	24.622828061772758
8.697520029471136	25.440318331736222
8.797520029471135	26.265163908817136
8.897520029471135	27.096910515937758
8.997520029471135	27.935411506929448
9.097520029471134	28.78033152166948
9.197520029471134	29.631380095992704
9.297520029471134	30.488266998214993
9.397520029471133	31.35080567432666
9.497520029471133	32.218723070690736
9.597520029471132	33.09174874058258
9.697520029471132	33.969687026300576
9.797520029471132	34.85228433615701
9.897520029471131	35.7395390204579
9.997520029471131	36.63108671045161
10.09752002947113	37.5266844530464
10.19752002947113	38.42613612279794
10.29752002947113	39.32921122109152
10.39752002947113	40.2356843833144
10.49752002947113	41.14535253672679
10.597520029471129	42.05800485096078
10.697520029471129	42.97345107398222
10.797520029471128	43.89148572015383
10.897520029471128	44.811891917425996
10.997520029471128	45.73449167608726
11.097520029471127	46.659069509951756
11.197520029471127	47.5854340557483
11.297520029471126	48.51340014421742
11.397520029471126	49.44275555533127
11.497520029471126	50.37333023811202
11.597520029471125	51.30492705250769
11.697520029471125	52.237350609967955
11.797520029471125	53.170444621064554
11.897520029471124	54.104012898251895
11.997520029471124	55.03786834089786
12.097520029471124	55.97183162731654
12.197520029471123	56.90572871518846
12.297520029471123	57.83937932030355
12.397520029471123	58.772600141401995
12.497520029471122	59.70522952081636
12.597520029471122	60.6370950840222
12.697520029471121	61.25281574760022
12.797520029471121	61.88282810669415
12.89752002947112	62.51284046578814
12.99752002947112	63.14285282488221
13.09752002947112	63.77286518397607
13.19752002947112	64.4028775430703
13.29752002947112	65.03288990216411
13.397520029471119	65.66278989394297
13.497520029471119	66.29279843405911
13.597520029471118	66.922806974175
13.697520029471118	67.55281551429124
13.797520029471118	68.18282405440712
13.897520029471117	68.81283259452331
13.997520029471117	69.44284113463958
14.097520029471116	70.07284967475577
14.197520029471116	70.7028582148721
14.297520029471116	71.33286675498762
14.397520029471115	71.96287529510408
14.497520029471115	72.59307458218657
14.597520029471115	73.22308358459733
14.697520029471114	73.85309258700774
14.797520029471114	74.48310158941811
14.897520029471114	75.11311059182897
14.997520029471113	75.74311959423973
15.097520029471113	76.37312859665022
15.197520029471113	77.00313759906057
15.297520029471112	77.63314660147088
15.397520029471112	78.26315560388176
15.497520029471112	78.89316460629226
15.597520029471111	79.52317360870285
15.69752002947111	80.15318261111338
15.79752002947111	80.78319161352407
15.89752002947111	81.41320061593434
15.99752002947111	82.04320961834509
16.09752002947111	82.6732186207555
16.19752002947111	83.30322762316618
16.297520029471112	83.93323662557657
16.397520029471114	84.56324562798706
16.497520029471115	85.19325463039814
16.597520029471116	85.82326363280832
16.697520029471118	86.45327263521907
16.79752002947112	87.08328163762948
16.89752002947112	87.71329064004004
16.997520029471122	88.34329964245079
17.097520029471124	88.97330864486129
17.197520029471125	89.6033176472719
17.297520029471126	90.23332664968262
17.397520029471128	90.86333565209294
17.49752002947113	91.49334465450367
17.59752002947113	92.12335365691413
17.697520029471132	92.75336265932478
17.797520029471134	93.3833716617353
17.897520029471135	94.01338066414608
17.997520029471136	94.64338966655686
18.097520029471138	95.27339866896706
18.19752002947114	95.90340767137788
18.29752002947114	96.5334166737882
18.397520029471142	97.16342567619913
18.497520029471143	97.79343467860947
18.597520029471145	98.42344368102005
18.697520029471146	99.05345268343041
18.797520029471148	99.68346168584111
18.89752002947115	100.31347068825163
18.99752002947115	100.9434796906624
19.097520029471152	101.57348869307283
19.197520029471153	102.2034976954833
19.297520029471155	102.83350669789404
19.397520029471156	103.46351570030446
19.497520029471158	104.09352470271519
19.59752002947116	104.72353370512572
19.69752002947116	105.35354270753626
19.797520029471162	105.9835517099472
19.897520029471163	106.61356071235754
19.997520029471165	107.24356971476811
20.097520029471166	107.8735787171787
20.197520029471168	108.50358771958912
20.29752002947117	109.13359672200005
20.39752002947117	109.76360572441018
20.497520029471172	110.39361472682096
20.597520029471173	111.02362372923146
20.697520029471175	111.65363273164212
20.797520029471176	112.28364173405245
20.897520029471178	112.91365073646328
20.99752002947118	113.5436597388736
21.09752002947118	114.17366874128427
21.197520029471182	114.80367774369518
21.297520029471183	115.4336867461052
21.397520029471185	116.0636957485162
21.497520029471186	116.69370475092674
21.597520029471188	117.32371375333706
21.69752002947119	117.95372275574759
21.79752002947119	118.5837317581587
21.897520029471192	119.2137407605692
21.997520029471193	119.8437497629797
22.097520029471195	120.4737587653904
22.197520029471196	121.1052225770884
22.297520029471197	121.73523617278903
22.3975200294712	122.36524976848935
22.4975200294712	122.99526336418991
22.5975200294712	123.62527695989048
22.697520029471203	124.25529055559113
22.75	124.58405800801512
1000022.75	124.58405800801512
