-100000	0
0	0
0.0033333333333333335	0.03279777494190573
0.008333333333333333	0.0827207657940891
0.01583333333333333	0.15850198825891523
0.02708333333333333	0.2734736227581284
0.043958333333333335	0.44807045294511505
0.06927083333333334	0.7135502844995012
0.10723958333333333	1.1179429675001198
0.16419270833333333	1.7348966079296233
0.24962239583333334	2.677348946395312
0.3496223958333333	3.7991240437381557
0.4496223958333333	4.935584877864602
0.5496223958333333	6.082877232126408
0.6496223958333333	7.238285427844916
0.7496223958333332	8.399692156159656
0.8496223958333332	9.565349620599287
0.9496223958333332	10.733888337891448
1.0496223958333333	11.904103674389956
1.1496223958333334	13.07512103389757
1.2496223958333335	14.248013008067963
1.3496223958333335	15.421295729835812
1.4496223958333336	16.59459766069609
1.5496223958333337	17.767917954451747
1.6496223958333338	18.941256105086275
1.749622395833334	20.114610021984063
1.849622395833334	21.2879807602206
1.949622395833334	22.461366372925028
2.049622395833334	23.634767598953417
2.149622395833334	24.80818278212341
2.249622395833334	25.981612235824066
2.349622395833334	27.155054764525413
2.4496223958333343	28.328510084390096
2.5496223958333344	29.501974758654644
2.6496223958333345	30.675450040673102
2.7496223958333346	31.848934879882435
2.8496223958333347	33.02243242287267
2.9496223958333347	34.195940105116534
3.049622395833335	35.36945439921297
3.149622395833335	36.54297643024525
3.249622395833335	37.71650369163063
3.349622395833335	38.890037417907585
3.449622395833335	40.06357886846314
3.5496223958333353	41.23712756843055
3.6496223958333354	42.41068167565429
3.7496223958333355	43.58423926291495
3.8496223958333355	44.757799656409716
3.9496223958333356	45.931362440128794
4.049622395833335	47.10492733573377
4.149622395833335	48.27849496930805
4.249622395833335	49.45206451207094
4.349622395833334	50.62563518966278
4.449622395833334	51.79920659231353
4.5496223958333335	52.97277826639725
4.649622395833333	54.146349943783726
4.749622395833333	55.31992162117047
4.849622395833332	56.493493298557034
4.949622395833332	57.667064975943745
5.049622395833332	58.84063665333036
5.149622395833331	60.014208330716926
5.249622395833331	61.18778000810557
5.349622395833331	62.361351689835566
5.44962239583333	63.53492339381574
5.54962239583333	64.70849514060065
5.64962239583333	65.88206695074525
5.749622395833329	67.05563884480435
5.849622395833329	68.22921084333255
5.9496223958333285	69.40278296688487
6.049622395833328	70.57635523601586
6.149622395833328	71.7499276712803
6.2496223958333275	72.92350029323309
6.349622395833327	74.09707312242897
6.449622395833327	75.27064617942274
6.549622395833326	76.44421948476929
6.649622395833326	77.61779305902304
6.749622395833326	78.79136692273909
6.849622395833325	79.9649410964719
6.949622395833325	81.13851560077694
7.049622395833325	82.31209045620807
7.149622395833324	83.4856656833207
7.249622395833324	84.65924130266947
7.3496223958333236	85.83281733480909
7.449622395833323	87.00639380029442
7.549622395833323	88.17997071967991
7.6496223958333225	89.35354811352072
7.749622395833322	90.52712600237165
7.849622395833322	91.70070440678717
7.949622395833321	92.87428334732199
8.049622395833321	94.04786284453158
8.14962239583332	95.22144291896996
8.24962239583332	96.3950235911923
8.34962239583332	97.56860488175334
8.44962239583332	98.74218681120789
8.54962239583332	99.9157694001105
8.649622395833319	101.08935266901632
8.749622395833319	102.26293665842135
8.849622395833318	103.43652181160289
8.949622395833318	104.61010894582274
9.049622395833318	105.78369889251508
9.149622395833317	106.95729248311423
9.249622395833317	108.13089054905495
9.349622395833316	109.3044939217988
9.449622395833316	110.47810367029861
9.549622395833316	111.65172168140805
9.649622395833315	112.82535224262129
9.749622395833315	113.99899224248017
9.849622395833315	115.17263224248025
9.949622395833314	116.34627224248008
10.049622395833314	117.51991224248017
10.149622395833314	118.69355224248028
10.249622395833313	119.86719224248031
10.349622395833313	121.04083224248016
10.449622395833313	122.21447224248035
10.549622395833312	123.38811224248018
10.649622395833312	124.56175224248024
10.749622395833311	125.73539224248013
10.849622395833311	126.90903224248011
10.94962239583331	128.08267224248033
11.04962239583331	129.2563122424801
11.14962239583331	130.42995224248034
11.24962239583331	131.51932268050152
11.34962239583331	132.59454268050123
11.449622395833309	133.6697626805012
11.549622395833309	134.74498268050115
11.649622395833308	135.82020268050118
11.749622395833308	136.8954226805015
11.849622395833308	137.97064268050127
11.949622395833307	139.04586268050127
12.049622395833307	140.13582679508474
12.149622395833306	141.22584679508466
12.249622395833306	142.31586679508464
12.349622395833306	143.40588679508477
12.449622395833305	144.49590679508455
12.549622395833305	145.58592679508453
12.649622395833305	145.7872511180016
12.749622395833304	145.88567111800148
12.849622395833304	145.98409111800171
12.949622395833304	146.08173268890584
13.049622395833303	146.17591322948306
13.149622395833303	146.26640664640084
13.249622395833303	146.35321293868867
13.349622395833302	146.43633210537465
13.449622395833302	146.5157641454883
13.549622395833302	146.59150905805802
13.649622395833301	146.6637780528654
13.7496223958333	146.73301239336197
13.8496223958333	146.79922591366963
13.9496223958333	146.86241861378778
14.0496223958333	146.92259049371702
14.1496223958333	146.97974155345696
14.249622395833299	147.03387179300728
14.349622395833299	147.08498121236826
14.449622395833298	147.13306981154025
14.549622395833298	147.17813759052302
14.649622395833298	147.2201845493164
14.749622395833297	147.25921068792053
14.849622395833297	147.29521600633532
14.949622395833297	147.32820050456124
15.049622395833296	147.35816418259722
15.149622395833296	147.38510704044407
15.249622395833295	147.40902907810198
15.349622395833295	147.42993029557033
15.449622395833295	147.44781069284937
15.549622395833294	147.4626702699397
15.649622395833294	147.47450902684008
15.749622395833294	147.48332696355146
15.849622395833293	147.48912408007348
15.949622395833293	147.49190037640625
15.991527777777833	147.49216561363787
1000015.9915277777	147.49216561363787
