-100000	0
0	0
0.0033333333333333335	0.03259374529245335
0.008333333333333333	0.08219900957828025
0.01583333333333333	0.15752090700517055
0.02708333333333333	0.2718024556888365
0.043958333333333335	0.44538659812362613
0.06927083333333334	0.7093570760936021
0.10723958333333333	1.111479208929452
0.16419270833333333	1.725043555961266
0.24962239583333334	2.6625586309717497
0.3496223958333333	3.778717831047401
0.4496223958333333	4.909561856541017
0.5496223958333333	6.05126915047909
0.6496223958333333	7.20112154967319
0.7496223958333332	8.357002023403238
0.8496223958333332	9.517113917059392
0.9496223958333332	10.68010582415107
1.0496223958333333	11.844779460049546
1.1496223958333334	13.01044634970579
1.2496223958333335	14.180676731996229
1.3496223958333335	15.352037083674887
1.4496223958333336	16.523525861114564
1.5496223958333337	17.695133302694305
1.6496223958333338	18.86685122830088
1.749622395833334	20.03867231787259
1.849622395833334	21.21059989523368
1.949622395833334	22.382616215226715
2.049622395833334	23.554720725306897
2.149622395833334	24.726911091924652
2.249622395833334	25.89918620669922
2.349622395833334	27.07152822817142
2.4496223958333343	28.243927558272322
2.5496223958333344	29.416376521318433
2.6496223958333345	30.588894682755907
2.7496223958333346	31.761464152840166
2.8496223958333347	32.934128059838564
2.9496223958333347	34.10682912522892
3.049622395833335	35.27957232338545
3.149622395833335	36.45236950310028
3.249622395833335	37.625202523961306
3.349622395833335	38.798092733861594
3.449622395833335	39.97103346200616
3.5496223958333353	41.14401237308684
3.6496223958333354	42.31703162124501
3.7496223958333355	43.490094745271016
3.8496223958333355	44.66318893736655
3.9496223958333356	45.836303237967634
4.049622395833335	47.00944417134079
4.149622395833335	48.182621164986955
4.249622395833335	49.355815649411724
4.349622395833334	50.52901601677681
4.449622395833334	51.70222836478834
4.5496223958333335	52.87547406279563
4.649622395833333	54.04874054759393
4.749622395833333	55.22202339201703
4.849622395833332	56.39532546633765
4.949622395833332	57.56863039062847
5.049622395833332	58.74196017640339
5.149622395833331	59.91531667068442
5.249622395833331	61.08869648240638
5.349622395833331	62.26209485321355
5.44962239583333	63.4355056773808
5.54962239583333	64.60892700319792
5.64962239583333	65.78235832051827
5.749622395833329	66.95579811795407
5.849622395833329	68.12924341168561
5.9496223958333285	69.30269379277195
6.049622395833328	70.4761485574108
6.149622395833328	71.64960700180096
6.2496223958333275	72.82306842214146
6.349622395833327	73.9965321146304
6.449622395833327	75.16999815988719
6.549622395833326	76.3434644386077
6.649622395833326	77.51693162351101
6.749622395833326	78.6903997145978
6.849622395833325	79.86386871186741
6.949622395833325	81.03733861532024
7.049622395833325	82.21080942495608
7.149622395833324	83.38428114077536
7.249622395833324	84.55775376277748
7.3496223958333236	85.73122729096286
7.449622395833323	86.90470172533135
7.549622395833323	88.07817706588312
7.6496223958333225	89.25165331261786
7.749622395833322	90.42513103316128
7.849622395833322	91.59860925724162
7.949622395833321	92.77209119254967
8.049622395833321	93.94557379264246
8.14962239583332	95.1190597807222
8.24962239583332	96.2925499676685
8.34962239583332	97.46604516436066
8.44962239583332	98.63954618167884
8.54962239583332	99.81305383050227
8.649622395833319	100.9865689217101
8.749622395833319	102.1600919905759
8.849622395833318	103.33362394553117
8.949622395833318	104.50716453613911
9.049622395833318	105.68071344214668
9.149622395833317	106.8542715661729
9.249622395833317	108.02783968353229
9.349622395833316	109.20141865373779
9.449622395833316	110.37500991395585
9.549622395833316	111.54861651769409
9.649622395833315	112.72224482004728
9.749622395833315	113.89588345979784
9.849622395833315	115.06952278629527
9.949622395833314	116.24316266975109
10.049622395833314	117.41680255320729
10.149622395833314	118.59044243666325
10.249622395833313	119.76408232011929
10.349622395833313	120.9377222035756
10.449622395833313	122.11136208703152
10.549622395833312	123.28500197048756
10.649622395833312	124.45864185394349
10.749622395833311	125.63228173739962
10.849622395833311	126.80592162085564
10.94962239583331	127.97956008553602
11.04962239583331	129.15319995809534
11.14962239583331	130.32683983065482
11.24962239583331	131.38490905316405
11.34962239583331	132.42015046370094
11.449622395833309	133.45170478046828
11.549622395833309	134.47957199902223
11.649622395833308	135.50375211491763
11.749622395833308	136.52424473059847
11.849622395833308	137.541050624668
11.949622395833307	138.55416940274705
12.049622395833307	139.58819953069738
12.149622395833306	140.6191914620803
12.249622395833306	141.6470509180659
12.349622395833306	142.4398058686052
12.449622395833305	143.48695509133623
12.549622395833305	144.53892931330606
12.649622395833305	144.82660136150335
12.749622395833304	144.83342325254844
12.849622395833304	144.83655802284756
12.884642857142868	144.8367850254327
1000012.8846428571	144.8367850254327
