-100000	0
0	0
0.0033333333333333335	0.032324098218896424
0.008333333333333333	0.08145507985562762
0.01583333333333333	0.15608923331712626
0.02708333333333333	0.2693547022147186
0.043958333333333335	0.44143617136384133
0.06927083333333334	0.7032131452972854
0.10723958333333333	1.1021110558193787
0.16419270833333333	1.7110076589353505
0.24962239583333334	2.6417892698473353
0.3496223958333333	3.750541115671755
0.4496223958333333	4.874235512047419
0.5496223958333333	6.009024939498262
0.6496223958333333	7.152149688354122
0.7496223958333332	8.301430256048024
0.8496223958333332	9.455100137438949
0.9496223958333332	10.611789454024796
1.0496223958333333	11.77028854729019
1.1496223958333334	12.929994021510941
1.2496223958333335	14.095841394257576
1.3496223958333335	15.263405142174092
1.4496223958333336	16.431273915301432
1.5496223958333337	17.599466201256167
1.6496223958333338	18.76795554466441
1.749622395833334	19.936702726615653
1.849622395833334	21.105699016461656
1.949622395833334	22.27499864024833
2.049622395833334	23.444538727695175
2.149622395833334	24.61428237067579
2.249622395833334	25.78423864408373
2.349622395833334	26.95439559861469
2.4496223958333343	28.124734798698817
2.5496223958333344	29.295262747846504
2.6496223958333345	30.465967952734573
2.7496223958333346	31.636835348912694
2.8496223958333347	32.80787183318945
2.9496223958333347	33.979031649717925
3.049622395833335	35.150312939669966
3.149622395833335	36.321725551003105
3.249622395833335	37.49324359657251
3.349622395833335	38.66490197031585
3.449622395833335	39.836692093523155
3.5496223958333353	41.00858554418225
3.6496223958333354	42.180578228470694
3.7496223958333355	43.35266899287671
3.8496223958333355	44.52483639470346
3.9496223958333356	45.697065287918704
4.049622395833335	46.869365681786846
4.149622395833335	48.04173831622007
4.249622395833335	49.21416745677898
4.349622395833334	50.38665073715127
4.449622395833334	51.55917802399613
4.5496223958333335	52.731774536961936
4.649622395833333	53.904418289138555
4.749622395833333	55.07710716060669
4.849622395833332	56.2498530445676
4.949622395833332	57.42263486767046
5.049622395833332	58.59543536528291
5.149622395833331	59.768264987425816
5.249622395833331	60.941128283590956
5.349622395833331	62.114029574328335
5.44962239583333	63.28698160812781
5.54962239583333	64.45997518206086
5.64962239583333	65.63300231169517
5.749622395833329	66.8060580153619
5.849622395833329	67.97913994302898
5.9496223958333285	69.15224694289232
6.049622395833328	70.3253785591727
6.149622395833328	71.49853585175065
6.2496223958333275	72.67171911101052
6.349622395833327	73.84492656905232
6.449622395833327	75.0181564030043
6.549622395833326	76.19140678620994
6.649622395833326	77.36467530285225
6.749622395833326	78.53795923968637
6.849622395833325	79.71125522255724
6.949622395833325	80.88456213135449
7.049622395833325	82.05787926227647
7.149622395833324	83.23120608316898
7.249622395833324	84.40454350450594
7.3496223958333236	85.57789394522639
7.449622395833323	86.75126220474841
7.549622395833323	87.92464664984522
7.6496223958333225	89.09804523256784
7.749622395833322	90.2714562416935
7.849622395833322	91.4448782589366
7.949622395833321	92.61830956352092
8.049622395833321	93.79174950014446
8.14962239583332	94.96519807242092
8.24962239583332	96.13865528035032
8.34962239583332	97.31212112393246
8.44962239583332	98.48559560316754
8.54962239583332	99.65907871805584
8.649622395833319	100.83257046859663
8.749622395833319	102.00607083803636
8.849622395833318	103.17958018764713
8.949622395833318	104.353099597992
9.049622395833318	105.52663031445955
9.149622395833317	106.70017323891898
9.249622395833317	107.87372854897093
9.349622395833316	109.04729631176238
9.449622395833316	110.22088040943841
9.549622395833316	111.39448698869295
9.649622395833315	112.56811647022839
9.749622395833315	113.74175648471702
9.849622395833315	114.91539647155558
9.949622395833314	116.08903647337776
10.049622395833314	117.26267647520021
10.149622395833314	118.43631647702261
10.249622395833313	119.60995647884491
10.349622395833313	120.78359648066736
10.449622395833313	121.95723648248985
10.549622395833312	123.13087648431207
10.649622395833312	124.30451648613472
10.749622395833311	125.47815648795714
10.849622395833311	126.65179648977951
10.94962239583331	127.82543647697284
11.04962239583331	128.99907648345746
11.14962239583331	130.17271648994202
11.24962239583331	131.17781735906345
11.34962239583331	132.1546173621654
11.449622395833309	133.13141736526734
11.549622395833309	134.10821736836917
11.649622395833308	135.08501737147142
11.749622395833308	136.0618173663555
11.849622395833308	137.0386173710727
11.949622395833307	138.01541737578975
12.049622395833307	139.02170559390484
12.149622395833306	140.02810559113738
12.249622395833306	141.03450559947674
12.349622395833306	142.0409055988009
12.449622395833305	143.047305598125
12.549622395833305	144.05370559744873
12.56	144.15814584429452
1000012.56	144.15814584429452
