-100000	0
0	0
0.0033333333333333335	0.03195006903166506
0.008333333333333333	0.0804552069766586
0.01583333333333333	0.15417916868205056
0.02708333333333333	0.26609487072902477
0.043958333333333335	0.4361999842295956
0.06927083333333334	0.695094571896206
0.10723958333333333	1.0897722204364035
0.16419270833333333	1.6926212600418753
0.24962239583333334	2.6148293344898867
0.3496223958333333	3.7140265326589446
0.4496223958333333	4.828769233320561
0.5496223958333333	5.955025757148783
0.6496223958333333	7.089924231873767
0.7496223958333332	8.231301714426412
0.8496223958333332	9.377389992279873
0.9496223958333332	10.526772289211555
1.0496223958333333	11.678218141182528
1.1496223958333334	12.831095675402024
1.2496223958333335	13.991020751988977
1.3496223958333335	15.153049981852472
1.4496223958333336	16.315700395874313
1.5496223958333337	17.47895713576606
1.6496223958333338	18.64276175549704
1.749622395833334	19.80702814575401
1.849622395833334	20.971783769052696
1.949622395833334	22.137105943786064
2.049622395833334	23.302871635164653
2.149622395833334	24.469045273028502
2.249622395833334	25.63561505287984
2.349622395833334	26.802587444618347
2.4496223958333343	27.969914841900074
2.5496223958333344	29.137589093607513
2.6496223958333345	30.305594792973356
2.7496223958333346	31.47390674653616
2.8496223958333347	32.642538333887074
2.9496223958333347	33.8114142660505
3.049622395833335	34.98053122740363
3.149622395833335	36.14988830925454
3.249622395833335	37.31945448148858
3.349622395833335	38.48927267257653
3.449622395833335	39.659299834660445
3.5496223958333353	40.829518609770574
3.6496223958333354	41.99991974644171
3.7496223958333355	43.17047991447993
3.8496223958333355	44.341199770165005
3.9496223958333356	45.51206584284857
4.049622395833335	46.68306910688974
4.149622395833335	47.854194711900625
4.249622395833335	49.02544158790541
4.349622395833334	50.19681834760918
4.449622395833334	51.36829067976961
4.5496223958333335	52.53988265203448
4.649622395833333	53.71156135061726
4.749622395833333	54.883328298255094
4.849622395833332	56.055190190849466
4.949622395833332	57.22710605348871
5.049622395833332	58.39908864688201
5.149622395833331	59.57115782853862
5.249622395833331	60.74329851105223
5.349622395833331	61.915502553467626
5.44962239583333	63.087774244223134
5.54962239583333	64.26010834832688
5.64962239583333	65.43249668108241
5.749622395833329	66.60493736030708
5.849622395833329	67.77742837418982
5.9496223958333285	68.94996398633512
6.049622395833328	70.12253866891483
6.149622395833328	71.29515722730761
6.2496223958333275	72.46781624532069
6.349622395833327	73.64051251937772
6.449622395833327	74.81324564184091
6.549622395833326	75.9860163016407
6.649622395833326	77.15882520017392
6.749622395833326	78.33168010529953
6.849622395833325	79.50457871791792
6.949622395833325	80.67751014133698
7.049622395833325	81.85047727168103
7.149622395833324	83.02348481929815
7.249622395833324	84.19652614311185
7.3496223958333236	85.36959952617762
7.449622395833323	86.54270900395377
7.549622395833323	87.71585519686975
7.6496223958333225	88.88904088018337
7.749622395833322	90.06226163013163
7.849622395833322	91.2355173939979
7.949622395833321	92.40880937704966
8.049622395833321	93.58213195270676
8.14962239583332	94.75548545296786
8.24962239583332	95.92886526727432
8.34962239583332	97.10226900544242
8.44962239583332	98.27569622112395
8.54962239583332	99.44914215614159
8.649622395833319	100.62261010097487
8.749622395833319	101.79609204986095
8.849622395833318	102.96958626414923
8.949622395833318	104.14309286402963
9.049622395833318	105.31661184950329
9.149622395833317	106.49014322056934
9.249622395833317	107.66368716174495
9.349622395833316	108.83724832194775
9.449622395833316	110.01083229303215
9.549622395833316	111.1844394903307
9.649622395833315	112.35806926706964
9.749622395833315	113.53170926692646
9.849622395833315	114.70534926691732
9.949622395833314	115.87898926692856
10.049622395833314	117.05262926692807
10.149622395833314	118.22626926692766
10.249622395833313	119.39990926692724
10.349622395833313	120.57354926692682
10.449622395833313	121.74718926692636
10.549622395833312	122.92082926692558
10.649622395833312	124.09446926692544
10.749622395833311	125.26810926692498
10.849622395833311	126.44174926692473
10.94962239583331	127.6153892669276
11.04962239583331	128.78902926692615
11.14962239583331	129.96266926692462
11.24962239583331	130.96777014295304
11.34962239583331	131.94457014295506
11.449622395833309	132.9213701429541
11.549622395833309	133.8981701429535
11.649622395833308	134.87497014295292
11.749622395833308	135.85177014295382
11.849622395833308	136.8285701429529
11.949622395833307	137.80537014295183
12.049622395833307	138.8116583721214
12.149622395833306	139.8180583721202
12.249622395833306	140.82445837212015
12.349622395833306	141.83085837212025
12.449622395833305	142.83725837212057
12.549622395833305	143.84365837212044
12.56	143.94809858045843
1000012.56	143.94809858045843
