-100000	0
-0.0000000000000017763568394002505	0
0.003333333333331557	0.03147375557090423
0.008333333333331557	0.07921509769827675
0.015833333333331555	0.15180631811933326
0.027083333333331554	0.262049802356554
0.04395833333333156	0.42969540349898655
0.06927083333333156	0.6850016485309507
0.10723958333333156	1.0744804396016314
0.16419270833333155	1.6698764042195073
0.24962239583333157	2.5815317234155812
0.34962239583333155	3.669138973234529
0.4496223958333315	4.772954889146159
0.5496223958333315	5.888879277524941
0.6496223958333315	7.014000144010174
0.7496223958333315	8.146054783692378
0.8496223958333314	9.283251134874353
0.9496223958333314	10.424151742886627
1.0496223958333315	11.567429815177649
1.1496223958333316	12.712441973703893
1.2496223958333317	13.864799973356774
1.3496223958333318	15.019613430019254
1.4496223958333319	16.17544708017802
1.549622395833332	17.33221974254555
1.649622395833332	18.489879230860208
1.7496223958333321	19.648440453161705
1.8496223958333322	20.80783287871983
1.9496223958333323	21.967972746909393
2.049622395833332	23.128819777599336
2.1496223958333323	24.29035591737291
2.2496223958333323	25.452564066611487
2.3496223958333324	26.61538918500425
2.4496223958333325	27.778780412895944
2.5496223958333326	28.942689025558938
2.6496223958333327	30.107133597220706
2.749622395833333	31.272073462614404
2.849622395833333	32.437522093529836
2.949622395833333	33.60338031344746
3.049622395833333	34.76963598441747
3.149622395833333	35.936270807396696
3.2496223958333332	37.10324933178623
3.3496223958333333	38.270625810099844
3.4496223958333334	39.43833357210204
3.5496223958333335	40.6063441296479
3.6496223958333336	41.77462462364246
3.7496223958333337	42.94314318924696
3.8496223958333338	44.111946082306574
3.949622395833334	45.28099086607081
4.0496223958333335	46.450268407294814
4.149622395833333	47.61975730766192
4.249622395833333	48.78945322293646
4.349622395833332	49.959323357283125
4.449622395833332	51.129350959600416
4.549622395833332	52.299569537914934
4.649622395833331	53.46993055258478
4.749622395833331	54.640432691680296
4.849622395833331	55.811093714218636
4.94962239583333	56.98186753823574
5.04962239583333	58.15275999396275
5.14962239583333	59.323790900734195
5.249622395833329	60.49492810417971
5.349622395833329	61.6661637685646
5.4496223958333285	62.83750859880301
5.549622395833328	64.00892913656935
5.649622395833328	65.18039021740891
5.7496223958333275	66.35189614668457
5.849622395833327	67.52347016715105
5.949622395833327	68.6951392849621
6.049622395833326	69.86692934792946
6.149622395833326	71.03881771435523
6.249622395833326	72.21078219141118
6.349622395833325	73.38282234067195
6.449622395833325	74.55493572686595
6.549622395833325	75.7271210968097
6.649622395833324	76.89937766971384
6.749622395833324	78.07171120698345
6.8496223958333236	79.24411047031818
6.949622395833323	80.41656670447803
7.049622395833323	81.58907712778665
7.1496223958333225	82.76165098733524
7.249622395833322	83.93427821081798
7.349622395833322	85.10694833389344
7.449622395833321	86.27965892382474
7.549622395833321	87.45243359525243
7.649622395833321	88.6252754653691
7.74962239583332	89.79816053138984
7.84962239583332	90.97111402993431
7.94962239583332	92.14412279969586
8.04962239583332	93.31718034233398
8.149622395833319	94.49030376171447
8.249622395833319	95.66346750472292
8.349622395833318	96.83669037482518
8.449622395833318	98.0099615903923
8.549622395833318	99.18328155442182
8.649622395833317	100.35666263083714
8.749622395833317	101.53009533460778
8.849622395833316	102.70356478089607
8.949622395833316	103.87705818344023
9.049622395833316	105.05056560856683
9.149622395833315	106.2240857812177
9.249622395833315	107.39762412587254
9.349622395833315	108.57118547765003
9.449622395833314	109.74477005564164
9.549622395833314	110.91837785984752
9.649622395833314	112.09200782111132
9.749622395833313	113.26564782102825
9.849622395833313	114.43928782108271
9.949622395833313	115.61292782129121
10.049622395833312	116.78656782095707
10.149622395833312	117.96020782097258
10.249622395833311	119.13384782098801
10.349622395833311	120.30748782100352
10.44962239583331	121.48112782101921
10.54962239583331	122.65476782103461
10.64962239583331	123.82840782105008
10.74962239583331	125.00204782106547
10.84962239583331	126.17568782108088
10.949622395833309	127.34932782101052
11.049622395833309	128.52296782106546
11.149622395833308	129.69660782112047
11.249622395833308	130.7017086970482
11.349622395833308	131.67850869700442
11.449622395833307	132.65530869702908
11.549622395833307	133.63210869705395
11.649622395833306	134.6089086970787
11.749622395833306	135.5857086970371
11.849622395833306	136.56250869707864
11.949622395833305	137.53930869712008
12.049622395833305	138.54559692622297
12.149622395833305	139.55199692624055
12.249622395833304	140.55839692623803
12.349622395833304	141.5647969262352
12.449622395833304	142.57119692623257
12.549622395833303	143.57759692622992
12.56	143.68203713459027
1000012.56	143.68203713459027
