-100000	0
-0.0000000000000017763568394002505	0
0.003333333333331557	0.03090393600699365
0.008333333333331557	0.07775332292213297
0.015833333333331555	0.14900116120956164
0.027083333333331554	0.2572565208024222
0.04395833333333156	0.42195512497611415
0.06927083333333156	0.6729860071912994
0.10723958333333156	1.056265863495233
0.16419270833333155	1.6427854701735216
0.24962239583333157	2.5418745423359677
0.34962239583333155	3.615726851287493
0.4496223958333315	4.7066273075348635
0.5496223958333315	5.8103390414016065
0.6496223958333315	6.923897601147464
0.7496223958333315	8.045004667613274
0.8496223958333314	9.17177697619096
0.9496223958333314	10.30273824099013
1.0496223958333315	11.436522344374838
1.1496223958333316	12.572469013784163
1.2496223958333317	13.715621775309303
1.3496223958333318	14.861635956614819
1.4496223958333319	16.00914934047503
1.549622395833332	17.158038483388378
1.649622395833332	18.308273485190156
1.7496223958333321	19.45978963959316
1.8496223958333322	20.612463962572626
1.9496223958333323	21.766226416088802
2.049622395833332	22.92107086102645
2.1496223958333323	24.076906920314116
2.2496223958333323	25.23370113771887
2.3496223958333324	26.39142899744262
2.4496223958333325	27.55000205921062
2.5496223958333326	28.709331923271314
2.6496223958333327	29.86944117557403
2.749622395833333	31.030274853014827
2.849622395833333	32.19183321690785
2.949622395833333	33.35398873291882
3.049622395833333	34.516734863618424
3.149622395833333	35.680023989342295
3.2496223958333332	36.84382769016788
3.3496223958333333	38.00820387825617
3.4496223958333334	39.17306729139839
3.5496223958333335	40.33836946791367
3.6496223958333336	41.504051781489274
3.7496223958333337	42.670086037683255
3.8496223958333338	43.836538304838086
3.949622395833334	45.00333676997899
4.0496223958333335	46.17048019803679
4.149622395833333	47.33796994622609
4.249622395833333	48.50574478369477
4.349622395833332	49.67375223143608
4.449622395833332	50.84201023856113
4.549622395833332	52.01053774782351
4.649622395833331	53.17927233511438
4.749622395833331	54.34822836732726
4.849622395833331	55.51740290637457
4.94962239583333	56.68674423837042
5.04962239583333	57.85627094776208
5.14962239583333	59.025994041499
5.249622395833329	60.195864960736486
5.349622395833329	61.3658853644204
5.4496223958333285	62.53607030087429
5.549622395833328	63.7063743819658
5.649622395833328	64.87678057960534
5.7496223958333275	66.04731054965197
5.849622395833327	67.2179670167397
5.949622395833327	68.38875362517143
6.049622395833326	69.55968465239822
6.149622395833326	70.73073941886774
6.249622395833326	71.9018968887916
6.349622395833325	73.0731544128377
6.449622395833325	74.2445088549513
6.549622395833325	75.41595834001176
6.649622395833324	76.58750305682496
6.749622395833324	77.75916092797507
6.8496223958333236	78.93093330728861
6.949622395833323	80.10279032423817
7.049622395833323	81.27474011083244
7.1496223958333225	82.44680188428592
7.249622395833322	83.61894986104707
7.349622395833322	84.79117083261391
7.449622395833321	85.96347041017319
7.549622395833321	87.13585907605264
7.649622395833321	88.30833779078063
7.74962239583332	89.48089555375682
7.84962239583332	90.6535418737117
7.94962239583332	91.82626986063322
8.04962239583332	92.99907528414022
8.149622395833319	94.1719637792891
8.249622395833319	95.34492290565811
8.349622395833318	96.51795750562675
8.449622395833318	97.69106306478487
8.549622395833318	98.86423653401373
8.649622395833317	100.03748023092717
8.749622395833317	101.21078460782293
8.849622395833316	102.38414940959305
8.949622395833316	103.55756234495374
9.049622395833316	104.73102434649495
9.149622395833315	105.90453636420973
9.249622395833315	107.07807509583895
9.349622395833315	108.25163705460544
9.449622395833314	109.42522223958636
9.549622395833314	110.59883065046287
9.649622395833314	111.77246069039205
9.749622395833313	112.94610069025131
9.849622395833313	114.1197406902514
9.949622395833313	115.29338069025152
10.049622395833312	116.4670206902515
10.149622395833312	117.64066069025134
10.249622395833311	118.81430069025147
10.349622395833311	119.98794069025146
10.44962239583331	121.16158069025143
10.54962239583331	122.33522069025145
10.64962239583331	123.50886069025148
10.74962239583331	124.68250069025132
10.84962239583331	125.85614069025169
10.949622395833309	127.0297806902516
11.049622395833309	128.2034206902516
11.149622395833308	129.37706069025148
11.249622395833308	130.3821615662932
11.349622395833308	131.35896156629323
11.449622395833307	132.33576156629312
11.549622395833307	133.31256156629328
11.649622395833306	134.28936156629317
11.749622395833306	135.26616156629302
11.849622395833306	136.24296156629333
11.949622395833305	137.21976156629333
12.049622395833305	138.22604979545986
12.149622395833305	139.23244979545964
12.249622395833304	140.23884979546
12.349622395833304	141.24524979545996
12.449622395833304	142.2516497954601
12.549622395833303	143.25804979546024
12.56	143.36249000379354
1000012.56	143.36249000379354
