-100000	0
-0.0000000000000017763568394002505	0
0.003333333333331557	0.030242425438636134
0.008333333333331557	0.07606190032334928
0.015833333333331555	0.14575248341627414
0.027083333333331554	0.25172060901652865
0.04395833333333156	0.41304556486133975
0.06927083333333156	0.6591300689862483
0.10723958333333156	1.0352254862954102
0.16419270833333155	1.6114122526203618
0.24962239583333157	2.495872395532351
0.34962239583333155	3.5536831376872655
0.4496223958333315	4.629527550981128
0.5496223958333315	5.719033585815125
0.6496223958333315	6.819144063872908
0.7496223958333315	7.927486748795446
0.8496223958333314	9.042137275687903
0.9496223958333314	10.161545076374448
1.0496223958333315	11.284353382253105
1.1496223958333316	12.409736696463298
1.2496223958333317	13.542104181229591
1.3496223958333318	14.677768338662261
1.4496223958333319	15.81544207699998
1.549622395833332	16.955033460537052
1.649622395833332	18.096456870008453
1.7496223958333321	19.23955119310986
1.8496223958333322	20.38425483913178
1.9496223958333323	21.530562677539557
2.049622395833332	22.678352352850254
2.1496223958333323	23.827549429321913
2.2496223958333323	24.978035680987265
2.3496223958333324	26.129707628965033
2.4496223958333325	27.28256716069043
2.5496223958333326	28.436514679545823
2.6496223958333327	29.591523093801285
2.749622395833333	30.747518275678612
2.849622395833333	31.904438902683946
2.949622395833333	33.06222689836038
3.049622395833333	34.22083597671091
3.149622395833333	35.380177347033715
3.2496223958333332	36.54023439388485
3.3496223958333333	37.701065472184155
3.4496223958333334	38.862560315268404
3.5496223958333335	40.02464816559711
3.6496223958333336	41.18725669924749
3.7496223958333337	42.35035486715456
3.8496223958333338	43.51401934595421
3.949622395833334	44.67815375951138
4.0496223958333335	45.84275826990827
4.149622395833333	47.00774145133515
4.249622395833333	48.173153677826086
4.349622395833332	49.33892503243354
4.449622395833332	50.50504475831221
4.549622395833332	51.67154137055513
4.649622395833331	52.83831700080712
4.749622395833331	54.00540666012141
4.849622395833331	55.172792627806984
4.94962239583333	56.340405357319405
5.04962239583333	57.508283189800544
5.14962239583333	58.67643436092377
5.249622395833329	59.844780446412784
5.349622395833329	61.01333979730674
5.4496223958333285	62.18213704968236
5.549622395833328	63.35110630740009
5.649622395833328	64.52022517544465
5.7496223958333275	65.68951045723377
5.849622395833327	66.85897895384717
5.949622395833327	68.02864380191085
6.049622395833326	69.1985071069554
6.149622395833326	70.36853587004325
6.249622395833326	71.5387095537265
6.349622395833325	72.70902905750955
6.449622395833325	73.87949502844003
6.549622395833325	75.05010457363014
6.649622395833324	76.22085333484299
6.749622395833324	77.39175746134069
6.8496223958333236	78.56279797868876
6.949622395833323	79.73396492306337
7.049622395833323	80.90526317739263
7.1496223958333225	82.07669899388164
7.249622395833322	83.24826118489
7.349622395833322	84.41992938921658
7.449622395833321	85.59170747615492
7.549622395833321	86.76361507076442
7.649622395833321	87.93564398724665
7.74962239583332	89.10778358966049
7.84962239583332	90.28004936907334
7.94962239583332	91.45242592551037
8.04962239583332	92.6249100835232
8.149622395833319	93.79749996435
8.249622395833319	94.97017556860571
8.349622395833318	96.14295666046705
8.449622395833318	97.31582135947626
8.549622395833318	98.48878672642947
8.649622395833317	99.66184518150712
8.749622395833317	100.83499270377457
8.849622395833316	102.00822295515643
8.949622395833316	103.1815073121868
9.049622395833316	104.35488232682258
9.149622395833315	105.52834973918517
9.249622395833315	106.70187701672705
9.349622395833315	107.87543859422728
9.449622395833314	109.04902438615737
9.549622395833314	110.2226333690409
9.649622395833314	111.39626341607966
9.749622395833313	112.5699034159389
9.849622395833313	113.7435434159389
9.949622395833313	114.9171834159388
10.049622395833312	116.09082341593886
10.149622395833312	117.2644634159387
10.249622395833311	118.43810341593873
10.349622395833311	119.6117434159389
10.44962239583331	120.78538341593895
10.54962239583331	121.95902341593869
10.64962239583331	123.1326634159389
10.74962239583331	124.30630341593888
10.84962239583331	125.47994341593889
10.949622395833309	126.65358341593881
11.049622395833309	127.82722341593895
11.149622395833308	129.00086341593882
11.249622395833308	130.0059642919807
11.349622395833308	130.98276429198094
11.449622395833307	131.9595642919806
11.549622395833307	132.93636429198077
11.649622395833306	133.91316429198068
11.749622395833306	134.88996429198036
11.849622395833306	135.86676429198093
11.949622395833305	136.84356429198073
12.049622395833305	137.84985252114723
12.149622395833305	138.85625252114724
12.249622395833304	139.8626525211474
12.349622395833304	140.86905252114744
12.449622395833304	141.87545252114728
12.549622395833303	142.88185252114766
12.56	142.98629272948125
1000012.56	142.98629272948125
