-100000	0
-0.0000000000000017763568394002505	0
0.003333333333331557	0.029495681730431263
0.008333333333331557	0.07417010383458668
0.015833333333331555	0.1421204553040247
0.027083333333331554	0.24551291017060647
0.04395833333333156	0.40302497982544555
0.06927083333333156	0.6435140394080697
0.10723958333333156	1.0114757353669626
0.16419270833333155	1.575953851627868
0.24962239583333157	2.443750154593726
0.34962239583333155	3.4832563722138787
0.4496223958333315	4.541843006977034
0.5496223958333315	5.61508648969316
0.6496223958333315	6.699754749350853
0.7496223958333315	7.793418035460103
0.8496223958333314	8.894126849155748
0.9496223958333314	10.00023111761075
1.0496223958333315	11.110378914015609
1.1496223958333316	12.223629589191685
1.2496223958333317	13.343633623536839
1.3496223958333318	14.467478775174593
1.4496223958333319	15.593951642699402
1.549622395833332	16.72304405998161
1.649622395833332	17.85451224682404
1.7496223958333321	18.98808674431502
1.8496223958333322	20.12382421837892
1.9496223958333323	21.261600592669275
2.049622395833332	22.401320678788093
2.1496223958333323	23.54292637162875
2.2496223958333323	24.686202689097883
2.3496223958333324	25.830989480924877
2.4496223958333325	26.97734024630157
2.5496223958333326	28.12511534448547
2.6496223958333327	29.27426375152939
2.749622395833333	30.424692144645725
2.849622395833333	31.576284563993838
2.949622395833333	32.729043782337094
3.049622395833333	33.88288068131222
3.149622395833333	35.037662565674474
3.2496223958333332	36.19339222396673
3.3496223958333333	37.35008828863318
3.4496223958333334	38.50754701775698
3.5496223958333335	39.66583338303994
3.6496223958333336	40.824882782850416
3.7496223958333337	41.984588219279516
3.8496223958333338	43.145024778740044
3.949622395833334	44.306069866677696
4.0496223958333335	45.4677297473051
4.149622395833333	46.62990366850707
4.249622395833333	47.7926215809508
4.349622395833332	48.95579790999322
4.449622395833332	50.11942843856433
4.549622395833332	51.28355035582556
4.649622395833331	52.44804189895976
4.749622395833331	53.61294286740061
4.849622395833331	54.77823534006858
4.94962239583333	55.9438289495201
5.04962239583333	57.10976775975043
5.14962239583333	58.276070504124036
5.249622395833329	59.442633905931544
5.349622395833329	60.6094768016421
5.4496223958333285	61.77663619580666
5.549622395833328	62.94403027547397
5.649622395833328	64.11162417520553
5.7496223958333275	65.27943636700076
5.849622395833327	66.44748739237524
5.949622395833327	67.6157977928442
6.049622395833326	68.78438539793056
6.149622395833326	69.95322106594828
6.249622395833326	71.12227849310352
6.349622395833325	72.29153986113947
6.449622395833325	73.46098729229256
6.549622395833325	74.630602916617
6.649622395833324	75.80037491832184
6.749622395833324	76.97034240313582
6.8496223958333236	78.14051473676456
6.949622395833323	79.31085186433903
7.049622395833323	80.48135663616866
7.1496223958333225	81.65205799062231
7.249622395833322	82.82292805112223
7.349622395833322	83.9939383029629
7.449622395833321	85.1650944948095
7.549622395833321	86.33642411171842
7.649622395833321	87.50791685224851
7.74962239583332	88.67955496681337
7.84962239583332	89.8513637218414
7.94962239583332	91.02332966271169
8.04962239583332	92.19544647025133
8.149622395833319	93.36771705931463
8.249622395833319	94.54012575295023
8.349622395833318	95.71265568673572
8.449622395833318	96.88529071099579
8.549622395833318	98.05806546922098
8.649622395833317	99.23095156926985
8.749622395833317	100.4039625615299
8.849622395833316	101.57706601681527
8.949622395833316	102.75026508010494
9.049622395833316	103.92357172842488
9.149622395833315	105.09697219730876
9.249622395833315	106.2704491343066
9.349622395833315	107.44398595054115
9.449622395833314	108.61756587651183
9.549622395833314	109.79117498631011
9.649622395833314	110.96480503334848
9.749622395833313	112.13844503320772
9.849622395833313	113.31208503320762
9.949622395833313	114.48572503320767
10.049622395833312	115.6593650332079
10.149622395833312	116.83300503320785
10.249622395833311	118.00664503320792
10.349622395833311	119.18028503320781
10.44962239583331	120.35392503320783
10.54962239583331	121.52756503320798
10.64962239583331	122.70120503320786
10.74962239583331	123.87484503320793
10.84962239583331	125.04848503320775
10.949622395833309	126.22212503320812
11.049622395833309	127.39576503320788
11.149622395833308	128.5694050332079
11.249622395833308	129.5745059092497
11.349622395833308	130.5513059092499
11.449622395833307	131.52810590924975
11.549622395833307	132.50490590924966
11.649622395833306	133.48170590924946
11.749622395833306	134.45850590924977
11.849622395833306	135.43530590924982
11.949622395833305	136.41210590924976
12.049622395833305	137.41839413841646
12.149622395833305	138.4247941384166
12.249622395833304	139.43119413841646
12.349622395833304	140.43759413841627
12.449622395833304	141.4439941384165
12.549622395833303	142.45039413841639
12.56	142.55483434675025
1000012.56	142.55483434675025
