-100000	0
-0.0000000000000017763568394002505	0
0.003333333333331557	0.028666821850345706
0.008333333333331557	0.07207558087626689
0.015833333333331555	0.13810251350125013
0.027083333333331554	0.23864324185706667
0.04395833333333156	0.39193267564570305
0.06927083333333156	0.6262116296710438
0.10723958333333156	0.9851238605133016
0.16419270833333155	1.5365383610846062
0.24962239583333157	2.385685190437984
0.34962239583333155	3.404631597989524
0.4496223958333315	4.443783435096957
0.5496223958333315	5.498630428325187
0.6496223958333315	6.56581017122447
0.7496223958333315	7.642819242436875
0.8496223958333314	8.727651193644022
0.9496223958333314	9.818597807267755
1.0496223958333315	10.914281263113372
1.1496223958333316	12.013699816625355
1.2496223958333317	13.119779208422138
1.3496223958333318	14.23029251956355
1.4496223958333319	15.344196851771855
1.549622395833332	16.461311455062962
1.649622395833332	17.581470817368494
1.7496223958333321	18.70437315798199
1.8496223958333322	19.83003502416874
1.9496223958333323	20.958198342239474
2.049622395833332	22.088846118117555
2.1496223958333323	23.221861167692804
2.2496223958333323	24.357021061115248
2.3496223958333324	25.494137334030988
2.4496223958333325	26.633198502044046
2.5496223958333326	27.774034807290523
2.6496223958333327	28.916513728163615
2.749622395833333	30.060607977417163
2.849622395833333	31.20618722602489
2.949622395833333	32.353202487996704
3.049622395833333	33.501602080735346
3.149622395833333	34.651210726560905
3.2496223958333332	35.802036140093435
3.3496223958333333	36.95402413022009
3.4496223958333334	38.1070158443689
3.5496223958333335	39.26106029286788
3.6496223958333336	40.41602984836335
3.7496223958333337	41.57187096616373
3.8496223958333338	42.728602256676
3.949622395833334	43.88610079021085
4.0496223958333335	45.04436926933439
4.149622395833333	46.203315036821564
4.249622395833333	47.36294501053354
4.349622395833332	48.52316166136816
4.449622395833332	49.683976371866436
4.549622395833332	50.845373187308304
4.649622395833331	52.00726569822295
4.749622395833331	53.16967905413627
4.849622395833331	54.33255971932583
4.94962239583333	55.49585958011643
5.04962239583333	56.659601926646864
5.14962239583333	57.82377388478341
5.249622395833329	58.98829929767403
5.349622395833329	60.153195322415385
5.4496223958333285	61.318471986104605
5.549622395833328	62.484045773615264
5.649622395833328	63.64990742578912
5.7496223958333275	64.81606885417881
5.849622395833327	65.9825399405205
5.949622395833327	67.14933056655002
6.049622395833326	68.3164449618691
6.149622395833326	69.48381550277927
6.249622395833326	70.65142481113119
6.349622395833325	71.81928250968285
6.449622395833325	72.98739836373565
6.549622395833325	74.15578213077235
6.649622395833324	75.32443636337075
6.749622395833324	76.49331784881386
6.8496223958333236	77.66242570940923
6.949622395833323	78.83177764326959
7.049622395833323	80.0013537698015
7.1496223958333225	81.17113991427395
7.249622395833322	82.3411538214466
7.349622395833322	83.51139221123829
7.449622395833321	84.68182945409629
7.549622395833321	85.85248667937383
7.649622395833321	87.02335207240996
7.74962239583332	88.19441006507151
7.84962239583332	89.3656824854089
7.94962239583332	90.53714502040614
8.04962239583332	91.70879733872583
8.149622395833319	92.88064701232264
8.249622395833319	94.05266415510015
8.349622395833318	95.22485977672969
8.449622395833318	96.39721408244509
8.549622395833318	97.56973133326501
8.649622395833317	98.74239966510667
8.749622395833317	99.91521215538614
8.849622395833316	101.08815786291147
8.949622395833316	102.26121096977711
9.049622395833316	103.43439488307655
9.149622395833315	104.60769601771297
9.249622395833315	105.78108593925378
9.349622395833315	106.95454624806312
9.449622395833314	108.128091483919
9.549622395833314	109.30168603426179
9.649622395833314	110.47531608130043
9.749622395833313	111.64895608115981
9.849622395833313	112.82259608115986
9.949622395833313	113.99623608116
10.049622395833312	115.16987608115956
10.149622395833312	116.34351608115958
10.249622395833311	117.51715608115961
10.349622395833311	118.69079608115979
10.44962239583331	119.86443608115977
10.54962239583331	121.0380760811598
10.64962239583331	122.21171608115979
10.74962239583331	123.38535608115991
10.84962239583331	124.55899608116005
10.949622395833309	125.73263608115987
11.049622395833309	126.90627608115987
11.149622395833308	128.07991608115972
11.249622395833308	129.08501695720145
11.349622395833308	130.06181695720167
11.449622395833307	131.03861695720144
11.549622395833307	132.01541695720144
11.649622395833306	132.99221695720175
11.749622395833306	133.9690169572016
11.849622395833306	134.94581695720163
11.949622395833305	135.92261695720154
12.049622395833305	136.92890518636827
12.149622395833305	137.93530518636848
12.249622395833304	138.94170518636827
12.349622395833304	139.94810518636834
12.449622395833304	140.95450518636824
12.549622395833303	141.9609051863685
12.56	142.065345394702
1000012.56	142.065345394702
