-100000	0
-0.0000000000000017763568394002505	0
0.003333333333331557	0.02776550350124948
0.008333333333331557	0.06980677017552758
0.015833333333331555	0.13374685641088765
0.027083333333331554	0.2311810073716935
0.04395833333333156	0.37986845603172975
0.06927083333333156	0.6073584903466017
0.10723958333333156	0.9563416260785481
0.16419270833333155	1.4933709196823794
0.24962239583333157	2.3219050830513983
0.34962239583333155	3.3180438773412844
0.4496223958333315	4.335582437934694
0.5496223958333315	5.369878602780853
0.6496223958333315	6.417455127044033
0.7496223958333315	7.475768142482349
0.8496223958333314	8.542689885408851
0.9496223958333314	9.616507488208052
1.0496223958333315	10.695823959535302
1.1496223958333316	11.77954096692395
1.2496223958333317	12.870121054107711
1.3496223958333318	13.965942692566985
1.4496223958333319	15.06590562371766
1.549622395833332	16.16974583814467
1.649622395833332	17.277388527843705
1.7496223958333321	18.38852394387695
1.8496223958333322	19.50298278333549
1.9496223958333323	20.62043141356872
2.049622395833332	21.740933743540534
2.1496223958333323	22.86426620924916
2.2496223958333323	23.990255626525197
2.3496223958333324	25.118713078643154
2.4496223958333325	26.24948744807667
2.5496223958333326	27.38245971424359
2.6496223958333327	28.517428443936055
2.749622395833333	29.654361041499634
2.849622395833333	30.793126444641025
2.949622395833333	31.933651954327747
3.049622395833333	33.07582363927748
3.149622395833333	34.21948833425911
3.2496223958333332	35.36462184321235
3.3496223958333333	36.51115207654511
3.4496223958333334	37.65894101910227
3.5496223958333335	38.8079874990589
3.6496223958333336	39.95817315122434
3.7496223958333337	41.109427183564215
3.8496223958333338	42.261742482709465
3.949622395833334	43.41499948670492
4.0496223958333335	44.56919916461067
4.149622395833333	45.724239579004255
4.249622395833333	46.880118508713444
4.349622395833332	48.036732745897
4.449622395833332	49.1940829662785
4.549622395833332	50.352150031981395
4.649622395833331	51.51084021565637
4.749622395833331	52.67017378336692
4.849622395833331	53.83008903418543
4.94962239583333	54.990536015985555
5.04962239583333	56.15153265957427
5.14962239583333	57.31305975418392
5.249622395833329	58.47503999624084
5.349622395833329	59.63748659931616
5.4496223958333285	60.80040466942629
5.549622395833328	61.96370761509047
5.649622395833328	63.12738437402845
5.7496223958333275	64.2914439244516
5.849622395833327	65.45589520487204
5.949622395833327	66.62074720090051
6.049622395833326	67.78599895205433
6.149622395833326	68.95157103080057
6.249622395833326	70.11745480281365
6.349622395833325	71.28365996106177
6.449622395833325	72.45019605597068
6.549622395833325	73.61707263796556
6.649622395833324	74.78429292426915
6.749622395833324	75.9518044593744
6.8496223958333236	77.1196099383743
6.949622395833323	78.28772828617873
7.049622395833323	79.45613343158192
7.1496223958333225	80.6248132171159
7.249622395833322	81.79378498347319
7.349622395833322	82.96304087617077
7.449622395833321	84.13255482367151
7.549622395833321	85.30235183096163
7.649622395833321	86.47241148937708
7.74962239583332	87.64271903112751
7.84962239583332	88.8133026691142
7.94962239583332	89.9841266161508
8.04962239583332	91.15519484666196
8.149622395833319	92.32652532827129
8.249622395833319	93.49808755893453
8.349622395833318	94.6698728018381
8.449622395833318	95.84186030252387
8.549622395833318	97.01405749245622
8.649622395833317	98.18643585296324
8.749622395833317	99.35900178818743
8.849622395833316	100.53171372346401
8.949622395833316	101.70457727087278
9.049622395833316	102.87761961729322
9.149622395833315	104.05079141920723
9.249622395833315	105.22407311933603
9.349622395833315	106.39744045195148
9.449622395833314	107.57094170228501
9.549622395833314	108.74450560645367
9.649622395833314	109.9181344080086
9.749622395833313	111.09177440786776
9.849622395833313	112.26541440786771
9.949622395833313	113.43905440786779
10.049622395833312	114.61269440786772
10.149622395833312	115.78633440786773
10.249622395833311	116.95997440786796
10.349622395833311	118.1336144078678
10.44962239583331	119.30725440786789
10.54962239583331	120.48089440786771
10.64962239583331	121.65453440786764
10.74962239583331	122.82817440786773
10.84962239583331	124.00181440786797
10.949622395833309	125.17545440786782
11.049622395833309	126.34909440786792
11.149622395833308	127.5227344078678
11.249622395833308	128.52783528390955
11.349622395833308	129.5046352839095
11.449622395833307	130.48143528390966
11.549622395833307	131.45823528390952
11.649622395833306	132.43503528390946
11.749622395833306	133.41183528390974
11.849622395833306	134.38863528390965
11.949622395833305	135.36543528390962
12.049622395833305	136.37172351307632
12.149622395833305	137.37812351307628
12.249622395833304	138.3845235130766
12.349622395833304	139.39092351307633
12.449622395833304	140.39732351307634
12.549622395833303	141.40372351307622
12.56	141.50816372141017
1000012.56	141.50816372141017
