-100000	0
0.11950981512541858	0
0.12284314845875191	0.0000009352969546818343
0.12784314845875192	0.000014462748116745498
0.13534314845875192	0.00009380909325582015
0.14659314845875193	0.00041133455794701895
0.16346814845875193	0.0014838332744578605
0.18878064845875192	0.004767406622464591
0.22674939845875192	0.014365731782162773
0.2837025234587519	0.04037786723201332
0.3691322109587519	0.09739645209063347
0.4691322109587519	0.18184263721360602
0.5691322109587519	0.2799983264081304
0.6691322109587519	0.38851484350289955
0.7691322109587518	0.505076601001519
0.8691322109587518	0.6279224258616457
0.9691322109587518	0.7556318349497068
1.0691322109587518	0.886961247606312
1.1691322109587519	1.0209501067863291
1.269132210958752	1.1567234523973975
1.369132210958752	1.293509646914539
1.4691322109587521	1.43062389503448
1.5691322109587522	1.567472992793638
1.6691322109587523	1.70353583069574
1.7691322109587524	1.8383494289380033
1.8691322109587525	1.97150536332864
1.9691322109587526	2.1026533900698166
2.0691322109587524	2.2314935415850785
2.1691322109587525	2.3577795411875746
2.2691322109587526	2.4812541583576895
2.3691322109587527	2.601821818145903
2.469132210958753	2.719513825084424
2.569132210958753	2.834340917344857
2.669132210958753	2.9462873349471344
2.769132210958753	3.0553856066427727
2.869132210958753	3.1617269836895807
2.9691322109587532	3.265446863279264
3.0691322109587533	3.3667376705469385
3.1691322109587534	3.4658450312619573
3.2691322109587535	3.5630784248501235
3.3691322109587536	3.658819433849233
3.4691322109587537	3.753480964530411
3.5691322109587538	3.8475504613419047
3.669132210958754	3.9415987455770076
3.769132210958754	4.036239937851159
3.869132210958754	4.132236868869757
3.969132210958754	4.230458401682589
4.069132210958754	4.331768348072201
4.169132210958754	4.437141224336068
4.2691322109587535	4.5477742718627185
4.369132210958753	4.664931269516961
4.469132210958753	4.790040929947334
4.569132210958752	4.924713081186868
4.669132210958752	5.0708279192774794
4.769132210958752	5.230520792956733
4.869132210958751	5.406335969515251
4.969132210958751	5.601383410676607
5.069132210958751	5.819468038648097
5.16913221095875	6.0637555992549
5.26913221095875	6.335591050024053
5.36913221095875	6.634887177355228
5.469132210958749	6.961689910078528
5.569132210958749	7.315911208146651
5.6691322109587485	7.696954184472838
5.769132210958748	8.104103937855701
5.869132210958748	8.536679400699843
5.9691322109587475	8.993791658550046
6.069132210958747	9.474484747389766
6.169132210958747	9.977866609439944
6.269132210958746	10.503034983021907
6.369132210958746	11.049077286956683
6.469132210958746	11.615024512448748
6.569132210958745	12.19997026883439
6.669132210958745	12.80305290537793
6.769132210958745	13.423458362558245
6.869132210958744	14.060412143942989
6.969132210958744	14.713202469151687
7.069132210958744	15.381022449166045
7.169132210958743	16.063232243607708
7.269132210958743	16.75917041929032
7.3691322109587425	17.46821081222485
7.469132210958742	18.18975003345594
7.569132210958742	18.923235239581942
7.669132210958741	19.66812587751004
7.769132210958741	20.423939281224605
7.869132210958741	21.19016351136378
7.96913221095874	21.96634122039533
8.06913221095874	22.752059702383598
8.16913221095874	23.54681500433247
8.26913221095874	24.35030408167785
8.369132210958739	25.16207074767422
8.469132210958739	25.98179447298884
8.569132210958738	26.809136817506765
8.669132210958738	27.643700112698756
8.769132210958738	28.485183642293396
8.869132210958737	29.333290905095932
8.969132210958737	30.187670632992763
9.069132210958736	31.048093401145955
9.169132210958736	31.91420470684885
9.269132210958736	32.78581793785031
9.369132210958735	33.662613475154956
9.469132210958735	34.54439704962561
9.569132210958735	35.430866961307274
9.669132210958734	36.32184081981452
9.769132210958734	37.21707903202622
9.869132210958734	38.11642417676847
9.969132210958733	39.01965754441104
10.069132210958733	39.926585740254716
10.169132210958733	40.837023317046665
10.269132210958732	41.750770379289264
10.369132210958732	42.6676426244897
10.469132210958731	43.58744631655805
10.569132210958731	44.5099772537853
10.66913221095873	45.43505779735889
10.76913221095873	46.36248187848332
10.86913221095873	47.29205525499962
10.96913221095873	48.22359494632956
11.06913221095873	49.15689247507538
11.169132210958729	50.091777224953866
11.269132210958729	51.028055200494855
11.369132210958728	51.9655302875276
11.469132210958728	52.904038010454194
11.569132210958728	53.8433783083471
11.669132210958727	54.78337777709372
11.769132210958727	55.72386928148901
11.869132210958727	56.66467478241476
11.969132210958726	57.60561043977637
12.069132210958726	58.54650350559989
12.169132210958725	59.48718598002927
12.269132210958725	60.42748718585338
12.369132210958725	61.36723804651879
12.469132210958724	62.30627143687528
12.569132210958724	63.244422067615865
12.669132210958724	64.1499981350412
12.769132210958723	64.77999813359132
12.869132210958723	65.40999813214133
12.969132210958723	66.0399981306911
13.069132210958722	66.66999812924095
13.169132210958722	67.29999812779118
13.269132210958722	67.92999812634088
13.369132210958721	68.55999804310122
13.46913221095872	69.18999805936426
13.56913221095872	69.81999807562714
13.66913221095872	70.44999809189017
13.76913221095872	71.07999810815295
13.86913221095872	71.70999812441599
13.969132210958719	72.33999814067879
14.069132210958719	72.96999815694191
14.169132210958718	73.59999817320463
14.269132210958718	74.22999818946764
14.369132210958718	74.85999815786464
14.469132210958717	75.4899980118827
14.569132210958717	76.11999802954449
14.669132210958717	76.74999804720622
14.769132210958716	77.37999806486785
14.869132210958716	78.00999808252978
14.969132210958715	78.6399981001916
15.069132210958715	79.26999811785329
15.169132210958715	79.89999813551506
15.269132210958714	80.52999815317696
15.369132210958714	81.15999817083892
15.469132210958714	81.78999818850049
15.569132210958713	82.41999815102271
15.669132210958713	83.04999815595872
15.769132210958713	83.67999816089485
15.869132210958712	84.3099981658312
15.969132210958712	84.93999817076728
16.069132210958713	85.5699981757032
16.169132210958715	86.19999818063947
16.269132210958716	86.82999825319534
16.369132210958718	87.45999825168717
16.46913221095872	88.08999825017852
16.56913221095872	88.7199982486702
16.669132210958722	89.34999824716155
16.769132210958723	89.97999824565319
16.869132210958725	90.60999824414476
16.969132210958726	91.23999824263639
17.069132210958728	91.86999824112807
17.16913221095873	92.49999823961952
17.26913221095873	93.12999823811116
17.369132210958732	93.7599982366026
17.469132210958733	94.38999823509437
17.569132210958735	95.01999823358562
17.669132210958736	95.64999823207758
17.769132210958738	96.279998230569
17.86913221095874	96.90999822906036
17.96913221095874	97.53999822755199
18.069132210958742	98.16999822604375
18.169132210958743	98.79999822453523
18.269132210958745	99.42999822302664
18.369132210958746	100.05999822151833
18.469132210958747	100.68999822001
18.56913221095875	101.31999821850124
18.66913221095875	101.94999821699321
18.76913221095875	102.57999821548452
18.869132210958753	103.20999821397605
18.969132210958755	103.83999821246768
19.069132210958756	104.46999821095922
19.169132210958757	105.09999820945075
19.26913221095876	105.72999820794259
19.36913221095876	106.35999820643408
19.46913221095876	106.98999820492556
19.569132210958763	107.61999820341694
19.669132210958765	108.2499982019087
19.769132210958766	108.87999820040035
19.869132210958767	109.5099981988919
19.96913221095877	110.1399981973834
20.06913221095877	110.76999819587476
20.16913221095877	111.39999819436672
20.269132210958773	112.02999819285826
20.369132210958774	112.65999819134976
20.469132210958776	113.28999818984121
20.569132210958777	113.91999818833291
20.66913221095878	114.54999818682431
20.76913221095878	115.17999818531567
20.86913221095878	115.80999818380751
20.969132210958783	116.43999818229892
21.069132210958784	117.06999818079038
21.169132210958786	117.6999981792821
21.269132210958787	118.32999817777375
21.36913221095879	118.95999817626536
21.46913221095879	119.589998174757
21.56913221095879	120.21999829972279
21.669132210958793	120.84999844865482
21.769132210958794	121.47999840006422
21.869132210958796	122.10999835147365
21.969132210958797	122.73999830288294
22.0691322109588	123.36999825429227
22.1691322109588	123.99999826275011
22.2691322109588	124.62999818752817
22.369132210958803	125.25999820309129
22.469132210958804	125.88999821865478
22.569132210958806	126.51999823421811
22.669132210958807	127.14999824978129
22.75	127.6594652824078
1000022.75	127.6594652824078
