-100000	0
-0.0000000000000017763568394002505	0
0.003333333333331557	0.026794659331064112
0.008333333333331557	0.06736409924826779
0.015833333333331555	0.1290678112538737
0.027083333333331554	0.22316254396874657
0.04395833333333156	0.36688548235457663
0.06927083333333156	0.5870429327297687
0.10723958333333156	0.9252687373415275
0.16419270833333155	1.4466996027813237
0.24962239583333157	2.2528019814986107
0.34962239583333155	3.223936955281885
0.4496223958333315	4.217739421607647
0.5496223958333315	5.229394761981621
0.6496223958333315	6.255285465422991
0.7496223958333315	7.292821525203946
0.8496223958333314	8.339847355478376
0.9496223958333314	9.394560131709731
1.0496223958333315	10.455517621722906
1.1496223958333316	11.521585591117873
1.2496223958333317	12.595017397017102
1.3496223958333318	13.674504718734783
1.4496223958333319	14.759040439621625
1.549622395833332	15.848407059714745
1.649622395833332	16.942253076060503
1.7496223958333321	18.040269084764354
1.8496223958333322	19.14224654596341
1.9496223958333323	20.247827537375098
2.049622395833332	21.356982500160644
2.1496223958333323	22.469353125501204
2.2496223958333323	23.584902690378748
2.3496223958333324	24.70338481536184
2.4496223958333325	25.82465248609067
2.5496223958333326	26.948533625577173
2.6496223958333327	28.07488181255507
2.749622395833333	29.203542884188604
2.849622395833333	30.334387802120393
2.949622395833333	31.467277349488214
3.049622395833333	32.602088112764996
3.149622395833333	33.73867513936375
3.2496223958333332	34.87702529197202
3.3496223958333333	36.01702796688116
3.4496223958333334	37.15853986550115
3.5496223958333335	38.30156440067784
3.6496223958333336	39.44597881373813
3.7496223958333337	40.59170156960499
3.8496223958333338	41.7386476854634
3.949622395833334	42.8867240903541
4.0496223958333335	44.03593516118776
4.149622395833333	45.18616505471232
4.249622395833333	46.33740871018983
4.349622395833332	47.48954345385714
4.449622395833332	48.64258754126178
4.549622395833332	49.79649291416717
4.649622395833331	50.95116713106639
4.749622395833331	52.10663662432372
4.849622395833331	53.26282486363858
4.94962239583333	54.41967783161432
5.04962239583333	55.5771945728999
5.14962239583333	56.73534580454543
5.249622395833329	57.894076276068965
5.349622395833329	59.05338674769431
5.4496223958333285	60.21327470238806
5.549622395833328	61.37364921449179
5.649622395833328	62.53450117228085
5.7496223958333275	63.6958375363456
5.849622395833327	64.85766736821569
5.949622395833327	66.0200067707712
6.049622395833326	67.18285673925075
6.149622395833326	68.34612716290918
6.249622395833326	69.50980559123212
6.349622395833325	70.6738970002688
6.449622395833325	71.83840757205115
6.549622395833325	73.00334897662093
6.649622395833324	74.16872676685571
6.749622395833324	75.33449317143089
6.8496223958333236	76.50063383420304
6.949622395833323	77.66714688457705
7.049622395833323	78.83401646019905
7.1496223958333225	80.00124681983507
7.249622395833322	81.1688552293824
7.349622395833322	82.33682537259054
7.449622395833321	83.50513428507635
7.549622395833321	84.67380755402915
7.649622395833321	85.84281151414206
7.74962239583332	87.01214146553109
7.84962239583332	88.1818232586819
7.94962239583332	89.3518089911307
8.04962239583332	90.5221126177812
8.149622395833319	91.69274436156644
8.249622395833319	92.86366642894156
8.349622395833318	94.03488266778226
8.449622395833318	95.2063770876676
8.549622395833318	96.37814202547766
8.649622395833317	97.5501615822106
8.749622395833317	98.72242017163066
8.849622395833316	99.89488928833187
8.949622395833316	101.06755793289544
9.049622395833316	102.24043472279565
9.149622395833315	103.41348896603577
9.249622395833315	104.58666469862588
9.349622395833315	105.7599621859036
9.449622395833314	106.93341401896363
9.549622395833314	108.10694439603223
9.649622395833314	109.28056309349634
9.749622395833313	110.45420309335577
9.849622395833313	111.62784309335548
9.949622395833313	112.80148309335581
10.049622395833312	113.97512309335568
10.149622395833312	115.14876309335561
10.249622395833311	116.32240309335575
10.349622395833311	117.49604309335568
10.44962239583331	118.66968309335554
10.54962239583331	119.84332309335574
10.64962239583331	121.01696309335584
10.74962239583331	122.19060309335583
10.84962239583331	123.36424309335567
10.949622395833309	124.5378830933556
11.049622395833309	125.7115230933558
11.149622395833308	126.88516309335593
11.249622395833308	127.8902639693977
11.349622395833308	128.8670639693976
11.449622395833307	129.84386396939766
11.549622395833307	130.82066396939783
11.649622395833306	131.79746396939757
11.749622395833306	132.77426396939762
11.849622395833306	133.7510639693975
11.949622395833305	134.72786396939782
12.049622395833305	135.7341521985644
12.149622395833305	136.74055219856427
12.249622395833304	137.7469487592043
12.349622395833304	138.7533521985644
12.449622395833304	139.75975219856446
12.549622395833303	140.76615219856419
12.56	140.87059240689797
1000012.56	140.87059240689797
