-100000	0
-0.0000000000000017763568394002505	0
0.003333333333331557	0.02576281094251702
0.008333333333331557	0.06477013757983782
0.015833333333331555	0.12409534767099846
0.027083333333331554	0.21464717828300725
0.04395833333333156	0.35308591621050095
0.06927083333333156	0.5654186335573638
0.10723958333333156	0.8921364592878597
0.16419270833333155	1.3967827503478698
0.24962239583333157	2.1786994629936074
0.34962239583333155	3.1228283895191358
0.4496223958333315	4.090896383192444
0.5496223958333315	5.07779198460428
0.6496223958333315	6.079983821142551
0.7496223958333315	7.0947630437375135
0.8496223958333314	8.119877080833978
0.9496223958333314	9.153532456655496
1.0496223958333315	10.19416583924646
1.1496223958333316	11.240608947987774
1.2496223958333317	12.295211763628476
1.3496223958333318	13.356765275386808
1.4496223958333319	14.424217413737237
1.549622395833332	15.497257301345027
1.649622395833332	16.575579856967526
1.7496223958333321	17.658742339096797
1.8496223958333322	18.74651930840384
1.9496223958333323	19.83848785209266
2.049622395833332	20.934634403378688
2.1496223958333323	22.034553547614653
2.2496223958333323	23.13814492926114
2.3496223958333324	24.245103522885223
2.4496223958333325	25.355309076177864
2.5496223958333326	26.468543503811187
2.6496223958333327	27.58461712404989
2.749622395833333	28.703386531132928
2.849622395833333	29.82470630060973
2.949622395833333	30.948405930390848
3.049622395833333	32.074316937706115
3.149622395833333	33.20226052742446
3.2496223958333332	34.33232154406156
3.3496223958333333	35.464277362604456
3.4496223958333334	36.598005820463975
3.5496223958333335	37.73354931650669
3.6496223958333336	38.87067614227743
3.7496223958333337	40.009366024783425
3.8496223958333338	41.1495964181481
3.949622395833334	42.29118128583445
4.0496223958333335	43.43410575611537
4.149622395833333	44.578250053632395
4.249622395833333	45.72358804572871
4.349622395833332	46.86999683368703
4.449622395833332	48.01749777640578
4.549622395833332	49.16602136244972
4.649622395833331	50.315480420291884
4.749622395833331	51.46590099129575
4.849622395833331	52.61719137376462
4.94962239583333	53.76929677405239
5.04962239583333	54.92220529434887
5.14962239583333	56.07587019234548
5.249622395833329	57.23024992748531
5.349622395833329	58.38536336667177
5.4496223958333285	59.54118618429868
5.549622395833328	60.69759456510387
5.649622395833328	61.85459036238052
5.7496223958333275	63.01220052527027
5.849622395833327	64.17045128488724
5.949622395833327	65.32936178389484
6.049622395833326	66.48891791461334
6.149622395833326	67.64898447548305
6.249622395833326	68.80955771999918
6.349622395833325	69.97066199217933
6.449622395833325	71.13232110559812
6.549622395833325	72.29455338582012
6.649622395833324	73.4573634716802
6.749622395833324	74.6206924881003
6.8496223958333236	75.78452995860495
6.949622395833323	76.94887292379758
7.049622395833323	78.11369769048748
7.1496223958333225	79.27899167868
7.249622395833322	80.44474571937378
7.349622395833322	81.61093791049058
7.449622395833321	82.7775725467264
7.549622395833321	83.94468575364287
7.649622395833321	85.11223004330654
7.74962239583332	86.28020217699691
7.84962239583332	87.44863136289189
7.94962239583332	88.61745823948117
8.04962239583332	89.78670096524463
8.149622395833319	90.95637293160325
8.249622395833319	92.12642321068718
8.349622395833318	93.2968496236966
8.449622395833318	94.46763973487295
8.549622395833318	95.63877030021708
8.649622395833317	96.81022328514382
8.749622395833317	97.98199707606656
8.849622395833316	99.15405842867074
8.949622395833316	100.3263896727152
9.049622395833316	101.49899446280475
9.149622395833315	102.6718444059344
9.249622395833315	103.84489544840177
9.349622395833315	105.01811864431342
9.449622395833314	106.19151307233162
9.549622395833314	107.3650091471103
9.649622395833314	108.53860600614219
9.749622395833313	109.71224600599894
9.849622395833313	110.88588600599903
9.949622395833313	112.05952600599878
10.049622395833312	113.233166005999
10.149622395833312	114.40680600599903
10.249622395833311	115.58044600599877
10.349622395833311	116.75408600599896
10.44962239583331	117.9277260059991
10.54962239583331	119.10136600599884
10.64962239583331	120.27500600599896
10.74962239583331	121.44864600599894
10.84962239583331	122.62228600599921
10.949622395833309	123.79592600599901
11.049622395833309	124.96956600599906
11.149622395833308	126.14320600599923
11.249622395833308	127.14830688204074
11.349622395833308	128.12510688204097
11.449622395833307	129.10190688204074
11.549622395833307	130.07870688204082
11.649622395833306	131.0555068820407
11.749622395833306	132.03230688204061
11.849622395833306	133.00910688204092
11.949622395833305	133.98590688204095
12.049622395833305	134.99219511120756
12.149622395833305	135.9985951112075
12.249622395833304	137.00499192794516
12.349622395833304	138.01139511120735
12.449622395833304	139.01779511120768
12.549622395833303	140.02419511120766
12.56	140.12863531954105
1000012.56	140.12863531954105
