-100000	0
-0.0000000000000017763568394002505	0
0.003333333333331557	0.024675295587282004
0.008333333333331557	0.06203523000209218
0.015833333333331555	0.11885787829305654
0.027083333333331554	0.20566987883837817
0.04395833333333156	0.338538667291519
0.06927083333333156	0.5426108589710433
0.10723958333333156	0.8571565498819707
0.16419270833333155	1.343974150883627
0.24962239583333157	2.1001318966811917
0.34962239583333155	3.0154062684805156
0.4496223958333315	3.9557530212740355
0.5496223958333315	4.915995843874678
0.6496223958333315	5.892582317238901
0.7496223958333315	6.882655283332283
0.8496223958333314	7.883936065394066
0.9496223958333314	8.894560448416163
1.0496223958333315	9.912930541055095
1.1496223958333316	10.937866490380806
1.2496223958333317	11.971785690074649
1.3496223958333318	13.013573681399834
1.4496223958333319	14.062113531928624
1.549622395833332	15.116921701610815
1.649622395833332	16.177749480771073
1.7496223958333321	17.244141929448396
1.8496223958333322	18.315782279651124
1.9496223958333323	19.39221118864673
2.049622395833332	20.473374551202067
2.1496223958333323	21.558840534742185
2.2496223958333323	22.64842944620035
2.3496223958333324	23.741792443862504
2.4496223958333325	24.838863547248348
2.5496223958333326	25.939374293903487
2.6496223958333327	27.04310915499255
2.749622395833333	28.149911027032594
2.849622395833333	29.25963979475167
2.949622395833333	30.372149175904397
3.049622395833333	31.487258587033786
3.149622395833333	32.6047437073966
3.2496223958333332	33.7246358141157
3.3496223958333333	34.84670101298602
3.4496223958333334	35.97083035582139
3.5496223958333335	37.0970153150518
3.6496223958333336	38.22499256395971
3.7496223958333337	39.35476398735425
3.8496223958333338	40.486268358917584
3.949622395833334	41.61936157021395
4.0496223958333335	42.754038490717484
4.149622395833333	43.89018096948043
4.249622395833333	45.02772330052597
4.349622395833332	46.16654204929096
4.449622395833332	47.306669621902145
4.549622395833332	48.44800762559025
4.649622395833331	49.590480556728274
4.749622395833331	50.734112089989864
4.849622395833331	51.87877221097766
4.94962239583333	53.02443940829694
5.04962239583333	54.1711374946628
5.14962239583333	55.31878918021863
5.249622395833329	56.467329231700546
5.349622395833329	57.61678141256294
5.4496223958333285	58.76712089322953
5.549622395833328	59.91822501555976
5.649622395833328	61.07010595616447
5.7496223958333275	62.22277646403266
5.849622395833327	63.376247905241364
5.949622395833327	64.53053166616453
6.049622395833326	65.68560679779286
6.149622395833326	66.84136025718496
6.249622395833326	67.99779969662147
6.349622395833325	69.15493695122136
6.449622395833325	70.31278318056317
6.549622395833325	71.47134967134251
6.649622395833324	72.6306381608403
6.749622395833324	73.7905865778203
6.8496223958333236	74.9511798416209
6.949622395833323	76.11241237095389
7.049622395833323	77.27429829160586
7.1496223958333225	78.43682838019527
7.249622395833322	79.59998540608282
7.349622395833322	80.76376749830644
7.449622395833321	81.92816522642185
7.549622395833321	83.09314669372182
7.649622395833321	84.25872395341509
7.74962239583332	85.42487346155819
7.84962239583332	86.59154757445431
7.94962239583332	87.75872648056375
8.04962239583332	88.92646773556001
8.149622395833319	90.09475582633439
8.249622395833319	91.26350016487665
8.349622395833318	92.4328088578765
8.449622395833318	93.60263192773384
8.549622395833318	94.77292119484494
8.649622395833317	95.94365286294308
8.749622395833317	97.1147860085107
8.849622395833316	98.28627044426035
8.949622395833316	99.45810232996533
9.049622395833316	100.63030353369112
9.149622395833315	101.80279724162716
9.249622395833315	102.97559995187594
9.349622395833315	104.1486369138668
9.449622395833314	105.32193422576752
9.549622395833314	106.4953907000788
9.649622395833314	107.6689618217515
9.749622395833313	108.8426018207054
9.849622395833313	110.01624182070532
9.949622395833313	111.18988182070547
10.049622395833312	112.36352182070553
10.149622395833312	113.53716182070562
10.249622395833311	114.71080182070548
10.349622395833311	115.88444182070548
10.44962239583331	117.05808182070538
10.54962239583331	118.2317218207055
10.64962239583331	119.40536182070544
10.74962239583331	120.57900182070547
10.84962239583331	121.75264182070556
10.949622395833309	122.92628182070568
11.049622395833309	124.09992182070543
11.149622395833308	125.27356182070532
11.249622395833308	126.27866269674713
11.349622395833308	127.25546269674734
11.449622395833307	128.23226269674734
11.549622395833307	129.20906269674737
11.649622395833306	130.18586269674736
11.749622395833306	131.16266269674722
11.849622395833306	132.13946269674747
11.949622395833305	133.11626269674736
12.049622395833305	134.12255092591397
12.149622395833305	135.128950925914
12.249622395833304	136.13535092591383
12.349622395833304	137.14175092591407
12.449622395833304	138.1481509259141
12.549622395833303	139.15455092591415
12.56	139.25899113424737
1000012.56	139.25899113424737
