-100000	0
-0.0000000000000017763568394002505	0
0.003333333333331557	0.023540879501624493
0.008333333333331557	0.059190480869003914
0.015833333333331555	0.11342454376506449
0.027083333333331554	0.19634910880604364
0.04395833333333156	0.32339487861627236
0.06927083333333156	0.5188169664501954
0.10723958333333156	0.8205970725751317
0.16419270833333155	1.2886619167931725
0.24962239583333157	2.0175860545783824
0.34962239583333155	2.9022123408268787
0.4496223958333315	3.8129970755930893
0.5496223958333315	4.74482812378257
0.6496223958333315	5.693971857670532
0.7496223958333315	6.657520250285205
0.8496223958333314	7.633129593544467
0.9496223958333314	8.61880771245529
1.0496223958333315	9.613011950235022
1.1496223958333316	10.61456549972001
1.2496223958333317	11.62589489281158
1.3496223958333318	12.645852499372534
1.4496223958333319	13.673258915554493
1.549622395833332	14.707600571405939
1.649622395833332	15.748585141084934
1.7496223958333321	16.795664084321142
1.8496223958333322	17.84855946626269
1.9496223958333323	18.906767908419795
2.049622395833332	19.97022771113502
2.1496223958333323	21.03850183846031
2.2496223958333323	22.111322565214838
2.3496223958333324	23.188368942951694
2.4496223958333325	24.269537466699866
2.5496223958333326	25.35454084822724
2.6496223958333327	26.443149747667743
2.749622395833333	27.535175644000738
2.849622395833333	28.630493048810685
2.949622395833333	29.728920162016884
3.049622395833333	30.830241844538737
3.149622395833333	31.93425673174324
3.2496223958333332	33.04099127916355
3.3496223958333333	34.150183027320686
3.4496223958333334	35.26173298648268
3.5496223958333335	36.37560923470595
3.6496223958333336	37.49155749678532
3.7496223958333337	38.60956427423614
3.8496223958333338	39.729546481032166
3.949622395833334	40.85137631923206
4.0496223958333335	41.97503013938811
4.149622395833333	43.100390018160745
4.249622395833333	44.22740072022574
4.349622395833332	45.355927413044526
4.449622395833332	46.486009850115074
4.549622395833332	47.61752888909294
4.649622395833331	48.75041858486333
4.749622395833331	49.88470869075603
4.849622395833331	51.02027854540745
4.94962239583333	52.15709943421852
5.04962239583333	53.29517898730237
5.14962239583333	54.434455783507694
5.249622395833329	55.574859391071485
5.349622395833329	56.71637225025876
5.4496223958333285	57.85895258296285
5.549622395833328	59.00250401600324
5.649622395833328	60.14704131297246
5.7496223958333275	61.29258621912418
5.849622395833327	62.43916138919793
5.949622395833327	63.586792871509914
6.049622395833326	64.73545404628408
6.149622395833326	65.88499962183076
6.249622395833326	67.03543853884413
6.349622395833325	68.18679294764299
6.449622395833325	69.33908590845178
6.549622395833325	70.49234377900714
6.649622395833324	71.6465740879119
6.749622395833324	72.80172080979915
6.8496223958333236	73.95775117479589
6.949622395833323	75.11463902822287
7.049622395833323	76.27239066189975
7.1496223958333225	77.43099389479714
7.249622395833322	78.59042571980726
7.349622395833322	79.75069832268112
7.449622395833321	80.91180560432532
7.549622395833321	82.07370351434432
7.649622395833321	83.23639534252784
7.74962239583332	84.39987135011154
7.84962239583332	85.56409193395078
7.94962239583332	86.7289908982668
8.04962239583332	87.89464025470137
8.149622395833319	89.06101444688703
8.249622395833319	90.2280484286991
8.349622395833318	91.39580510680713
8.449622395833318	92.56423433023376
8.549622395833318	93.73329078206771
8.649622395833317	94.90289182747074
8.749622395833317	96.0730843862495
8.849622395833316	97.24380244875714
8.949622395833316	98.41497686683115
9.049622395833316	99.58665436237223
9.149622395833315	100.7587691405759
9.249622395833315	101.9312863247912
9.349622395833315	103.10412959336838
9.449622395833314	104.27728332308402
9.549622395833314	105.45067204393729
9.649622395833314	106.6242381029357
9.749622395833313	107.79787810188931
9.849622395833313	108.97151810188929
9.949622395833313	110.14515810188921
10.049622395833312	111.3187981018894
10.149622395833312	112.4924381018894
10.249622395833311	113.66607810188923
10.349622395833311	114.83971810188923
10.44962239583331	116.01335810188918
10.54962239583331	117.18699810188909
10.64962239583331	118.3606381018893
10.74962239583331	119.53427810188933
10.84962239583331	120.7079181018894
10.949622395833309	121.8815581018894
11.049622395833309	123.05519810188969
11.149622395833308	124.2288381018896
11.249622395833308	125.23393897793093
11.349622395833308	126.21073897793107
11.449622395833307	127.1875389779311
11.549622395833307	128.1643389779313
11.649622395833306	129.1411389779311
11.749622395833306	130.11793897793135
11.849622395833306	131.094738977931
11.949622395833305	132.0715389779313
12.049622395833305	133.07782720709795
12.149622395833305	134.08422720709788
12.249622395833304	135.0906272070979
12.349622395833304	136.0970272070979
12.449622395833304	137.10342720709787
12.549622395833303	138.10982720709774
12.56	138.2142674154315
1000012.56	138.2142674154315
