-100000	0
-0.0000000000000017763568394002505	0
0.003333333333331557	0.02237225620153223
0.008333333333331557	0.05625806092150958
0.015833333333331555	0.10782059131452951
0.027083333333331554	0.18671607313329439
0.04395833333333156	0.30773421423684344
0.06927083333333156	0.4941796595221457
0.10723958333333156	0.7826870181935793
0.16419270833333155	1.2311942490160326
0.24962239583333157	1.9316351840220274
0.34962239583333155	2.784059805918132
0.4496223958333315	3.663794986289703
0.5496223958333315	4.565593367777562
0.6496223958333315	5.4856289489419146
0.7496223958333315	6.4209047737481155
0.8496223958333314	7.369067724845989
0.9496223958333314	8.32808171860782
1.0496223958333315	9.296314171558473
1.1496223958333316	10.272635594297753
1.2496223958333317	11.259234741108004
1.3496223958333318	12.25487088957234
1.4496223958333319	13.258501398782222
1.549622395833332	14.269523635571158
1.649622395833332	15.287637611937184
1.7496223958333321	16.312245987120246
1.8496223958333322	17.343099899682606
1.9496223958333323	18.379720109935302
2.049622395833332	19.421967281782774
2.1496223958333323	20.469333546677746
2.2496223958333323	21.52161837433408
2.3496223958333324	22.57851892132498
2.4496223958333325	23.639923930592477
2.5496223958333326	24.705506641984655
2.6496223958333327	25.775030697021215
2.749622395833333	26.848312406162396
2.849622395833333	27.925188757201497
2.949622395833333	29.00544034869221
3.049622395833333	30.08883768396955
3.149622395833333	31.175224392876796
3.2496223958333332	32.26464072981721
3.3496223958333333	33.35685686350127
3.4496223958333334	34.45173920309099
3.5496223958333335	35.54922582342842
3.6496223958333336	36.64910752500786
3.7496223958333337	37.751354097096204
3.8496223958333338	38.855873089164476
3.949622395833334	39.96252792728856
4.0496223958333335	41.07127487242746
4.149622395833333	42.181995689164644
4.249622395833333	43.29465012669163
4.349622395833332	44.40910545479767
4.449622395833332	45.52540021075323
4.549622395833332	46.6434177086889
4.649622395833331	47.763091785001194
4.749622395833331	48.88444927406937
4.849622395833331	50.007337851781024
4.94962239583333	51.131748833625956
5.04962239583333	52.257725307477806
5.14962239583333	53.38517569577265
5.249622395833329	54.514027814032175
5.349622395833329	55.64432972137083
5.4496223958333285	56.776064665767336
5.549622395833328	57.909085862278424
5.649622395833328	59.043399561473784
5.7496223958333275	60.1790228628622
5.849622395833327	61.315979014019675
5.949622395833327	62.45429198422149
6.049622395833326	63.59394063037367
6.149622395833326	64.734793894078
6.249622395833326	65.87685494470426
6.349622395833325	67.02014027008644
6.449622395833325	68.1646733833951
6.549622395833325	69.31047810122338
6.649622395833324	70.4575500427893
6.749622395833324	71.60579712968475
6.8496223958333236	72.75522845191193
6.949622395833323	73.90586180101761
7.049622395833323	75.05768090637461
7.1496223958333225	76.21066532083476
7.249622395833322	77.36480024853802
7.349622395833322	78.52006938191532
7.449622395833321	79.67644954248965
7.549622395833321	80.83392548406222
7.649622395833321	81.99249986623899
7.74962239583332	83.15214714698878
7.84962239583332	84.31282548557593
7.94962239583332	85.47447625526608
8.04962239583332	86.6371427374803
8.149622395833319	87.80084983200025
8.249622395833319	88.96550070544279
8.349622395833318	90.13107312683144
8.449622395833318	91.29754053412208
8.549622395833318	92.46487355089452
8.649622395833317	93.63298985003073
8.749622395833317	94.80190582599872
8.849622395833316	95.97147904434202
8.949622395833316	97.1417070520097
9.049622395833316	98.31265066256945
9.149622395833315	99.48419779718934
9.249622395833315	100.65629705779999
9.349622395833315	101.82879502203532
9.449622395833314	103.00174091154511
9.549622395833314	104.17501277395151
9.649622395833314	105.34857113316116
9.749622395833313	106.52221113211473
9.849622395833313	107.69585113211491
9.949622395833313	108.86949113211465
10.049622395833312	110.04313113211487
10.149622395833312	111.21677113211467
10.249622395833311	112.39041113211488
10.349622395833311	113.56405113211466
10.44962239583331	114.73769113211478
10.54962239583331	115.9113311321148
10.64962239583331	117.08497113211492
10.74962239583331	118.25861113211513
10.84962239583331	119.43225113211486
10.949622395833309	120.60589113211485
11.049622395833309	121.7795311321149
11.149622395833308	122.95317113211499
11.249622395833308	123.95827200815664
11.349622395833308	124.9350720081566
11.449622395833307	125.91187200815655
11.549622395833307	126.8886720081567
11.649622395833306	127.86547200815667
11.749622395833306	128.8422720081567
11.849622395833306	129.81907200815647
11.949622395833305	130.79587200815683
12.049622395833305	131.80216023732322
12.149622395833305	132.80856023732332
12.249622395833304	133.81496023732348
12.349622395833304	134.8213602373233
12.449622395833304	135.82776023732353
12.549622395833303	136.8341602373233
12.56	136.93860044565727
1000012.56	136.93860044565727
