-100000	0
-0.0000000000000017763568394002505	0
0.003333333333331557	0.021170521355367188
0.008333333333331557	0.05324324325225151
0.015833333333331555	0.102062929882275
0.027083333333331554	0.17682282989760906
0.04395833333333156	0.29165147255645685
0.06927083333333156	0.4688498731373625
0.10723958333333156	0.7436554997048083
0.16419270833333155	1.171943842648541
0.24962239583333157	1.8428391315837216
0.34962239583333155	2.66175461322698
0.4496223958333315	3.5090610660137824
0.5496223958333315	4.379386688426915
0.6496223958333315	5.268823218423733
0.7496223958333315	6.17429590853875
0.8496223958333314	7.093400191291065
0.9496223958333314	8.024159100481388
1.0496223958333315	8.964871681362492
1.1496223958333316	9.914286438899428
1.2496223958333317	10.873912880171384
1.3496223958333318	11.842402192492026
1.4496223958333319	12.818951141841794
1.549622395833332	13.802997314105635
1.649622395833332	14.794259976385506
1.7496223958333321	15.79222054454081
1.8496223958333322	16.796637073524746
1.9496223958333323	17.807026724869345
2.049622395833332	18.823168071109556
2.1496223958333323	19.84469220172849
2.2496223958333323	20.871436484024898
2.3496223958333324	21.903018109090333
2.4496223958333325	22.93926507393226
2.5496223958333326	23.97992864170455
2.6496223958333327	25.02478820421562
2.749622395833333	26.07367840176208
2.849622395833333	27.12638505951884
2.949622395833333	28.182781215908246
3.049622395833333	29.242672740200966
3.149622395833333	30.305864379225913
3.2496223958333332	31.372327515436037
3.3496223958333333	32.44185258948539
3.4496223958333334	33.51429856510645
3.5496223958333335	34.5896127061249
3.6496223958333336	35.66763571563436
3.7496223958333337	36.74833820938023
3.8496223958333338	37.83163652905585
3.949622395833334	38.9173760352863
4.0496223958333335	40.005542779700086
4.149622395833333	41.09601617142485
4.249622395833333	42.18875128333898
4.349622395833332	43.28362456299199
4.449622395833332	44.380664733434884
4.549622395833332	45.479851469658456
4.649622395833331	46.581027979872104
4.749622395833331	47.68426641208141
4.849622395833331	48.78948350288959
4.94962239583333	49.89662104177329
5.04962239583333	51.00566707091577
5.14962239583333	52.1165395633006
5.249622395833329	53.22921782776075
5.349622395833329	54.34372697225922
5.4496223958333285	55.460075932868385
5.549622395833328	56.57810643687591
5.649622395833328	57.6978939264421
5.7496223958333275	58.81944556919637
5.849622395833327	59.942725057356014
5.949622395833327	61.06776978784205
6.049622395833326	62.19455592870888
6.149622395833326	63.323021901020056
6.249622395833326	64.45315864618621
6.349622395833325	65.5849839305978
6.449622395833325	66.71847878224551
6.549622395833325	67.85364611361373
6.649622395833324	68.99051405760572
6.749622395833324	70.1290197116863
6.8496223958333236	71.26917035605112
6.949622395833323	72.41095266900534
7.049622395833323	73.55436355724694
7.1496223958333225	74.69934632387374
7.249622395833322	75.84593134085006
7.349622395833322	76.99403654891677
7.449622395833321	78.1437144631511
7.549622395833321	79.29496540109066
7.649622395833321	80.44772840371631
7.74962239583332	81.60197841589618
7.84962239583332	82.75768912440832
7.94962239583332	83.91473449954034
8.04962239583332	85.07316784782688
8.149622395833319	86.23304356910941
8.249622395833319	87.39427171276799
8.349622395833318	88.5567496408736
8.449622395833318	89.72049243430672
8.549622395833318	90.88543233766127
8.649622395833317	92.05151112882933
8.749622395833317	93.2186864244109
8.849622395833316	94.38681944722364
8.949622395833316	95.55585385502792
9.049622395833316	96.72577470900376
9.149622395833315	97.89657638472087
9.249622395833315	99.06802512214458
9.349622395833315	100.24014362302678
9.449622395833314	101.41278949914908
9.549622395833314	102.58592287540773
9.649622395833314	103.75939997874556
9.749622395833313	104.9330130914566
9.849622395833313	106.1066331332922
9.949622395833313	107.28025402778525
10.049622395833312	108.45387577711557
10.149622395833312	109.62749331727052
10.249622395833311	110.8011360782293
10.349622395833311	111.97475550473882
10.44962239583331	113.14837916448911
10.54962239583331	114.3220184936987
10.64962239583331	115.49562001129385
10.74962239583331	116.66928413970784
10.84962239583331	117.84291240529991
10.949622395833309	119.01654153595584
11.049622395833309	120.19017153418713
11.149622395833308	121.36380776231846
11.249622395833308	122.3689328173688
11.349622395833308	123.34572618272988
11.449622395833307	124.32251989768379
11.549622395833307	125.29931396284627
11.649622395833306	126.27610837883269
11.749622395833306	127.25291007334569
11.849622395833306	128.2297031800656
11.949622395833305	129.20649745855442
12.049622395833305	130.21279186336864
12.149622395833305	131.21918989950723
12.249622395833304	132.2255882900947
12.349622395833304	133.2319870352247
12.449622395833304	134.23839187688725
12.549622395833303	135.24478869820058
12.56	135.3492371399323
1000012.56	135.3492371399323
