-100000	0
-0.0000000000000017763568394002505	0
0.003333333333331557	0.01994745747464981
0.008333333333331557	0.05017464486847397
0.015833333333331555	0.0962009273649538
0.027083333333331554	0.16674649365577943
0.04395833333333156	0.27526749584569815
0.06927083333333156	0.44302824307290417
0.10723958333333156	0.7038200829934642
0.16419270833333155	1.1113770656245345
0.24962239583333157	1.7518590663930202
0.34962239583333155	2.536195830220501
0.4496223958333315	3.34990952331965
0.5496223958333315	4.187538933116349
0.6496223958333315	5.045108012281939
0.7496223958333315	5.919533179505144
0.8496223958333314	6.808348535581219
0.9496223958333314	7.709510143361187
1.0496223958333315	8.621331033636428
1.1496223958333316	9.542416538385313
1.2496223958333317	10.473465381507886
1.3496223958333318	11.413049606543591
1.4496223958333319	12.36062863402912
1.549622395833332	13.315738434318094
1.649622395833332	14.27798275895002
1.7496223958333321	15.246947859550442
1.8496223958333322	16.22226269185341
1.9496223958333323	17.203658531066456
2.049622395833332	18.190782101654374
2.1496223958333323	19.18336572010155
2.2496223958333323	20.18115040162002
2.3496223958333324	21.18386015378305
2.4496223958333325	22.19119148373205
2.5496223958333326	23.202992131584974
2.6496223958333327	24.219163458661193
2.749622395833333	25.239381772175655
2.849622395833333	26.263531977099316
2.949622395833333	27.291490926852905
3.049622395833333	28.323010480036242
3.149622395833333	29.358052305018127
3.2496223958333332	30.39645627742912
3.3496223958333333	31.438054460119307
3.4496223958333334	32.482764212146456
3.5496223958333335	33.53056425289289
3.6496223958333336	34.58128223997443
3.7496223958333337	35.63484869762322
3.8496223958333338	36.691191573476246
3.949622395833334	37.75020370357032
4.0496223958333335	38.81184356574777
4.149622395833333	39.876093372391665
4.249622395833333	40.94292024212986
4.349622395833332	42.01220900560748
4.449622395833332	43.083913982548054
4.549622395833332	44.15802586299564
4.649622395833331	45.23450312213042
4.749622395833331	46.31333835656109
4.849622395833331	47.394449925022116
4.94962239583333	48.477861445730966
5.04962239583333	49.56360936251026
5.14962239583333	50.6515526739646
5.249622395833329	51.74165908032534
5.349622395833329	52.833972810147486
5.4496223958333285	53.92859575254662
5.549622395833328	55.02551271875751
5.649622395833328	56.12476890734794
5.7496223958333275	57.22629426036938
5.849622395833327	58.3300343069848
5.949622395833327	59.43594282386672
6.049622395833326	60.543971222723236
6.149622395833326	61.65426014410491
6.249622395833326	62.76675373983863
6.349622395833325	63.88136045733599
6.449622395833325	64.99809196697808
6.549622395833325	66.117057034793
6.649622395833324	67.2383405850556
6.749622395833324	68.36175515848306
6.8496223958333236	69.4872668861744
6.949622395833323	70.61493354158945
7.049622395833323	71.74497837897295
7.1496223958333225	72.87717387578134
7.249622395833322	74.01148077088722
7.349622395833322	75.14796862871415
7.449622395833321	76.28660665372827
7.549622395833321	77.42734793693137
7.649622395833321	78.57009210729883
7.74962239583332	79.71479300033526
7.84962239583332	80.86156393114999
7.94962239583332	82.01048433385901
8.04962239583332	83.16139191010606
8.149622395833319	84.31418025277206
8.249622395833319	85.468869594522
8.349622395833318	86.62533807548901
8.449622395833318	87.78356569643147
8.549622395833318	88.94352262042581
8.649622395833317	90.10508430990022
8.749622395833317	91.26825727721621
8.849622395833316	92.43288033867
8.949622395833316	93.59896950015494
9.049622395833316	94.76644473757563
9.149622395833315	95.93514550666661
9.249622395833315	97.10500237565138
9.349622395833315	98.27591252803606
9.449622395833314	99.44766377204319
9.549622395833314	100.62021522755961
9.649622395833314	101.79343808700544
9.749622395833313	102.96705311196682
9.849622395833313	104.14066782085278
9.949622395833313	105.3142863784963
10.049622395833312	106.48791491362698
10.149622395833312	107.66154440118878
10.249622395833311	108.83518659869533
10.349622395833311	110.00878409618066
10.44962239583331	111.18242428898323
10.54962239583331	112.35605970418901
10.64962239583331	113.52968317816
10.74962239583331	114.70333934875599
10.84962239583331	115.87694230260148
10.949622395833309	117.05057963381316
11.049622395833309	118.22421789828967
11.149622395833308	119.39785151649703
11.249622395833308	120.40292576517061
11.349622395833308	121.37972351485764
11.449622395833307	122.35652164249434
11.549622395833307	123.33332014738588
11.649622395833306	124.31011902883753
11.749622395833306	125.28693405248539
11.849622395833306	126.26371670068923
11.949622395833305	127.24051990548672
12.049622395833305	128.2468033899892
12.149622395833305	129.2532019757276
12.249622395833304	130.25960093267264
12.349622395833304	131.2660002607405
12.449622395833304	132.2723924480182
12.549622395833303	133.27879697139142
12.56	133.38322965943385
1000012.56	133.38322965943385
