-100000	0
-0.0000000000000017763568394002505	0
0.003333333333331557	0.018706224198821956
0.008333333333331557	0.04705330429235725
0.015833333333331555	0.09023788665211521
0.027083333333331554	0.156514964576027
0.04395833333333156	0.2586410769268
0.06927083333333156	0.4168277498460884
0.10723958333333156	0.6633679219034759
0.16419270833333155	1.0497947770090708
0.24962239583333157	1.659183185894857
0.34962239583333155	2.408058114370657
0.4496223958333315	3.187210089007312
0.5496223958333315	3.9911177565849973
0.6496223958333315	4.815755598032192
0.7496223958333315	5.657993608018055
0.8496223958333314	6.515322238188886
0.9496223958333314	7.38563006065218
1.0496223958333315	8.267246385784125
1.1496223958333316	9.158737647747987
1.2496223958333317	10.060381143475645
1.3496223958333318	10.970735577327506
1.4496223958333319	11.889221355209347
1.549622395833332	12.815269703794094
1.649622395833332	13.748496808587882
1.7496223958333321	14.68852857117913
1.8496223958333322	15.634957926277893
1.9496223958333323	16.587472481921797
2.049622395833332	17.545710783286665
2.1496223958333323	18.509463414200418
2.2496223958333323	19.47839816872203
2.3496223958333324	20.452246209605224
2.4496223958333325	21.43067578715705
2.5496223958333326	22.41353555896011
2.6496223958333327	23.400790801211958
2.749622395833333	24.392057340147986
2.849622395833333	25.387251719561295
2.949622395833333	26.386307586554757
3.049622395833333	27.38895092007797
3.149622395833333	28.395133860679845
3.2496223958333332	29.404667933609133
3.3496223958333333	30.417495405354618
3.4496223958333334	31.433491986685393
3.5496223958333335	32.4525778164486
3.6496223958333336	33.474683466139766
3.7496223958333337	34.499723667878
3.8496223958333338	35.52763611775526
3.949622395833334	36.55834465384326
4.0496223958333335	37.5918133418699
4.149622395833333	38.62801763819642
4.249622395833333	39.66693691189299
4.349622395833332	40.708555766802064
4.449622395833332	41.75284242902229
4.549622395833332	42.799753816036336
4.649622395833331	43.849226375805536
4.749622395833331	44.90121573824703
4.849622395833331	45.95570957118019
4.94962239583333	47.01274983709413
5.04962239583333	48.07237914491381
5.14962239583333	49.134640836184786
5.249622395833329	50.19943033532608
5.349622395833329	51.266770810903864
5.4496223958333285	52.336724638741686
5.549622395833328	53.40934915959719
5.649622395833328	54.48453467817032
5.7496223958333275	55.56234277780763
5.849622395833327	56.6428493546648
5.949622395833327	57.725942561127134
6.049622395833326	58.811736516506805
6.149622395833326	59.900244044072174
6.249622395833326	60.991382697449616
6.349622395833325	62.08529871888183
6.449622395833325	63.18192937671597
6.549622395833325	64.2813060660309
6.649622395833324	65.3834296756701
6.749622395833324	66.48830238447876
6.8496223958333236	67.59595519772103
6.949622395833323	68.70635173548676
7.049622395833323	69.8195508195918
7.1496223958333225	70.93548190396243
7.249622395833322	72.05427023128019
7.349622395833322	73.17579554181387
7.449622395833321	74.30006968367594
7.549622395833321	75.42710584464534
7.649622395833321	76.55685605157366
7.74962239583332	77.68916004191657
7.84962239583332	78.82409074556433
7.94962239583332	79.96172941075402
8.04962239583332	81.1020822767788
8.149622395833319	82.24490943821618
8.249622395833319	83.39035400081173
8.349622395833318	84.53818481510571
8.449622395833318	85.68848009345577
8.549622395833318	86.8411522172584
8.649622395833317	87.99613223498797
8.749622395833317	89.1532923233457
8.849622395833316	90.3126505077595
8.949622395833316	91.47409958039444
9.049622395833316	92.63751335736198
9.149622395833315	93.80278619056033
9.249622395833315	94.96963444711025
9.349622395833315	96.13818596145248
9.449622395833314	97.30842579616335
9.549622395833314	98.48009422920192
9.649622395833314	99.65303272633088
9.749622395833313	100.82667198262453
9.849622395833313	102.00031289655044
9.949622395833313	103.17395152453606
10.049622395833312	104.34759237400883
10.149622395833312	105.5212344302745
10.249622395833311	106.69487371505139
10.349622395833311	107.86851046917774
10.44962239583331	109.0421517895974
10.54962239583331	110.21579275339334
10.64962239583331	111.3894323651262
10.74962239583331	112.56307371716368
10.84962239583331	113.73671408757143
10.949622395833309	114.91035336412577
11.049622395833309	116.08399264068035
11.149622395833308	117.25763274051744
11.249622395833308	118.26273252348511
11.349622395833308	119.23953224131552
11.449622395833307	120.216331959146
11.549622395833307	121.19313167697648
11.649622395833306	122.169931394807
11.749622395833306	123.14673111263728
11.849622395833306	124.12353167990875
11.949622395833305	125.10033084901022
12.049622395833305	126.10661979777521
12.149622395833305	127.11301977160585
12.249622395833304	128.1194197454371
12.349622395833304	129.1258197192677
12.449622395833304	130.13222012486978
12.549622395833303	131.138619982585
12.56	131.2430614115333
1000012.56	131.2430614115333
