-100000	0
-0.0000000000000017763568394002505	0
0.003333333333331557	0.017466833743466387
0.008333333333331557	0.043949090447258296
0.015833333333331555	0.08430735988178323
0.027083333333331554	0.14629468351980376
0.04395833333333156	0.24199042939792995
0.06927083333333156	0.39053649821409286
0.10723958333333156	0.6226858737585635
0.16419270833333155	0.9877444165442545
0.24962239583333157	1.5656001476259338
0.34962239583333155	2.278361505700151
0.4496223958333315	3.0222323731861587
0.5496223958333315	3.791648272209084
0.6496223958333315	4.582497868052115
0.7496223958333315	5.391618629840666
0.8496223958333314	6.216466676356144
0.9496223958333314	7.054898875179748
1.0496223958333315	7.905217454380928
1.1496223958333316	8.765994759228777
1.2496223958333317	9.637127237834209
1.3496223958333318	10.517154283661418
1.4496223958333319	11.405421633221208
1.549622395833332	12.30139347599035
1.649622395833332	13.204619893692353
1.7496223958333321	14.114682264375004
1.8496223958333322	15.031176404311188
1.9496223958333323	15.95381520153969
2.049622395833332	16.88218781901445
2.1496223958333323	17.81610777824433
2.2496223958333323	18.75522079312276
2.3496223958333324	19.699253728665838
2.4496223958333325	20.647890747407754
2.5496223958333326	21.60093919747756
2.6496223958333327	22.55838193960977
2.749622395833333	23.51986514601724
2.849622395833333	24.485262956730345
2.949622395833333	25.454537817538533
3.049622395833333	26.427423681174098
3.149622395833333	27.403862494757302
3.2496223958333332	28.38372457999704
3.3496223958333333	29.3668891127731
3.4496223958333334	30.353307492866744
3.5496223958333335	31.34286283318871
3.6496223958333336	32.33551535340749
3.7496223958333337	33.331216744972956
3.8496223958333338	34.3298993197681
3.949622395833334	35.33152045956843
4.0496223958333335	36.33605537750163
4.149622395833333	37.34347211491707
4.249622395833333	38.353731560262474
4.349622395833332	39.36680555439525
4.449622395833332	40.38269116449312
4.549622395833332	41.40140347111514
4.649622395833331	42.42295772792107
4.749622395833331	43.44735647340376
4.849622395833331	44.47460593104999
4.94962239583333	45.50473249093345
5.04962239583333	46.537769290153626
5.14962239583333	47.573679320755964
5.249622395833329	48.612435796218044
5.349622395833329	49.65406601711746
5.4496223958333285	50.698682525632336
5.549622395833328	51.74635097471425
5.649622395833328	52.797004120863654
5.7496223958333275	53.8506834677203
5.849622395833327	54.9074972741751
5.949622395833327	55.96736236142286
6.049622395833326	57.03037065424487
6.149622395833326	58.096601195101634
6.249622395833326	59.16595554330905
6.349622395833325	60.23857248413957
6.449622395833325	61.314472843742855
6.549622395833325	62.39362129034105
6.649622395833324	63.476110391429884
6.749622395833324	64.56188128227198
6.8496223958333236	65.65106976835395
6.949622395833323	66.7436353395382
7.049622395833323	67.83956176301848
7.1496223958333225	68.93883045243813
7.249622395833322	70.04154787919893
7.349622395833322	71.14760695369888
7.449622395833321	72.25703132397484
7.549622395833321	73.36987034018023
7.649622395833321	74.48612477983927
7.74962239583332	75.60564766933003
7.84962239583332	76.72845033697979
7.94962239583332	77.85458346819088
8.04962239583332	78.98410590674375
8.149622395833319	80.11679657416495
8.249622395833319	81.25273104994184
8.349622395833318	82.39179176770547
8.449622395833318	83.53393105530037
8.549622395833318	84.6791632477611
8.649622395833317	85.82734311819227
8.749622395833317	86.97845761442085
8.849622395833316	88.1323928801029
8.949622395833316	89.28902822849143
9.049622395833316	90.44828544899087
9.149622395833315	91.61010299601536
9.249622395833315	92.77426396634414
9.349622395833315	93.94074705911451
9.449622395833314	95.10942684015669
9.549622395833314	96.2801572713968
9.649622395833314	97.45277923616389
9.749622395833313	98.62641924785719
9.849622395833313	99.8000592225519
9.949622395833313	100.97369928164088
10.049622395833312	102.14733923808357
10.149622395833312	103.3209792790039
10.249622395833311	104.49461922870948
10.349622395833311	105.66825917566271
10.44962239583331	106.84189920171471
10.54962239583331	108.01553924322516
10.64962239583331	109.18917921376345
10.74962239583331	110.36281925317542
10.84962239583331	111.53645928736168
10.949622395833309	112.71009919882266
11.049622395833309	113.88373922203434
11.149622395833308	115.0573792237133
11.249622395833308	116.06248007175286
11.349622395833308	117.03928007863381
11.449622395833307	118.01608008551501
11.549622395833307	118.99288009239596
11.649622395833306	119.96968009927687
11.749622395833306	120.94648010615802
11.849622395833306	121.92328013675368
11.949622395833305	122.90008012897631
12.049622395833305	123.90636834620776
12.149622395833305	124.91276834666905
12.249622395833304	125.91916834713018
12.349622395833304	126.92556834759161
12.449622395833304	127.93196834805275
12.549622395833303	128.9383683408909
12.56	129.04280847637472
1000012.56	129.04280847637472
