-100000	0
-0.0000000000000017763568394002505	0
0.003333333333331557	0.01623067374070305
0.008333333333331557	0.04085932521301617
0.015833333333331555	0.07843377417020768
0.027083333333331554	0.1361878725941507
0.04395833333333156	0.22549278166243836
0.06927083333333156	0.3644352942945669
0.10723958333333156	0.5821973536265642
0.16419270833333155	0.9258461548118249
0.24962239583333157	1.4720116429020373
0.34962239583333155	2.148350210076465
0.4496223958333315	2.856512589536086
0.5496223958333315	3.5908428067119473
0.6496223958333315	4.34726151839632
0.7496223958333315	5.1225737327584575
0.8496223958333314	5.914191722641163
0.9496223958333314	6.719904986494973
1.0496223958333315	7.538055385684033
1.1496223958333316	8.367148512641737
1.2496223958333317	9.206842835768244
1.3496223958333318	10.055574957498738
1.4496223958333319	10.912714694557247
1.549622395833332	11.777706939067912
1.649622395833332	12.650077235690304
1.7496223958333321	13.529323850976409
1.8496223958333322	14.415044864388424
1.9496223958333323	15.306988433964994
2.049622395833332	16.20468750202026
2.1496223958333323	17.107979800309746
2.2496223958333323	18.01649071695835
2.3496223958333324	18.92993881988154
2.4496223958333325	19.848033778482584
2.5496223958333326	20.770534953786548
2.6496223958333327	21.697435612175177
2.749622395833333	22.62842484320225
2.849622395833333	23.563330083240537
2.949622395833333	24.502131511369434
3.049622395833333	25.44458640177242
3.149622395833333	26.39061883955784
3.2496223958333332	27.340127183419934
3.3496223958333333	28.292989448393833
3.4496223958333334	29.249177535072867
3.5496223958333335	30.208573825150335
3.6496223958333336	31.17115448857736
3.7496223958333337	32.136874496695945
3.8496223958333338	33.105675384146416
3.949622395833334	34.07756166083754
4.0496223958333335	35.05251065535256
4.149622395833333	36.03049695465654
4.249622395833333	37.01149595157819
4.349622395833332	37.995534145529554
4.449622395833332	38.982645885605066
4.549622395833332	39.972792145942066
4.649622395833331	40.96593938896484
4.749622395833331	41.96220203548647
4.849622395833331	42.96154438291734
4.94962239583333	43.964094683839356
5.04962239583333	44.9698185738086
5.14962239583333	45.978687889235474
5.249622395833329	46.990880421081705
5.349622395833329	48.00634321030752
5.4496223958333285	49.02506805666721
5.549622395833328	50.047168715407885
5.649622395833328	51.07270515947257
5.7496223958333275	52.10170366031947
5.849622395833327	53.1342256031804
5.949622395833327	54.170386709575574
6.049622395833326	55.21021297646157
6.149622395833326	56.25362865190699
6.249622395833326	57.30079618628662
6.349622395833325	58.351741084535206
6.449622395833325	59.406345140975624
6.549622395833325	60.464691430187
6.649622395833324	61.52695403193259
6.749622395833324	62.59306433901016
6.8496223958333236	63.663191105103095
6.949622395833323	64.73734032915847
7.049622395833323	65.81545579796503
7.1496223958333225	66.89752106699918
7.249622395833322	67.9836489439725
7.349622395833322	69.07378909211495
7.449622395833321	70.16794757297751
7.549622395833321	71.26616074076884
7.649622395833321	72.36846285276286
7.74962239583332	73.47480672534034
7.84962239583332	74.58517933633372
7.94962239583332	75.69958301582106
8.04962239583332	76.81795716424269
8.149622395833319	77.94013805292053
8.249622395833319	79.06626219994801
8.349622395833318	80.19620876368597
8.449622395833318	81.32991517637907
8.549622395833318	82.46743089201013
8.649622395833317	83.60857503252082
8.749622395833317	84.75332286990404
8.849622395833316	85.9015800851162
8.949622395833316	87.05317795507399
9.049622395833316	88.20802399696055
9.149622395833315	89.36621627905316
9.249622395833315	90.52743148315078
9.349622395833315	91.69161508347372
9.449622395833314	92.85868905118538
9.549622395833314	94.02845607504561
9.649622395833314	95.20075320325174
9.749622395833313	96.37438982720062
9.849622395833313	97.54802655653923
9.949622395833313	98.7216649918
10.049622395833312	99.89529861826756
10.149622395833312	101.06893844495862
10.249622395833311	102.24257267306271
10.349622395833311	103.41620891437677
10.44962239583331	104.58985139071872
10.54962239583331	105.76349197458536
10.64962239583331	106.93712557022307
10.74962239583331	108.11076575515494
10.84962239583331	109.28440331738449
10.949622395833309	110.45804088429665
11.049622395833309	111.63168111014474
11.149622395833308	112.80531916927993
11.249622395833308	113.81041973863239
11.349622395833308	114.78721792756562
11.449622395833307	115.76401622328518
11.549622395833307	116.74081462597876
11.649622395833306	117.71761313583532
11.749622395833306	118.69441175304281
11.849622395833306	119.67121047778994
11.949622395833305	120.64800947460893
12.049622395833305	121.65429809198221
12.149622395833305	122.66069757296967
12.249622395833304	123.66709716245859
12.349622395833304	124.67349686045736
12.449622395833304	125.67989666697376
12.549622395833303	126.68629726403681
12.56	126.79073989298679
1000012.56	126.79073989298679
