-100000	0
0.029896935475782982	0
0.033230268809116316	0.000002380764691245166
0.03823026880911631	0.00002535324662593837
0.04573026880911631	0.00014631699416151425
0.056980268809116316	0.0006288218562223453
0.07385526880911632	0.0022728329680588182
0.09916776880911632	0.007403406958886884
0.13713651880911631	0.02213086420108353
0.1940896438091163	0.056949782282259886
0.2795193313091163	0.12823779892874096
0.3795193313091163	0.232571201094718
0.4795193313091163	0.3536847747239562
0.5795193313091163	0.48779730884663075
0.6795193313091162	0.6321911944825029
0.7795193313091162	0.7847415535598635
0.8795193313091162	0.9437251418375602
0.9795193313091162	1.1076905721474783
1.0795193313091163	1.2753986713214522
1.1795193313091163	1.4457677847801884
1.2795193313091164	1.6179295132782991
1.3795193313091165	1.7909975364866675
1.4795193313091166	1.9643102141547426
1.5795193313091167	2.137237595303959
1.6795193313091168	2.309229743306688
1.7795193313091169	2.479812448373192
1.879519331309117	2.6485760297271987
1.979519331309117	2.8151684693466548
2.079519331309117	2.9792967345623755
2.179519331309117	3.140711756546111
2.279519331309117	3.299319577563095
2.379519331309117	3.4550830044177525
2.4795193313091173	3.608032608145409
2.5795193313091174	3.7581464315874133
2.6795193313091175	3.9054135998734316
2.7795193313091175	4.049933341534008
2.8795193313091176	4.191857711635207
2.9795193313091177	4.331398878220398
3.079519331309118	4.468831758830556
3.179519331309118	4.604500901637816
3.279519331309118	4.738835759135923
3.379519331309118	4.872289490722848
3.479519331309118	5.00542677013991
3.5795193313091183	5.138903800542224
3.6795193313091183	5.2734983708178085
3.7795193313091184	5.41012193712255
3.8795193313091185	5.549745454600437
3.9795193313091186	5.693470723477277
4.079519331309118	5.842627786016436
4.179519331309118	5.998691871423234
4.2795193313091175	6.163325416486227
4.379519331309117	6.338447038658631
4.479519331309117	6.526258070181975
4.5795193313091165	6.7293900354202805
4.679519331309116	6.950944616671568
4.779519331309116	7.1944801275644705
4.879519331309115	7.463048158752693
4.979519331309115	7.75879371296155
5.079519331309115	8.082639852507718
5.179519331309114	8.435041432512623
5.279519331309114	8.81664858127215
5.379519331309114	9.227495388624963
5.479519331309113	9.66745395516198
5.579519331309113	10.136291145105229
5.679519331309113	10.633526050062958
5.779519331309112	11.158626998630554
5.879519331309112	11.71083060237237
5.9795193313091115	12.289344572388963
6.079519331309111	12.893304424461805
6.179519331309111	13.521801807780518
6.27951933130911	14.173990150637781
6.37951933130911	14.848884383377877
6.47951933130911	15.545573457769521
6.579519331309109	16.263106672986257
6.679519331309109	17.00062575456365
6.779519331309109	17.757185533952264
6.879519331309108	18.53204211706731
6.979519331309108	19.324405586254116
7.079519331309108	20.133448028683393
7.179519331309107	20.958469183743286
7.279519331309107	21.798697808413337
7.3795193313091065	22.653475587261035
7.479519331309106	23.522153761713458
7.579519331309106	24.40412839831237
7.6795193313091055	25.298796665124666
7.779519331309105	26.20559672697703
7.879519331309105	27.12397818364543
7.979519331309104	28.053412271878962
8.079519331309104	28.99348735324094
8.179519331309104	29.943624384068183
8.279519331309103	30.903449030506604
8.379519331309103	31.872473654322828
8.479519331309103	32.85030362753309
8.579519331309102	33.83650595463705
8.679519331309102	34.83073849775758
8.779519331309102	35.83260545223912
8.879519331309101	36.84176243353734
8.9795193313091	37.857830687689045
9.0795193313091	38.880505158504974
9.1795193313091	39.90942719455309
9.2795193313091	40.94436457412042
9.3795193313091	41.98493128876706
9.479519331309099	43.03093431251742
9.579519331309099	44.08197081655769
9.679519331309098	45.13788102857516
9.779519331309098	46.19840594907297
9.879519331309098	47.26325769412252
9.979519331309097	48.332229630071346
10.079519331309097	49.40506281453756
10.179519331309097	50.481545763653
10.279519331309096	51.56144485850908
10.379519331309096	52.64451845947161
10.479519331309096	53.73056388229292
10.579519331309095	54.819341924609645
10.679519331309095	55.91063325028892
10.779519331309094	57.00423311153236
10.879519331309094	58.09990482149218
10.979519331309094	59.197450435370925
11.079519331309093	60.29665452239882
11.179519331309093	61.39730084264625
11.279519331309093	62.49920380588419
11.379519331309092	63.6021382811508
11.479519331309092	64.70591446129409
11.579519331309092	65.81033638947133
11.679519331309091	66.9151880063634
11.779519331309091	68.02031298919744
11.87951933130909	69.12549595705428
11.97951933130909	70.23054319816005
12.07951933130909	71.33526586640541
12.17951933130909	72.4394816462002
12.27951933130909	73.54300140220418
12.379519331309089	74.6456400234067
12.479519331309088	75.74721726421812
12.579519331309088	76.84754829831307
12.679519331309088	77.83650472117432
12.779519331309087	78.57150471265342
12.879519331309087	79.30650470413258
12.979519331309087	80.04150469561168
13.079519331309086	80.77650468709115
13.179519331309086	81.51150467856996
13.279519331309086	82.24650467004939
13.379519331309085	82.98150466152825
13.479519331309085	83.71650465300758
13.579519331309085	84.45150464448673
13.679519331309084	85.18650463596585
13.779519331309084	85.9215046274453
13.879519331309083	86.65650461892434
13.979519331309083	87.39150461040343
14.079519331309083	88.12650460188271
14.179519331309082	88.86150459336187
14.279519331309082	89.59650458484104
14.379519331309082	90.33150468117627
14.479519331309081	91.06650466430563
14.579519331309081	91.80150464743491
14.67951933130908	92.5365046305641
14.77951933130908	93.27150461369362
14.87951933130908	94.00650459682271
14.97951933130908	94.74150463708798
15.07951933130908	95.47650462643121
15.179519331309079	96.21150461577434
15.279519331309078	96.9465046051171
15.379519331309078	97.68150459446042
15.479519331309078	98.41650458380374
15.579519331309077	99.15150472553053
15.679519331309077	99.88650470535735
15.779519331309077	100.62150468518446
15.879519331309076	101.35650466501097
15.979519331309076	102.09150464483797
16.079519331309076	102.82650462466461
16.179519331309077	103.56150460449153
16.27951933130908	104.29650476889398
16.37951933130908	105.03150473771696
16.47951933130908	105.76650470654009
16.579519331309083	106.50150467536326
16.679519331309084	107.23650470168857
16.779519331309086	107.97150467770332
16.879519331309087	108.70650465371757
16.97951933130909	109.4415046297322
17.07951933130909	110.17650460574629
17.17951933130909	110.91150458176087
17.279519331309093	111.64650455777529
17.379519331309094	112.38150453378978
17.479519331309096	113.11650456230527
17.579519331309097	113.85150454700089
17.6795193313091	114.58650453169591
17.7795193313091	115.32150451639149
17.8795193313091	116.05650450108696
17.979519331309103	116.79150448578208
18.079519331309104	117.52650450453737
18.179519331309105	118.26150449949823
18.279519331309107	118.99650449445883
18.37951933130911	119.73150438775795
18.47951933130911	120.46650439110473
18.57951933130911	121.20150439445132
18.679519331309113	121.93650439779744
18.779519331309114	122.67150440114436
18.879519331309115	123.40650440449082
18.979519331309117	124.14150440783759
19.07951933130912	124.87650441118403
19.17951933130912	125.61150441453067
19.27951933130912	126.34650441787693
19.379519331309123	127.08150442122343
19.479519331309124	127.81650442456994
19.579519331309125	128.55150442791663
19.679519331309127	129.28650443126332
19.779519331309128	130.02150443460945
19.87951933130913	130.75650443795644
19.97951933130913	131.49150444130254
20.079519331309132	132.22650444464927
20.179519331309134	132.96150444799616
20.279519331309135	133.69650445134255
20.379519331309137	134.4315044546888
20.479519331309138	135.16650445803577
20.57951933130914	135.9015044613821
20.67951933130914	136.63650446472857
20.779519331309142	137.37150431382395
20.879519331309144	138.10650433158293
20.979519331309145	138.84150414940794
21.079519331309147	139.57650420242612
21.179519331309148	140.31150425544467
21.27951933130915	141.046504308463
21.37951933130915	141.78150436148144
21.479519331309152	142.51650441449985
21.579519331309154	143.251504385554
21.679519331309155	143.9865044932332
21.779519331309157	144.72150448397198
21.879519331309158	145.4565044747102
21.97951933130916	146.19150446544876
22.07951933130916	146.9265044561872
22.179519331309162	147.66150444692582
22.279519331309164	148.39650443766433
22.379519331309165	149.13150442840285
22.479519331309167	149.86650441914117
22.579519331309168	150.60150440987977
22.67951933130917	151.33650440061825
22.75	151.8545374079253
1000022.75	151.8545374079253
