-100000	0
-0.0000000000000017763568394002505	0
0.003333333333331557	0.015003630213367364
0.008333333333331557	0.03778007214227914
0.015833333333331555	0.07255055464591555
0.027083333333331554	0.1260559964926843
0.04395833333333156	0.20898539809329375
0.06927083333333156	0.3383420955349796
0.10723958333333156	0.541732790672852
0.16419270833333155	0.8639674771343152
0.24962239583333157	1.3783584022747726
0.34962239583333155	2.0181593287875996
0.4496223958333315	2.6904018096476263
0.5496223958333315	3.3894263941190745
0.6496223958333315	4.1110690062757325
0.7496223958333315	4.852152286096619
0.8496223958333314	5.610048676956955
0.9496223958333314	6.38256269923122
1.0496223958333315	7.167950773480385
1.1496223958333316	7.9647147409658405
1.2496223958333317	8.772299815102187
1.3496223958333318	9.589076570899996
1.4496223958333319	10.414404973973001
1.549622395833332	11.247715165478391
1.649622395833332	12.088499576158018
1.7496223958333321	12.936300060161514
1.8496223958333322	13.790660687269304
1.9496223958333323	14.651274372338309
2.049622395833332	15.51767764570778
2.1496223958333323	16.389727450231383
2.2496223958333323	17.267029192273068
2.3496223958333324	18.149297249879787
2.4496223958333325	19.03625965639593
2.5496223958333326	19.927632492805202
2.6496223958333327	20.823411269647565
2.749622395833333	21.723339443466845
2.849622395833333	22.62719458435033
2.949622395833333	23.534968903075555
3.049622395833333	24.446458354960143
3.149622395833333	25.36155138863684
3.2496223958333332	26.280156554301517
3.3496223958333333	27.202163348903053
3.4496223958333334	28.127554104716275
3.5496223958333335	29.056290132913503
3.6496223958333336	29.988285704887232
3.7496223958333337	30.92351729823307
3.8496223958333338	31.861972944752996
3.949622395833334	32.803648012920895
4.0496223958333335	33.74853252151756
4.149622395833333	34.69660169206785
4.249622395833333	35.647830940270694
4.349622395833332	36.60227200274924
4.449622395833332	37.56000029040893
4.549622395833332	38.520969027679584
4.649622395833331	39.48517273686354
4.749622395833331	40.452727546993515
4.849622395833331	41.42364993295424
4.94962239583333	42.39805251478258
5.04962239583333	43.37586832909669
5.14962239583333	44.357257559325014
5.249622395833329	45.34226855410358
5.349622395833329	46.33083222292133
5.4496223958333285	47.323107683779746
5.549622395833328	48.3191433514767
5.649622395833328	49.31900332951845
5.7496223958333275	50.322871000746495
5.849622395833327	51.33065066750811
5.949622395833327	52.34236770978292
6.049622395833326	53.35818425141046
6.149622395833326	54.37811861390553
6.249622395833326	55.40235406201591
6.349622395833325	56.430931432473045
6.449622395833325	57.463694738856226
6.549622395833325	58.500715697920434
6.649622395833324	59.542201522655986
6.749622395833324	60.58813525380728
6.8496223958333236	61.63864150370073
6.949622395833323	62.693859421784886
7.049622395833323	63.753660152821844
7.1496223958333225	64.81811686666174
7.249622395833322	65.88722004802774
7.349622395833322	66.96108522781726
7.449622395833321	68.0397510437833
7.549622395833321	69.12313013470346
7.649622395833321	70.21113451738341
7.74962239583332	71.30367370564996
7.84962239583332	72.40080875523226
7.94962239583332	73.50267018186281
8.04962239583332	74.60938472178655
8.149622395833319	75.72080836605429
8.249622395833319	76.8368387124177
8.349622395833318	77.95743065876408
8.449622395833318	79.08248284137291
8.549622395833318	80.21206825827227
8.649622395833317	81.34599909397599
8.749622395833317	82.48425928047294
8.849622395833316	83.62672986139656
8.949622395833316	84.7732488773608
9.049622395833316	85.9237203979031
9.149622395833315	87.07822471634408
9.249622395833315	88.23643172205544
9.349622395833315	89.39829655911797
9.449622395833314	90.56372286644486
9.549622395833314	91.73251108401719
9.649622395833314	92.90448005396865
9.749622395833313	94.07811385318558
9.849622395833313	95.25174788632759
9.949622395833313	96.42538217071207
10.049622395833312	97.59901654549216
10.149622395833312	98.77265176609686
10.249622395833311	99.9462862945852
10.349622395833311	101.11992170557642
10.44962239583331	102.29355729995943
10.54962239583331	103.46719279512375
10.64962239583331	104.6408279400205
10.74962239583331	105.81446354553616
10.84962239583331	106.9881000323885
10.949622395833309	108.16173641072052
11.049622395833309	109.33537275866748
11.149622395833308	110.50900971163823
11.249622395833308	111.51410758394086
11.349622395833308	112.49090490546332
11.449622395833307	113.46770244324519
11.549622395833307	114.44450019727597
11.649622395833306	115.42129816754614
11.749622395833306	116.39809635404687
11.849622395833306	117.3748947567676
11.949622395833305	118.35169337581638
12.049622395833305	119.35798102826621
12.149622395833305	120.36438003428053
12.249622395833304	121.37077925641408
12.349622395833304	122.37717869466579
12.449622395833304	123.38357834903564
12.549622395833303	124.38997809887589
12.56	124.49441826043675
1000012.56	124.49441826043675
