-100000	0
-0.0000000000000017763568394002505	0
0.003333333333331557	0.013796490335542139
0.008333333333331557	0.03475494540167794
0.015833333333331555	0.06678065426471956
0.027083333333331554	0.1161305510261993
0.04395833333333156	0.1927807919295833
0.06927083333333156	0.31268481390787656
0.10723958333333156	0.501894678029419
0.16419270833333155	0.8029435965790868
0.24962239583333157	1.2857666422159337
0.34962239583333155	1.8891223864915738
0.4496223958333315	2.525477931361266
0.5496223958333315	3.1891220735946795
0.6496223958333315	3.875854108422558
0.7496223958333315	4.582442451307977
0.8496223958333314	5.3062971074535525
0.9496223958333314	6.04515970962531
1.0496223958333315	6.797290652763218
1.1496223958333316	7.561265903758403
1.2496223958333317	8.336192172763424
1.3496223958333318	9.120482946334734
1.4496223958333319	9.913499166503422
1.549622395833332	10.714622223868986
1.649622395833332	11.523344087555872
1.7496223958333321	12.339200475321835
1.8496223958333322	13.161758898859564
1.9496223958333323	13.990573305703006
2.049622395833332	14.825233023426359
2.1496223958333323	15.665583412753994
2.2496223958333323	16.51121568926801
2.3496223958333324	17.361858002787226
2.4496223958333325	18.21724887510686
2.5496223958333326	19.077096274072627
2.6496223958333327	19.941345622835943
2.749622395833333	20.809804776822567
2.849622395833333	21.68220880080954
2.949622395833333	22.558551782633824
3.049622395833333	23.438672108322205
3.149622395833333	24.32242368726855
3.2496223958333332	25.209768147499233
3.3496223958333333	26.10057816242447
3.4496223958333334	26.99482139501982
3.5496223958333335	27.892475453219838
3.6496223958333336	28.793486271887215
3.7496223958333337	29.697825457071616
3.8496223958333338	30.605507177019597
3.949622395833334	31.51653778033721
4.0496223958333335	32.43089341320462
4.149622395833333	33.34855980566578
4.249622395833333	34.269571435679985
4.349622395833332	35.19400792218978
4.449622395833332	36.121945142510434
4.549622395833332	37.053344346593164
4.649622395833331	37.98820914016358
4.749622395833331	38.926623214471356
4.849622395833331	39.86875918009374
4.94962239583333	40.814583715335445
5.04962239583333	41.764095848461196
5.14962239583333	42.71752564558548
5.249622395833329	43.67490488869276
5.349622395833329	44.63616998335849
5.4496223958333285	45.60155690664931
5.549622395833328	46.571039081862025
5.649622395833328	47.54468578315516
5.7496223958333275	48.52277102547774
5.849622395833327	49.505208222004384
5.949622395833327	50.492012677034836
6.049622395833326	51.48346435721961
6.149622395833326	52.47951764603874
6.249622395833326	53.48020279005085
6.349622395833325	54.48568257107034
6.449622395833325	55.496003340434605
6.549622395833325	56.51120915871738
6.649622395833324	57.53141704446995
6.749622395833324	58.556692396112474
6.8496223958333236	59.58709729726772
6.949622395833323	60.6227708530172
7.049622395833323	61.66368841704399
7.1496223958333225	62.709931380361404
7.249622395833322	63.76152327666165
7.349622395833322	64.81840250039073
7.449622395833321	65.88067404748656
7.549622395833321	66.94836592704576
7.649622395833321	68.02151530949928
7.74962239583332	69.10008403903917
7.84962239583332	70.184057421583
7.94962239583332	71.27346542986521
8.04962239583332	72.36835020737028
8.149622395833319	73.46857394450436
8.249622395833319	74.57414451812612
8.349622395833318	75.68507362421944
8.449622395833318	76.8011815559308
8.549622395833318	77.9225923120278
8.649622395833317	79.04907616377602
8.749622395833317	80.18064678285529
8.849622395833316	81.31715413874667
8.949622395833316	82.45844842589057
9.049622395833316	83.60438299199679
9.149622395833315	84.75512084943924
9.249622395833315	85.91036310931815
9.349622395833315	87.06994728621937
9.449622395833314	88.23371169344844
9.549622395833314	89.4015033920955
9.649622395833314	90.57314963203861
9.749622395833313	91.74678552510852
9.849622395833313	92.92042242630774
9.949622395833313	94.09405943542801
10.049622395833312	95.26769816702861
10.149622395833312	96.44133421669248
10.249622395833311	97.61497036269171
10.349622395833311	98.78861071933531
10.44962239583331	99.96224685780645
10.54962239583331	101.13588674144422
10.64962239583331	102.30952509095634
10.74962239583331	103.4831668938343
10.84962239583331	104.6567986471017
10.949622395833309	105.83043606926388
11.049622395833309	107.00407612565898
11.149622395833308	108.17771218445769
11.249622395833308	109.16982230743056
11.349622395833308	110.13145062884146
11.449622395833307	111.09307905811278
11.549622395833307	112.05470759542159
11.649622395833306	113.01633624094544
11.749622395833306	113.97796499486174
11.849622395833306	114.93959385734749
11.949622395833305	115.90121908841846
12.049622395833305	116.89272728360338
12.149622395833305	117.88435597966881
12.249622395833304	118.87598478748166
12.349622395833304	119.86761370704232
12.449622395833304	120.85924273835056
12.549622395833303	121.85087283271962
12.56	121.95378089701858
1000012.56	121.95378089701858
