-100000	0
-0.0000000000000017763568394002505	0
0.003333333333331557	0.012615937824948322
0.008333333333331557	0.031793459483871286
0.015833333333331555	0.061130697742949956
0.027083333333331554	0.10641086965016258
0.04395833333333156	0.17691785746098967
0.06927083333333156	0.2875562231952678
0.10723958333333156	0.46282666564780267
0.16419270833333155	0.7429912682758262
0.24962239583333157	1.1946611230538282
0.34962239583333155	1.7618913336346242
0.4496223958333315	2.3625195754757207
0.5496223958333315	2.9908450030841074
0.6496223958333315	3.642708337573612
0.7496223958333315	4.314841901028246
0.8496223958333314	5.004621528967568
0.9496223958333314	5.70977614297393
1.0496223958333315	6.428545185396365
1.1496223958333316	7.159386120344221
1.2496223958333317	7.901365879403957
1.3496223958333318	8.65286006699795
1.4496223958333319	9.413183994939923
1.549622395833332	10.181719772442852
1.649622395833332	10.95793119420534
1.7496223958333321	11.741342130318792
1.8496223958333322	12.531542456941095
1.9496223958333323	13.328082870105128
2.049622395833332	14.130528380460055
2.1496223958333323	14.938667705642327
2.2496223958333323	15.752101469358816
2.3496223958333324	16.570610523143785
2.4496223958333325	17.3938970176502
2.5496223958333326	18.221759655876237
2.6496223958333327	19.05394291411119
2.749622395833333	19.89035783862888
2.849622395833333	20.730749434096737
2.949622395833333	21.575075231797385
3.049622395833333	22.42321541520211
3.149622395833333	23.275003624500503
3.2496223958333332	24.13044010759745
3.3496223958333333	24.98945208934458
3.4496223958333334	25.851948442497775
3.5496223958333335	26.717917098924215
3.6496223958333336	27.587341109848353
3.7496223958333337	28.46020645869592
3.8496223958333338	29.336510767084135
3.949622395833334	30.2162727754325
4.0496223958333335	31.099558973372897
4.149622395833333	31.986330619689895
4.249622395833333	32.8765895104736
4.349622395833332	33.77036894858086
4.449622395833332	34.66781943309839
4.549622395833332	35.568920634501225
4.649622395833331	36.47378530144684
4.749622395833331	37.38246730893399
4.849622395833331	38.29504725116696
4.94962239583333	39.21164459876263
5.04962239583333	40.1322490574936
5.14962239583333	41.05696100565346
5.249622395833329	41.98592401689492
5.349622395833329	42.9192532724848
5.4496223958333285	43.85693316130107
5.549622395833328	44.799165961295664
5.649622395833328	45.74603281707405
5.7496223958333275	46.69764500071069
5.849622395833327	47.65401170997375
5.949622395833327	48.6153196292569
6.049622395833326	49.58170027124475
6.149622395833326	50.55323375154903
6.249622395833326	51.52987397720004
6.349622395833325	52.51180159426098
6.449622395833325	53.49909620212058
6.549622395833325	54.49190646843018
6.649622395833324	55.49027544997893
6.749622395833324	56.49435827989643
6.8496223958333236	57.50412806040676
6.949622395833323	58.519727583626164
7.049622395833323	59.54120281007854
7.1496223958333225	60.568615350003306
7.249622395833322	61.60200289356182
7.349622395833322	62.64155053041141
7.449622395833321	63.68731126594469
7.549622395833321	64.73925781964724
7.649622395833321	65.79732040748051
7.74962239583332	66.86147053004527
7.84962239583332	67.93189923765759
7.94962239583332	69.00853756586132
8.04962239583332	70.09130925097594
8.149622395833319	71.18017398825023
8.249622395833319	72.27520845974382
8.349622395833318	73.37633869349543
8.449622395833318	74.48352831162255
8.549622395833318	75.59667073557381
8.649622395833317	76.71572154253307
8.749622395833317	77.84057194550235
8.849622395833316	78.97114971772496
8.949622395833316	80.10728560937014
9.049622395833316	81.24879785036495
9.149622395833315	82.39570075198623
9.249622395833315	83.54786743613843
9.349622395833315	84.7050319977215
9.449622395833314	85.86714538391634
9.549622395833314	87.03393438138968
9.649622395833314	88.20521611476545
9.749622395833313	89.378852646791
9.849622395833313	90.5524877658617
9.949622395833313	91.72612306534855
10.049622395833312	92.89975854517516
10.149622395833312	94.07339420526678
10.249622395833311	95.24703004554674
10.349622395833311	96.42066408892596
10.44962239583331	97.59430050166756
10.54962239583331	98.7679370987587
10.64962239583331	99.94157109219319
10.74962239583331	101.11520544592074
10.84962239583331	102.28884004197857
10.949622395833309	103.4624713052328
11.049622395833309	104.63610979574837
11.149622395833308	105.80974972506105
11.249622395833308	106.77587203502105
11.349622395833308	107.70715999097122
11.449622395833307	108.63844813561802
11.549622395833307	109.56973646863217
11.649622395833306	110.5010249896842
11.749622395833306	111.43231369844463
11.849622395833306	112.36360404019491
11.949622395833305	113.2948928299684
12.049622395833305	114.25686274744926
12.149622395833305	115.21894938165195
12.249622395833304	116.1810363459612
12.349622395833304	117.14312349542905
12.449622395833304	118.10521068473027
12.549622395833303	119.06729798777944
12.56	119.16714032325066
1000012.56	119.16714032325066
