-100000	0
-0.0000000000000017763568394002505	0
0.003333333333331557	0.011471426951115417
0.008333333333331557	0.028926105616040837
0.015833333333331555	0.0556581607470806
0.027083333333331554	0.09698255014055665
0.04395833333333156	0.16151331419696865
0.06927083333333156	0.2631262083342761
0.10723958333333156	0.4247903131105483
0.16419270833333155	0.6845121590878458
0.24962239583333157	1.1055711773079595
0.34962239583333155	1.637209934249057
0.4496223958333315	2.2026012198493263
0.5496223958333315	2.7960064395995334
0.6496223958333315	3.4132390571853826
0.7496223958333315	4.051005010116847
0.8496223958333314	4.706718887032604
0.9496223958333314	5.378139150691409
1.0496223958333315	6.063451176721429
1.1496223958333316	6.761095197500236
1.2496223958333317	7.469968643202916
1.3496223958333318	8.188460281814713
1.4496223958333319	8.915834843336828
1.549622395833332	9.651444178596483
1.649622395833332	10.394794064935072
1.7496223958333321	11.145424562509044
1.8496223958333322	11.902838881354004
1.9496223958333323	12.666588088897687
2.049622395833332	13.436187582213162
2.1496223958333323	14.211519058373781
2.2496223958333323	14.99215853918437
2.3496223958333324	15.77782904340735
2.4496223958333325	16.568276144026395
2.5496223958333326	17.36322262280216
2.6496223958333327	18.162534877087207
2.749622395833333	18.96599912078347
2.849622395833333	19.77346959647878
2.949622395833333	20.58483135816055
3.049622395833333	21.40002739500731
3.149622395833333	22.218881119196737
3.2496223958333332	23.041382363166075
3.3496223958333333	23.867440307902367
3.4496223958333334	24.69700303383953
3.5496223958333335	25.530067163163988
3.6496223958333336	26.366628444245336
3.7496223958333337	27.20669138018002
3.8496223958333338	28.050271744527073
3.949622395833334	28.897398123665653
4.0496223958333335	29.748096201547188
4.149622395833333	30.60238565682295
4.249622395833333	31.460292122101755
4.349622395833332	32.321874581840795
4.449622395833332	33.18731874330771
4.549622395833332	34.056644853448184
4.649622395833331	34.92984729643754
4.749622395833331	35.807018589028985
4.849622395833331	36.68835385675554
4.94962239583333	37.573958612730884
5.04962239583333	38.463804287905106
5.14962239583333	39.35802279031213
5.249622395833329	40.25679493616119
5.349622395833329	41.160167215601795
5.4496223958333285	42.06831243062619
5.549622395833328	42.981413386640114
5.649622395833328	43.89946854538758
5.7496223958333275	44.822630092792615
5.849622395833327	45.75100250523674
5.949622395833327	46.684740385900675
6.049622395833326	47.62396141951259
6.149622395833326	48.568798540161936
6.249622395833326	49.519293922193484
6.349622395833325	50.475594756239495
6.449622395833325	51.43778826587278
6.549622395833325	52.40600656653593
6.649622395833324	53.38040545784763
6.749622395833324	54.361056683631084
6.8496223958333236	55.34806510899515
6.949622395833323	56.34155164840345
7.049622395833323	57.34159900232652
7.1496223958333225	58.34832124228562
7.249622395833322	59.36177364249885
7.349622395833322	60.382010956147376
7.449622395833321	61.408993749006626
7.549622395833321	62.44287916652974
7.649622395833321	63.48375872241965
7.74962239583332	64.53164043404699
7.84962239583332	65.58658502824159
7.94962239583332	66.6485347384994
8.04962239583332	67.717417007335
8.149622395833319	68.79331160946894
8.249622395833319	69.8761993430787
8.349622395833318	70.96594743056453
8.449622395833318	72.06244657918927
8.549622395833318	73.165741507185
8.649622395833317	74.27582498110442
8.749622395833317	75.39254050363965
8.849622395833316	76.5158175695048
8.949622395833316	77.64553664237742
9.049622395833316	78.78161476556697
9.149622395833315	79.92387020420871
9.249622395833315	81.07206440506225
9.349622395833315	82.22606600473716
9.449622395833314	83.38561615077778
9.549622395833314	84.55073432942396
9.649622395833314	85.72114603961427
9.749622395833313	86.89432330719836
9.849622395833313	88.06758912632962
9.949622395833313	89.24097009523626
10.049622395833312	90.4144499180813
10.149622395833312	91.58802899098612
10.249622395833311	92.76169188555848
10.349622395833311	93.93542352278358
10.44962239583331	95.10923179119433
10.54962239583331	96.28309319418099
10.64962239583331	97.45701262839796
10.74962239583331	98.63097561029525
10.84962239583331	99.8049707377223
10.949622395833309	100.97899480689163
11.049622395833309	102.15303408932824
11.149622395833308	103.32707217993183
11.249622395833308	104.2672977309419
11.349622395833308	105.16824487860228
11.449622395833307	106.06919221550734
11.549622395833307	106.97013974202193
11.649622395833306	107.87108745851205
11.749622395833306	108.77203277052367
11.849622395833306	109.67298499059707
11.949622395833305	110.57393448473027
12.049622395833305	111.50636307205997
12.149622395833305	112.43890699832984
12.249622395833304	113.37145236012286
12.349622395833304	114.30399791361414
12.449622395833304	115.2365448943521
12.549622395833303	116.16909013718849
12.56	116.26586244364445
1000012.56	116.26586244364445
