-100000	0
-0.0000000000000017763568394002505	0
0.003333333333331557	0.01036705734630353
0.008333333333331557	0.02615556192737597
0.015833333333331555	0.05037151605345049
0.027083333333331554	0.08788500349838992
0.04395833333333156	0.14664363995346538
0.06927083333333156	0.23950884329190295
0.10723958333333156	0.38798874024281477
0.16419270833333155	0.6278425966416197
0.24962239583333157	1.0190587255484926
0.34962239583333155	1.5158375947643117
0.4496223958333315	2.0465513164878684
0.5496223958333315	2.6054985714891536
0.6496223958333315	3.18847956383559
0.7496223958333315	3.7922643381717958
0.8496223958333314	4.4142017861799445
0.9496223958333314	5.052059156136622
1.0496223958333315	5.704060147898201
1.1496223958333316	6.3686351502307
1.2496223958333317	7.044471977834506
1.3496223958333318	7.729900376929198
1.4496223958333319	8.424210474193861
1.549622395833332	9.126823482933025
1.649622395833332	9.837183660315514
1.7496223958333321	10.55481888633713
1.8496223958333322	11.279227748620889
1.9496223958333323	12.00996656051185
2.049622395833332	12.746627771553085
2.1496223958333323	13.488877855264834
2.2496223958333323	14.236336895853034
2.3496223958333324	14.988783577453724
2.4496223958333325	15.745947854672625
2.5496223958333326	16.507533808319568
2.6496223958333327	17.273464339316046
2.749622395833333	18.043465392276545
2.849622395833333	18.817478445422665
2.949622395833333	19.595296511062685
3.049622395833333	20.376879559495826
3.149622395833333	21.16207588208938
3.2496223958333332	21.95088735114756
3.3496223958333333	22.74320795375246
3.4496223958333334	23.539019997982418
3.5496223958333335	24.33833174409011
3.6496223958333336	25.141149477426698
3.7496223958333337	25.947503210364186
3.8496223958333338	26.757441871226884
3.949622395833334	27.57096589561581
4.0496223958333335	28.388070635080677
4.149622395833333	29.20876218560949
4.249622395833333	30.033204785410256
4.349622395833332	30.861433401787387
4.449622395833332	31.69359342828863
4.549622395833332	32.52981587503096
4.649622395833331	33.370072083916554
4.749622395833331	34.214407493942204
4.849622395833331	35.06307795503264
4.94962239583333	35.9161116209248
5.04962239583333	36.77361961647363
5.14962239583333	37.63577478376555
5.249622395833329	38.50271608880809
5.349622395833329	39.37454006576806
5.4496223958333285	40.25144318080006
5.549622395833328	41.13348507687818
5.649622395833328	42.02090473346475
5.7496223958333275	42.91376534953225
5.849622395833327	43.812228733355354
5.949622395833327	44.71633547780912
6.049622395833326	45.6263125452041
6.149622395833326	46.54241441894049
6.249622395833326	47.464646983135175
6.349622395833325	48.39313993025458
6.449622395833325	49.32802523249319
6.549622395833325	50.26947952704936
6.649622395833324	51.217630012236235
6.749622395833324	52.172604600022694
6.8496223958333236	53.13452993680694
6.949622395833323	54.10351621065646
7.049622395833323	55.07979466655625
7.1496223958333225	56.06339278464518
7.249622395833322	57.054298588043565
7.349622395833322	58.05268136218177
7.449622395833321	59.05853207556772
7.549622395833321	60.07195769211387
7.649622395833321	61.09307019360842
7.74962239583332	62.12194414636447
7.84962239583332	63.15869872443986
7.94962239583332	64.20327839333113
8.04962239583332	65.25562886236439
8.149622395833319	66.31576903306991
8.249622395833319	67.3837049534698
8.349622395833318	68.45940708875072
8.449622395833318	69.54271613980937
8.549622395833318	70.63356191258855
8.649622395833317	71.73207121414977
8.749622395833317	72.83818327556928
8.849622395833316	73.95166027360702
8.949622395833316	75.07252952321862
9.049622395833316	76.20055980158662
9.149622395833315	77.33557667697062
9.249622395833315	78.4773264398153
9.349622395833315	79.62570809266057
9.449622395833314	80.78048263798165
9.549622395833314	81.94158322571084
9.649622395833314	83.1087335855886
9.749622395833313	84.27914863684548
9.849622395833313	85.44990637460575
9.949622395833313	86.6210391196161
10.049622395833312	87.7924982324296
10.149622395833312	88.96431355046627
10.249622395833311	90.136417558818
10.349622395833311	91.30878138558249
10.44962239583331	92.4814513032972
10.54962239583331	93.65436589692928
10.64962239583331	94.82754564097372
10.74962239583331	96.00092112093958
10.84962239583331	97.17447526519113
10.949622395833309	98.3482009201425
11.049622395833309	99.52198982728027
11.149622395833308	100.69585966728154
11.249622395833308	101.61006568351209
11.349622395833308	102.48067564930706
11.449622395833307	103.35128561510184
11.549622395833307	104.2218955808968
11.649622395833306	105.09250543026813
11.749622395833306	105.96311590988509
11.849622395833306	106.83372579122685
11.949622395833305	107.7043358988201
12.049622395833305	108.60721837648082
12.149622395833305	109.51022279211192
12.249622395833304	110.4132272096449
12.349622395833304	111.31623173721844
12.449622395833304	112.21923625591151
12.549622395833303	113.12224071201645
12.56	113.21595055202705
1000012.56	113.21595055202705
