-100000	0
-0.0000000000000017763568394002505	0
0.003333333333331557	0.009310840529184076
0.008333333333331557	0.023505544692434637
0.015833333333331555	0.04530964638886739
0.027083333333331554	0.0791628924180476
0.04395833333333156	0.13237766044926463
0.06927083333333156	0.21685138661202408
0.10723958333333156	0.3526322793127487
0.16419270833333155	0.5732806674264852
0.24962239583333157	0.9356349958721132
0.34962239583333155	1.3985299463402494
0.4496223958333315	1.895441959836704
0.5496223958333315	2.4206844337166604
0.6496223958333315	2.970139477205878
0.7496223958333315	3.5404924162845597
0.8496223958333314	4.12913721756943
0.9496223958333314	4.733851232051265
1.0496223958333315	5.35281467837081
1.1496223958333316	5.984460191893306
1.2496223958333317	6.627370121117073
1.3496223958333318	7.2799062015710705
1.4496223958333319	7.941294094346967
1.549622395833332	8.610901248031512
1.649622395833332	9.288279222146164
1.7496223958333321	9.972845298142031
1.8496223958333322	10.66417544336569
1.9496223958333323	11.361768039707101
2.049622395833332	12.065221867077051
2.1496223958333323	12.774164388812865
2.2496223958333323	13.488215736820031
2.3496223958333324	14.207170663095829
2.4496223958333325	14.930741411975113
2.5496223958333326	15.65863261857003
2.6496223958333327	16.39076920150597
2.749622395833333	17.126874377060883
2.849622395833333	17.86689804455599
2.949622395833333	18.610630595818854
3.049622395833333	19.358047496433542
3.149622395833333	20.108979211713034
3.2496223958333332	20.863439904965
3.3496223958333333	21.621378748017165
3.4496223958333334	22.382743872906453
3.5496223958333335	23.147558908826525
3.6496223958333336	23.915838069027593
3.7496223958333337	24.68760112648996
3.8496223958333338	25.462889967693926
3.949622395833334	26.241736340259305
4.0496223958333335	27.02419609534278
4.149622395833333	27.810315094751704
4.249622395833333	28.60021835970858
4.349622395833332	29.39397636613826
4.449622395833332	30.191685468637818
4.549622395833332	30.993559350911553
4.649622395833331	31.79958905310753
4.749622395833331	32.60978816826519
4.849622395833331	33.42441473749542
4.94962239583333	34.24356306193693
5.04962239583333	35.067410185983974
5.14962239583333	35.896109668982064
5.249622395833329	36.72980944621185
5.349622395833329	37.56857922524237
5.4496223958333285	38.412694385669816
5.549622395833328	39.26214311958566
5.649622395833328	40.11720878517421
5.7496223958333275	40.9780097651398
5.849622395833327	41.844714333616096
5.949622395833327	42.7174337680047
6.049622395833326	43.596368744440966
6.149622395833326	44.481748909262585
6.249622395833326	45.373740673273794
6.349622395833325	46.27240958481943
6.449622395833325	47.17789151832939
6.549622395833325	48.09040347093428
6.649622395833324	49.010099905401454
6.749622395833324	49.93712757649795
6.8496223958333236	50.871646334332134
6.949622395833323	51.81378016562576
7.049622395833323	52.76368002885753
7.1496223958333225	53.721438332068814
7.249622395833322	54.687262268999255
7.349622395833322	55.661283860725085
7.449622395833321	56.643494929197246
7.549622395833321	57.633980679247124
7.649622395833321	58.632871777907695
7.74962239583332	59.64023717895165
7.84962239583332	60.656243799719896
7.94962239583332	61.68087057117086
8.04962239583332	62.71405278008172
8.149622395833319	63.755834447092184
8.249622395833319	64.80626841673529
8.349622395833318	65.86525564602617
8.449622395833318	66.93267395329222
8.549622395833318	68.0084524405946
8.649622395833317	69.0927024604405
8.749622395833317	70.18541193594206
8.849622395833316	71.28631064487477
8.949622395833316	72.39538918955049
9.049622395833316	73.512432186977
9.149622395833315	74.63725806099568
9.249622395833315	75.76977143896535
9.349622395833315	76.90965762126339
9.449622395833314	78.05663599806623
9.549622395833314	79.21073496354866
9.649622395833314	80.37166183448035
9.749622395833313	81.53634697895103
9.849622395833313	82.70175900040262
9.949622395833313	83.86788991000755
10.049622395833312	85.03468761584341
10.149622395833312	86.20218210176778
10.249622395833311	87.37032727017221
10.349622395833311	88.5390616609978
10.44962239583331	89.7083895851021
10.54962239583331	90.87822439423324
10.64962239583331	92.04863081095105
10.74962239583331	93.21952210749558
10.84962239583331	94.39080804617478
10.949622395833309	95.56245169440473
11.049622395833309	96.73441553961142
11.149622395833308	97.9065951354539
11.249622395833308	98.79460271746322
11.349622395833308	99.63487268298339
11.449622395833307	100.47514264850354
11.549622395833307	101.31541261402369
11.649622395833306	102.1556827029597
11.749622395833306	102.99595263670122
11.849622395833306	103.83622251061671
11.949622395833305	104.67649267914709
12.049622395833305	105.5498302063062
12.149622395833305	106.42329310751651
12.249622395833304	107.2967559287967
12.349622395833304	108.17021889768654
12.449622395833304	109.04368178594999
12.549622395833303	109.91714467421365
12.56	110.00778923139347
1000012.56	110.00778923139347
