-100000	0
-0.0000000000000017763568394002505	0
0.003333333333331557	0.008308459181543196
0.008333333333331557	0.02099214916189745
0.015833333333331555	0.04051204358018939
0.027083333333331554	0.07089583233966913
0.04395833333333156	0.11884439142349949
0.06927083333333156	0.19532231491362076
0.10723958333333156	0.318957747841382
0.16419270833333155	0.5212101678274823
0.24962239583333157	0.8557199024900245
0.34962239583333155	1.2858614240618096
0.4496223958333315	1.7499749163751948
0.5496223958333315	2.242374798837692
0.6496223958333315	2.7590414457650274
0.7496223958333315	3.2966563302736684
0.8496223958333314	3.8525998490006765
0.9496223958333314	4.424659682936957
1.0496223958333315	5.011054530931469
1.1496223958333316	5.610209044004227
1.2496223958333317	6.220615198340656
1.3496223958333318	6.840565861380544
1.4496223958333319	7.469343990424148
1.549622395833332	8.106282208658813
1.649622395833332	8.750881047279186
1.7496223958333321	9.402451360558445
1.8496223958333322	10.060721027937117
1.9496223958333323	10.725120438626712
2.049622395833332	11.395327957906241
2.1496223958333323	12.070884680870893
2.2496223958333323	12.751429991243464
2.3496223958333324	13.436746200404901
2.4496223958333325	14.126532892886525
2.5496223958333326	14.820506535507208
2.6496223958333327	15.518574638577569
2.749622395833333	16.220505495318385
2.849622395833333	16.92620124053006
2.949622395833333	17.635454360772588
3.049622395833333	18.348262051953256
3.149622395833333	19.064456353114508
3.2496223958333332	19.784010205056603
3.3496223958333333	20.506975420498353
3.4496223958333334	21.233312893937303
3.5496223958333335	21.962980882893202
3.6496223958333336	22.69602428298114
3.7496223958333337	23.432476629635094
3.8496223958333338	24.17241348902272
3.949622395833334	24.915864523202462
4.0496223958333335	25.662851496091392
4.149622395833333	26.413512602471556
4.249622395833333	27.167985681252436
4.349622395833332	27.926286403717366
4.449622395833332	28.68847985586997
4.549622395833332	29.454783320327774
4.649622395833331	30.225287965044195
4.749622395833331	31.00012647509966
4.849622395833331	31.77948401782249
4.94962239583333	32.56345762980824
5.04962239583333	33.35225749283336
5.14962239583333	34.14600055802412
5.249622395833329	34.944932122008424
5.349622395833329	35.74907064947926
5.4496223958333285	36.5587511890594
5.549622395833328	37.37398690868023
5.649622395833328	38.19507944862775
5.7496223958333275	39.022160159840645
5.849622395833327	39.85533027422353
5.949622395833327	40.694821656646376
6.049622395833326	41.54084564540195
6.149622395833326	42.39358603918832
6.249622395833326	43.25323411821986
6.349622395833325	44.11998884181888
6.449622395833325	44.994033414745566
6.549622395833325	45.87552525092568
6.649622395833324	46.76464180652211
6.749622395833324	47.661555526669986
6.8496223958333236	48.566449628725884
6.949622395833323	49.479494721006
7.049622395833323	50.400820371277064
7.1496223958333225	51.33058430892965
7.249622395833322	52.26895133401432
7.349622395833322	53.21606217484836
7.449622395833321	54.172037965179506
7.549622395833321	55.136946227983465
7.649622395833321	56.11095043100661
7.74962239583332	57.09410773050691
7.84962239583332	58.08658500629413
7.94962239583332	59.08839783644948
8.04962239583332	60.09957334325862
8.149622395833319	61.12015797761292
8.249622395833319	62.15015250446949
8.349622395833318	63.189525622923746
8.449622395833318	64.23819812247655
8.549622395833318	65.29605715686236
8.649622395833317	66.36317831552785
8.749622395833317	67.43957660753578
8.849622395833316	68.52498138358602
8.949622395833316	69.61935412949867
9.049622395833316	70.72248761851783
9.149622395833315	71.83423967672057
9.249622395833315	72.95445272370563
9.349622395833315	74.08287644155634
9.449622395833314	75.21920980711141
9.549622395833314	76.36329147606281
9.649622395833314	77.5148816077075
9.749622395833313	78.67080448675185
9.849622395833313	79.82795569404787
9.949622395833313	80.98627641469854
10.049622395833312	82.14571521886188
10.149622395833312	83.30630764465853
10.249622395833311	84.46801375417083
10.349622395833311	85.63075706188752
10.44962239583331	86.79447927694605
10.54962239583331	87.95909014326554
10.64962239583331	89.12465290432141
10.74962239583331	90.29104847494887
10.84962239583331	91.45817145406532
10.949622395833309	92.62597828107512
11.049622395833309	93.79438444590417
11.149622395833308	94.9632877172255
11.249622395833308	95.82486671848196
11.349622395833308	96.63479666480679
11.449622395833307	97.44472661113166
11.549622395833307	98.25465657779445
11.649622395833306	99.06458674045165
11.749622395833306	99.8745166758541
11.849622395833306	100.68444669057624
11.949622395833305	101.4943765770109
12.049622395833305	102.33816959792831
12.149622395833305	103.18209090914686
12.249622395833304	104.02601229202634
12.349622395833304	104.86993354023421
12.449622395833304	105.71385486059458
12.549622395833303	106.55777618095496
12.56	106.64535465259854
1000012.56	106.64535465259854
