-100000	0
-0.0000000000000017763568394002505	0
0.003333333333331557	0.007363656802716577
0.008333333333331557	0.018619125139070603
0.015833333333331555	0.0359751631076956
0.027083333333331554	0.06307426827965625
0.04395833333333156	0.10604052962173777
0.06927083333333156	0.17494589820943132
0.10723958333333156	0.28703984818641354
0.16419270833333155	0.4717369313642627
0.24962239583333157	0.7796017033461619
0.34962239583333155	1.1782824194356336
0.4496223958333315	1.6107261781143933
0.5496223958333315	2.0713949730870977
0.6496223958333315	2.556154979891869
0.7496223958333315	3.0618499561624066
0.8496223958333314	3.5858591127813195
0.9496223958333314	4.125963701506196
1.0496223958333315	4.680395477968102
1.1496223958333316	5.247594055993858
1.2496223958333317	5.825895592966455
1.3496223958333318	6.413644056618651
1.4496223958333319	7.010083036065362
1.549622395833332	7.614655322070056
1.649622395833332	8.226737822179157
1.7496223958333321	8.845739584459974
1.8496223958333322	9.471208359727022
1.9496223958333323	10.10256472736854
2.049622395833332	10.739564334283077
2.1496223958333323	11.381741253801938
2.2496223958333323	12.028802430705875
2.3496223958333324	12.680450687302807
2.4496223958333325	13.33637886463215
2.5496223958333326	13.996322134893294
2.6496223958333327	14.660157504959306
2.749622395833333	15.327703014611487
2.849622395833333	15.99878170180417
2.949622395833333	16.67321694514193
3.049622395833333	17.351065439212064
3.149622395833333	18.03216102612868
3.2496223958333332	18.716440884603575
3.3496223958333333	19.40395836102509
3.4496223958333334	20.094729585166835
3.5496223958333335	20.788695255372
3.6496223958333336	21.485891066689767
3.7496223958333337	22.18637415651773
3.8496223958333338	22.890232350348615
3.949622395833334	23.597513642871615
4.0496223958333335	24.308254861954804
4.149622395833333	25.02256503048104
4.249622395833333	25.740638512919645
4.349622395833332	26.46251888561314
4.449622395833332	27.18824743229627
4.549622395833332	27.918073638758177
4.649622395833331	28.65208413295516
4.749622395833331	29.390455162228438
4.849622395833331	30.133344956507845
4.94962239583333	30.880915067526335
5.04962239583333	31.63334062029805
5.14962239583333	32.39078976461591
5.249622395833329	33.153518557333605
5.349622395833329	33.92157997087091
5.4496223958333285	34.695292559672964
5.549622395833328	35.47475516791543
5.649622395833328	36.260205178220055
5.7496223958333275	37.05189441913082
5.849622395833327	37.84988007849983
5.949622395833327	38.65442491083292
6.049622395833326	39.465695118673
6.149622395833326	40.283955237667186
6.249622395833326	41.10941665013805
6.349622395833325	41.94229899772165
6.449622395833325	42.782852708396405
6.549622395833325	43.63123497562351
6.649622395833324	44.48757987792065
6.749622395833324	45.35212329503469
6.8496223958333236	46.22507965627543
6.949622395833323	47.10666436139129
7.049622395833323	47.99701566416229
7.1496223958333225	48.896336707821035
7.249622395833322	49.8047833116941
7.349622395833322	50.72263004408776
7.449622395833321	51.64995557677768
7.549622395833321	52.586831894927755
7.649622395833321	53.533396749463456
7.74962239583332	54.48982234510854
7.84962239583332	55.45618393916199
7.94962239583332	56.43267940794282
8.04962239583332	57.41923467084728
8.149622395833319	58.41581065431105
8.249622395833319	59.4225002639765
8.349622395833318	60.43935876672691
8.449622395833318	61.46635946866149
8.549622395833318	62.50333920956747
8.649622395833317	63.550370611641966
8.749622395833317	64.60746825515153
8.849622395833316	65.67436533435617
8.949622395833316	66.75100523472452
9.049622395833316	67.83717129193518
9.149622395833315	68.9327302627471
9.249622395833315	70.0374792991803
9.349622395833315	71.15117367579157
9.449622395833314	72.2735178692002
9.549622395833314	73.40435536909341
9.649622395833314	74.54335908710092
9.749622395833313	75.68738104441879
9.849622395833313	76.83318641578668
9.949622395833313	77.98074189268453
10.049622395833312	79.13001474833499
10.149622395833312	80.28099099560178
10.249622395833311	81.43362459720862
10.349622395833311	82.58782069249399
10.44962239583331	83.74352142455677
10.54962239583331	84.90058541437038
10.64962239583331	86.05912620457565
10.74962239583331	87.21900817387387
10.84962239583331	88.38008508901817
10.949622395833309	89.54223529224477
11.049622395833309	90.70536490032895
11.149622395833308	91.86937900173999
11.249622395833308	92.70431055587532
11.349622395833308	93.48390049009052
11.449622395833307	94.26349040008397
11.549622395833307	95.04308057554128
11.649622395833306	95.8226705267239
11.749622395833306	96.6022604779063
11.849622395833306	97.38185051376965
11.949622395833305	98.16144049259707
12.049622395833305	98.97568887548667
12.149622395833305	99.79006860388239
12.249622395833304	100.60444841808994
12.349622395833304	101.4188280929725
12.449622395833304	102.23320782101808
12.549622395833303	103.04758757494139
12.56	103.13210034885729
1000012.56	103.13210034885729
