-100000	0
-0.0000000000000017763568394002505	0
0.003333333333331557	0.006483027613497346
0.008333333333331557	0.016411638157894183
0.015833333333331555	0.03176249847859721
0.027083333333331554	0.055812026893034335
0.04395833333333156	0.09411805817339446
0.06927083333333156	0.1559001568024621
0.10723958333333156	0.257129499274225
0.16419270833333155	0.42523287550067873
0.24962239583333157	0.7077768163935366
0.34962239583333155	1.0764197293781845
0.4496223958333315	1.4785035257322687
0.5496223958333315	1.9086063095304437
0.6496223958333315	2.362587394247991
0.7496223958333315	2.83737004964962
0.8496223958333314	3.3303849377959236
0.9496223958333314	3.83939600192531
1.0496223958333315	4.362661436532887
1.1496223958333316	4.89856037408607
1.2496223958333317	5.445426573921693
1.3496223958333318	6.001550955856703
1.4496223958333319	6.566230970458752
1.549622395833332	7.1388280412404805
1.649622395833332	7.71875130408155
1.7496223958333321	8.305485443416886
1.8496223958333322	8.898449943133327
1.9496223958333323	9.497092180020442
2.049622395833332	10.101173429475393
2.1496223958333323	10.710191462011565
2.2496223958333323	11.323892753849552
2.3496223958333324	11.941950513718282
2.4496223958333325	12.564051388845954
2.5496223958333326	13.189952548512125
2.6496223958333327	13.819493893205886
2.749622395833333	14.45253145326392
2.849622395833333	15.088877252806576
2.949622395833333	15.728342741942226
3.049622395833333	16.37099159457543
3.149622395833333	17.01670051258876
3.2496223958333332	17.66537371029686
3.3496223958333333	18.31706675670702
3.4496223958333334	18.97182506954971
3.5496223958333335	19.629597823424884
3.6496223958333336	20.29042275857861
3.7496223958333337	20.954356356200538
3.8496223958333338	21.62148648576116
3.949622395833334	22.291920778890706
4.0496223958333335	22.96571042565619
4.149622395833333	23.64289404584622
4.249622395833333	24.32365605191844
4.349622395833332	25.00813199977146
4.449622395833332	25.69644843811035
4.549622395833332	26.38882581186877
4.649622395833331	27.085389364116054
4.749622395833331	27.7861898626402
4.849622395833331	28.49156347680842
4.94962239583333	29.201611661377488
5.04962239583333	29.916438538753198
5.14962239583333	30.63642038756596
5.249622395833329	31.361610439981625
5.349622395833329	32.092209797151256
5.4496223958333285	32.828574008587395
5.549622395833328	33.57071402417377
5.649622395833328	34.31899767650127
5.7496223958333275	35.073672654679775
5.849622395833327	35.83474635766967
5.949622395833327	36.602551484617905
6.049622395833326	37.377264453706005
6.149622395833326	38.159191718484095
6.249622395833326	38.948544024066
6.349622395833325	39.745554879037954
6.449622395833325	40.550445655003095
6.549622395833325	41.36353301408658
6.649622395833324	42.184975723688936
6.749622395833324	43.01495366541573
6.8496223958333236	43.85369848431502
6.949622395833323	44.701476077707675
7.049622395833323	45.55846768841724
7.1496223958333225	46.42486091698838
7.249622395833322	47.30087675825855
7.349622395833322	48.18672978360167
7.449622395833321	49.08260435899611
7.549622395833321	49.98862228155568
7.649622395833321	50.90496718804737
7.74962239583332	51.831776587078096
7.84962239583332	52.76916033020632
7.94962239583332	53.717376065431345
8.04962239583332	54.67638673388919
8.149622395833319	55.64612158452591
8.249622395833319	56.62671202165907
8.349622395833318	57.618189433514765
8.449622395833318	58.620536350658966
8.549622395833318	59.63361329350311
8.649622395833317	60.65749091894055
8.749622395833317	61.69221253429914
8.849622395833316	62.73749280617496
8.949622395833316	63.79328597969146
9.049622395833316	64.85934194972836
9.149622395833315	65.93553886443803
9.249622395833315	67.02164499082077
9.349622395833315	68.11739863040445
9.449622395833314	69.22249096022234
9.549622395833314	70.3367790139672
9.649622395833314	71.45990582763751
9.749622395833313	72.58877781567507
9.849622395833313	73.72011590072465
9.949622395833313	74.85391943145385
10.049622395833312	75.9901638013999
10.149622395833312	77.12875340415485
10.249622395833311	78.26966652887067
10.349622395833311	79.41284605458522
10.44962239583331	80.55821728455359
10.54962239583331	81.70563234742096
10.64962239583331	82.85500493941535
10.74962239583331	84.00621973880833
10.84962239583331	85.15925359041469
10.949622395833309	86.31390592601532
11.049622395833309	87.47005164574499
11.149622395833308	88.6275989813455
11.249622395833308	89.43567024886903
11.349622395833308	90.18492005377917
11.449622395833307	90.93417027196283
11.549622395833307	91.6834202330689
11.649622395833306	92.43267019417493
11.749622395833306	93.18192015528106
11.849622395833306	93.93117009418567
11.949622395833305	94.68042015068448
12.049622395833305	95.46512396098063
12.149622395833305	96.24996218505797
12.249622395833304	97.03480034295262
12.349622395833304	97.81963850084719
12.449622395833304	98.60447658886864
12.549622395833303	99.3893147810805
12.56	99.47076218172052
1000012.56	99.47076218172052
