-100000	0
-0.0000000000000017763568394002505	0
0.003333333333331557	0.005669156409690006
0.008333333333331557	0.01436769469613829
0.015833333333331555	0.027852341627113423
0.027083333333331554	0.04906040262850681
0.04395833333333156	0.08303597989288801
0.06927083333333156	0.1382116785160657
0.10723958333333156	0.22931270068405865
0.16419270833333155	0.38187530396056524
0.24962239583333157	0.6405844323999281
0.34962239583333155	0.9807320635454951
0.4496223958333315	1.3538570759501913
0.5496223958333315	1.754651031014812
0.6496223958333315	2.179092964277357
0.7496223958333315	2.6240734012831983
0.8496223958333314	3.087051834902145
0.9496223958333314	3.5658810192993013
1.0496223958333315	4.05874321555709
1.1496223958333316	4.564089829243939
1.2496223958333317	5.080121612722209
1.3496223958333318	5.605269133810775
1.4496223958333319	6.138782064451166
1.549622395833332	6.679981908879567
1.649622395833332	7.228243847671044
1.7496223958333321	7.783130499761836
1.8496223958333322	8.344030358168306
1.9496223958333323	8.91046975002571
2.049622395833332	9.481982340236122
2.1496223958333323	10.058134208240348
2.2496223958333323	10.638703304393943
2.3496223958333324	11.223344268556746
2.4496223958333325	11.811747451908829
2.5496223958333326	12.403699338036557
2.6496223958333327	12.99898385930248
2.749622395833333	13.597494594481947
2.849622395833333	14.19904193412009
2.949622395833333	14.803424866481938
3.049622395833333	15.41071095561998
3.149622395833333	16.020819766407463
3.2496223958333332	16.633623742911375
3.3496223958333333	17.249193512572255
3.4496223958333334	17.86758244157439
3.5496223958333335	18.488756067994256
3.6496223958333336	19.112757521714776
3.7496223958333337	19.739647432986914
3.8496223958333338	20.369499239991377
3.949622395833334	21.002407157711183
4.0496223958333335	21.63849081219479
4.149622395833333	22.277848404570673
4.249622395833333	22.92063330064016
4.349622395833332	23.566969316797525
4.449622395833332	24.21702326948571
4.549622395833332	24.870992234547785
4.649622395833331	25.529066911298422
4.749622395833331	26.191291714672893
4.849622395833331	26.85798193849127
4.94962239583333	27.52932007425657
5.04962239583333	28.20536852466602
5.14962239583333	28.88653632700774
5.249622395833329	29.572937078686955
5.349622395833329	30.264694082634108
5.4496223958333285	30.962258164597287
5.549622395833328	31.665665714137106
5.649622395833328	32.375152214987395
5.7496223958333275	33.09112082588183
5.849622395833327	33.8136222926424
5.949622395833327	34.5429971063315
6.049622395833326	35.279393550508516
6.149622395833326	36.0231580967366
6.249622395833326	36.77450473340038
6.349622395833325	37.53372771424631
6.449622395833325	38.30103400017813
6.549622395833325	39.07674196139614
6.649622395833324	39.861124264170485
6.749622395833324	40.654369260564806
6.8496223958333236	41.456681134540126
6.949622395833323	42.26837996492201
7.049622395833323	43.089689283037444
7.1496223958333225	43.92077313785046
7.249622395833322	44.761930092619174
7.349622395833322	45.61330735921131
7.449622395833321	46.47516809206867
7.549622395833321	47.347693507481175
7.649622395833321	48.231145262058035
7.74962239583332	49.125620685651576
7.84962239583332	50.03123196311305
7.94962239583332	50.948135711292906
8.04962239583332	51.876444654042544
8.149622395833319	52.81626555937719
8.249622395833319	53.76773309531612
8.349622395833318	54.73082130096784
8.449622395833318	55.7054617453277
8.549622395833318	56.691548360856096
8.649622395833317	57.68914419145412
8.749622395833317	58.69832776032152
8.849622395833316	59.71881956513738
8.949622395833316	60.750565375712256
9.049622395833316	61.79329427142593
9.149622395833315	62.84689198507344
9.249622395833315	63.911093174118086
9.349622395833315	64.98562238653727
9.449622395833314	66.07015669775862
9.549622395833314	67.16451951936658
9.649622395833314	68.26833464578858
9.749622395833313	69.37859533062387
9.849622395833313	70.49220723719134
9.949622395833313	71.6091427563808
10.049622395833312	72.7294255402669
10.149622395833312	73.85290065796653
10.249622395833311	74.97944087209852
10.349622395833311	76.10896554137794
10.44962239583331	77.24144577778208
10.54962239583331	78.37678125570574
10.64962239583331	79.51474158199609
10.74962239583331	80.6552706390042
10.84962239583331	81.79827950354198
10.949622395833309	82.94361629207745
11.049622395833309	84.09111766945733
11.149622395833308	85.2405982619647
11.249622395833308	86.02158367910017
11.349622395833308	86.74049393920563
11.449622395833307	87.45940391057252
11.549622395833307	88.1783138819393
11.649622395833306	88.8972238533059
11.749622395833306	89.6161337063414
11.849622395833306	90.33504393774868
11.949622395833305	91.0539538430879
12.049622395833305	91.80911310416619
12.149622395833305	92.56440972189844
12.249622395833304	93.31970630084585
12.349622395833304	94.07500287979337
12.449622395833304	94.83029943179963
12.549622395833303	95.58559592874526
12.56	95.66397763785007
1000012.56	95.66397763785007
