-100000	0
0.0012883249521244977	0
0.004621658285457832	0.000017257321254849296
0.009621658285457833	0.00012727343432031676
0.017121658285457832	0.000563949826426861
0.028371658285457832	0.0020197401230738683
0.04524665828545783	0.006102808114477634
0.07055915828545783	0.01574678262228529
0.10852790828545783	0.03637087889417666
0.16548103328545782	0.07805748002267698
0.25091072078545784	0.1590704544752079
0.3509107207854578	0.27534344674204797
0.4509107207854578	0.4092096921364733
0.5509107207854578	0.5568075924110731
0.6509107207854578	0.7152910335829116
0.7509107207854577	0.8824452817332299
0.8509107207854577	1.0564832044281975
0.9509107207854577	1.2359216695562012
1.0509107207854578	1.4194613510954988
1.1509107207854579	1.6061032147347845
1.250910720785458	1.7948646533450097
1.350910720785458	1.9849609511508672
1.4509107207854581	2.175722190017429
1.5509107207854582	2.36654098481651
1.6509107207854583	2.5568994756410883
1.7509107207854584	2.746377742717642
1.8509107207854585	2.934481903271279
1.9509107207854586	3.1209828165260443
2.0509107207854584	3.3055595325246596
2.1509107207854585	3.488033023353645
2.2509107207854586	3.6683419221501103
2.3509107207854587	3.8463891468207527
2.450910720785459	4.022091591715835
2.550910720785459	4.195458817933497
2.650910720785459	4.366549945310255
2.750910720785459	4.5354611571687675
2.850910720785459	4.702356738874734
2.9509107207854592	4.867481765567452
3.0509107207854593	5.031134600659594
3.1509107207854594	5.193684754562451
3.2509107207854595	5.355596648938415
3.3509107207854596	5.517396613807902
3.4509107207854597	5.679689972798844
3.5509107207854598	5.843282953956511
3.65091072078546	6.009065664183884
3.75091072078546	6.178042351503595
3.85091072078546	6.351435988056536
3.95091072078546	6.530654874764674
4.05091072078546	6.71730619662489
4.150910720785459	6.913300794924106
4.250910720785459	7.12079007508165
4.350910720785459	7.34225875723804
4.450910720785458	7.580591336299729
4.550910720785458	7.838779558057514
4.650910720785458	8.118408511831083
4.750910720785457	8.42056504108562
4.850910720785457	8.749871034420327
4.950910720785457	9.105233912138154
5.050910720785456	9.48732052291596
5.150910720785456	9.896051322316325
5.2509107207854555	10.331588339607459
5.350910720785455	10.793916759837703
5.450910720785455	11.282963207220876
5.5509107207854544	11.799266344555
5.650910720785454	12.342212849391013
5.750910720785454	12.911103021598214
5.850910720785453	13.505311503409557
5.950910720785453	14.12407313322793
6.050910720785453	14.76668005632938
6.150910720785452	15.432371062921467
6.250910720785452	16.120154118509742
6.350910720785452	16.829380140108633
6.450910720785451	17.559044072521427
6.550910720785451	18.30843294118396
6.6509107207854505	19.07665738210594
6.75091072078545	19.862901454717516
6.85091072078545	20.666422215531114
6.9509107207854495	21.486433142822936
7.050910720785449	22.32227025453362
7.150910720785449	23.1732161488749
7.250910720785448	24.038626300148866
7.350910720785448	24.91783020701863
7.450910720785448	25.810230875956716
7.550910720785447	26.715305718145583
7.650910720785447	27.632423904467334
7.750910720785447	28.561038552795488
7.850910720785446	29.500656154578447
7.950910720785446	30.45072955527059
8.050910720785446	31.410938261772586
8.150910720785445	32.380621468657715
8.250910720785445	33.359478828353176
8.350910720785444	34.3470327511161
8.450910720785444	35.3429127445914
8.550910720785444	36.346771735791954
8.650910720785443	37.35820763765064
8.750910720785443	38.37682358426329
8.850910720785443	39.4022859429507
8.950910720785442	40.434259872550925
9.050910720785442	41.47238054734457
9.150910720785442	42.516449187512855
9.250910720785441	43.56611862211798
9.350910720785441	44.62109663587075
9.45091072078544	45.6810575900331
9.55091072078544	46.745791558071566
9.65091072078544	47.81499467219127
9.75091072078544	48.88844661344555
9.85091072078544	49.96585811829718
9.950910720785439	51.047024644260915
10.050910720785438	52.1317400117846
10.150910720785438	53.21966639637722
10.250910720785438	54.31063971468491
10.350910720785437	55.404496229759545
10.450910720785437	56.50088927392519
10.550910720785437	57.599718541576436
10.650910720785436	58.70062879487897
10.750910720785436	59.80351022151722
10.850910720785436	60.90819008508551
10.950910720785435	62.01428789381124
11.050910720785435	63.12180035024578
11.150910720785435	64.2304312044066
11.250910720785434	65.33998191565188
11.350910720785434	66.45037095968557
11.450910720785433	67.56122576746921
11.550910720785433	68.6724542483136
11.650910720785433	69.7839626458392
11.750910720785432	70.89539136937233
11.850910720785432	72.00664809846019
11.950910720785432	73.11755558032567
12.050910720785431	74.22793854034838
12.150910720785431	75.33751516796272
12.25091072078543	76.44621339814728
12.35091072078543	77.55386808074977
12.45091072078543	78.66030729832964
12.55091072078543	79.7653105825633
12.65091072078543	80.82954091020582
12.750910720785429	81.57803911843048
12.850910720785429	82.32653572725333
12.950910720785428	83.07503239656587
13.050910720785428	83.82352912637008
13.150910720785427	84.57202591666834
13.250910720785427	85.3205227674626
13.350910720785427	86.06901967875523
13.450910720785426	86.81751665054745
13.550910720785426	87.56601368284204
13.650910720785426	88.3145107756412
13.750910720785425	89.06300792894663
13.850910720785425	89.8115051427606
13.950910720785425	90.56000241708522
14.050910720785424	91.30849975192275
14.150910720785424	92.05699714727464
14.250910720785424	92.80549460314383
14.350910720785423	93.55399211953188
14.450910720785423	94.30248969644121
14.550910720785422	95.05098733387332
14.650910720785422	95.80524635363739
14.750910720785422	96.56509328449212
14.850910720785421	97.32494027579077
14.950910720785421	98.08456595574106
15.05091072078542	98.81956719793243
15.15091072078542	99.5545684401243
15.25091072078542	100.28956702195039
15.35091072078542	101.02456717762833
15.45091072078542	101.75956733330644
15.550910720785419	102.4945674889835
15.650910720785419	103.22956764466247
15.750910720785418	103.96456780033975
15.850910720785418	104.69956795601834
15.950910720785417	105.43456811169582
16.050910720785417	106.16956826737346
16.15091072078542	106.90456842305177
16.25091072078542	107.63956857872917
16.35091072078542	108.37456873440716
16.450910720785423	109.10956889008517
16.550910720785424	109.84456904576292
16.650910720785426	110.57949750517562
16.750910720785427	111.31449837718542
16.85091072078543	112.04949924919673
16.95091072078543	112.78450012120737
17.05091072078543	113.51950099321826
17.150910720785433	114.25450186522875
17.250910720785434	114.98950273723999
17.350910720785436	115.72450360925082
17.450910720785437	116.4595044812612
17.55091072078544	117.1944328213102
17.65091072078544	117.92943466623394
17.75091072078544	118.66443651115758
17.850910720785443	119.39943835608159
17.950910720785444	120.13444020100486
18.050910720785446	120.86935009218848
18.150910720785447	121.60435314652904
18.25091072078545	122.33935620086922
18.35091072078545	123.07435925520893
18.45091072078545	123.8092519017575
18.550910720785453	124.54425637188659
18.650910720785454	125.27926084201496
18.750910720785456	126.0142653121433
18.850910720785457	126.74926978227185
18.95091072078546	127.48427425240041
19.05091072078546	128.21927872252888
19.15091072078546	128.95428319265739
19.250910720785463	129.68928486961863
19.350910720785464	130.424289051611
19.450910720785465	131.15929323360365
19.550910720785467	131.89429741559644
19.65091072078547	132.62930159758946
19.75091072078547	133.36430577958157
19.85091072078547	134.0993013128546
19.950910720785473	134.83430474121536
20.050910720785474	135.56929858186277
20.150910720785475	135.13239628294002
20.250910720785477	136.9674505453445
20.35091072078548	136.91405202338018
20.45091072078548	138.63173431847602
20.55091072078548	139.3666999095582
20.650910720785483	140.10167537371441
20.750910720785484	140.8366508378702
20.850910720785485	141.57163559649314
20.950910720785487	142.30662314539762
21.050910720785488	143.04158329859303
21.15091072078549	143.77658422996208
21.25091072078549	144.51158516133015
21.350910720785492	145.24658609269798
21.450910720785494	145.9815870240658
21.550910720785495	146.7165879554336
21.650910720785497	147.45158888680214
21.750910720785498	148.18658981817032
21.8509107207855	148.92159074953864
21.9509107207855	149.65659168090636
22.050910720785502	150.39159261227462
22.150910720785504	151.12659354364249
22.250910720785505	151.86159447501046
22.350910720785507	152.59659540637853
22.450910720785508	153.33159633774684
22.55091072078551	154.06659726911414
22.65091072078551	154.80159820048226
22.75	155.53024135024637
1000022.75	155.53024135024637
