-100000	0
-0.0000000000000017763568394002505	0
0.003333333333331557	0.0049267934380664785
0.008333333333331557	0.012505257183244484
0.015833333333331555	0.02429468726484359
0.027083333333331554	0.042920692324487725
0.04395833333333156	0.07292780541896994
0.06927083333333156	0.12201103362764129
0.10723958333333156	0.2037291988960826
0.16419270833333155	0.34185635292416056
0.24962239583333157	0.5781994284764025
0.34962239583333155	0.8914563291902162
0.4496223958333315	1.2372054951046059
0.5496223958333315	1.610098236631566
0.6496223958333315	2.006276155958377
0.7496223958333315	2.4226847734076955
0.8496223958333314	2.8567885821210646
0.9496223958333314	3.30643705495108
1.0496223958333315	3.769839104202034
1.1496223958333316	4.2455571668853915
1.2496223958333317	4.7316388331807255
1.3496223958333318	5.226592053753826
1.4496223958333319	5.729684483669207
1.549622395833332	6.240235332085266
1.649622395833332	6.7575764451425675
1.7496223958333321	7.281168755570301
1.8496223958333322	7.810489535510828
1.9496223958333323	8.34504699355038
2.049622395833332	8.884386799245911
2.1496223958333323	9.428105386803434
2.2496223958333323	9.97586757177766
2.3496223958333324	10.527342758311361
2.4496223958333325	11.082313470583616
2.5496223958333326	11.64051542497211
2.6496223958333327	12.201772723205107
2.749622395833333	12.765855127620288
2.849622395833333	13.332626584542755
2.949622395833333	13.901955387635383
3.049622395833333	14.473832171283508
3.149622395833333	15.048213909038969
3.2496223958333332	15.624993078182392
3.3496223958333333	16.204283186681717
3.4496223958333334	16.78605839309417
3.5496223958333335	17.37029991816179
3.6496223958333336	17.95716781691011
3.7496223958333337	18.546670051509874
3.8496223958333338	19.138783139025996
3.949622395833334	19.73369862532518
4.0496223958333335	20.33154376112968
4.149622395833333	20.9324489389015
4.249622395833333	21.53655809196662
4.349622395833332	22.14401732366616
4.449622395833332	22.755009117150582
4.549622395833332	23.36969872197689
4.649622395833331	23.98832418665336
4.749622395833331	24.61100572562686
4.849622395833331	25.23794681599836
4.94962239583333	25.869441304233053
5.04962239583333	26.5055687929292
5.14962239583333	27.146649485550686
5.249622395833329	27.792926995079934
5.349622395833329	28.444540625917316
5.4496223958333285	29.10183791688506
5.549622395833328	29.76502961391721
5.649622395833328	30.434247071519778
5.7496223958333275	31.109865152726492
5.849622395833327	31.79218926306878
5.949622395833327	32.48162438333409
6.049622395833326	33.177760949762586
6.149622395833326	33.88158442444735
6.249622395833326	34.59312267266428
6.349622395833325	35.31266847744499
6.449622395833325	36.04042742841115
6.549622395833325	36.77673976984762
6.649622395833324	37.5219138665752
6.749622395833324	38.276167225293165
6.8496223958333236	39.03975124463817
6.949622395833323	39.812993572616115
7.049622395833323	40.59620460019918
7.1496223958333225	41.38950453873162
7.249622395833322	42.19325396173055
7.349622395833322	43.00761881228991
7.449622395833321	43.832910234630965
7.549622395833321	44.66929781920206
7.649622395833321	45.51710722772985
7.74962239583332	46.3764352124332
7.84962239583332	47.24745985837619
7.94962239583332	48.130301796257285
8.04962239583332	49.0251651817174
8.149622395833319	49.93213939951827
8.249622395833319	50.85133335548235
8.349622395833318	51.782811969440324
8.449622395833318	52.72660237208226
8.549622395833318	53.682606671434876
8.649622395833317	54.650806267202235
8.749622395833317	55.63124283901687
8.849622395833316	56.623689936226896
8.949622395833316	57.62807994828822
9.049622395833316	58.64414138468584
9.149622395833315	59.67175100184829
9.249622395833315	60.710623465496674
9.349622395833315	61.760468611853106
9.449622395833314	62.820940680643716
9.549622395833314	63.891837516847296
9.649622395833314	64.97277014614899
9.749622395833313	66.06094946215303
9.849622395833313	67.15348140941614
9.949622395833313	68.25032190232602
10.049622395833312	69.35143680290959
10.149622395833312	70.45670760232733
10.249622395833311	71.56598668871625
10.349622395833311	72.67910845210525
10.44962239583331	73.7960905801798
10.54962239583331	74.91672780644073
10.64962239583331	76.04095601241784
10.74962239583331	77.16857202239602
10.84962239583331	78.29949503743737
10.949622395833309	79.4335542520956
11.049622395833309	80.5705887252353
11.149622395833308	81.71036706175808
11.249622395833308	82.32649679133442
11.349622395833308	82.8520312535856
11.449622395833307	83.38571262519055
11.549622395833307	84.88322953879016
11.649622395833306	84.68543822846634
11.749622395833306	86.5899409728941
11.849622395833306	90.45819966805522
11.949622395833305	86.41185375094277
12.049622395833305	87.13447747167696
12.149622395833305	87.86031757956022
12.249622395833304	88.58615768744312
12.349622395833304	89.31199779532612
12.449622395833304	90.0378379032091
12.549622395833303	90.76452912367213
12.56	90.84670476742762
1000012.56	90.84670476742762
