-100000	0
-0.0000000000000017763568394002505	0
0.003333333333331557	0.004257431471394122
0.008333333333331557	0.010821934608458934
0.015833333333331555	0.021069823707271743
0.027083333333331554	0.03734120989588164
0.04395833333333156	0.06374121166783445
0.06927083333333156	0.10727751540370666
0.10723958333333156	0.18041139689003927
0.16419270833333155	0.30523364774779677
0.24962239583333157	0.5208468592458046
0.34962239583333155	0.8090354689095384
0.4496223958333315	1.1290313356736152
0.5496223958333315	1.475641460645591
0.6496223958333315	1.844984108633437
0.7496223958333315	2.234139261091573
0.8496223958333314	2.640536759358991
0.9496223958333314	3.0621496812982034
1.0496223958333315	3.497162961581689
1.1496223958333316	3.9441201266917156
1.2496223958333317	4.401155795831133
1.3496223958333318	4.866746098498411
1.4496223958333319	5.340170748085311
1.549622395833332	5.820698857661793
1.649622395833332	6.307750463666004
1.7496223958333321	6.800745009724693
1.8496223958333322	7.299113329576141
1.9496223958333323	7.802400385819145
2.049622395833332	8.310123151615125
2.1496223958333323	8.821812658437503
2.2496223958333323	9.337223266895894
2.3496223958333324	9.855992395414948
2.4496223958333325	10.377858375452485
2.5496223958333326	10.902484636246358
2.6496223958333327	11.429862087268592
2.749622395833333	11.959722675500474
2.849622395833333	12.491909676189435
2.949622395833333	13.026315807222735
3.049622395833333	13.562886900798361
3.149622395833333	14.101454099441172
3.2496223958333332	14.64198092022191
3.3496223958333333	15.184636876748172
3.4496223958333334	15.729386209749036
3.5496223958333335	16.276272161842265
3.6496223958333336	16.825386830659603
3.7496223958333337	17.37676917189055
3.8496223958333338	17.93055330953705
3.949622395833334	18.486819274442947
4.0496223958333335	19.045712894090215
4.149622395833333	19.60743721770064
4.249622395833333	20.17203078576759
4.349622395833332	20.739748268746816
4.449622395833332	21.31081166152756
4.549622395833332	21.88520481201762
4.649622395833331	22.463268082554666
4.749622395833331	23.045154416357047
4.849622395833331	23.63119252540316
4.94962239583333	24.221438848107777
5.04962239583333	24.816233027313494
5.14962239583333	25.41582602498123
5.249622395833329	26.020396073310696
5.349622395833329	26.630319625383216
5.4496223958333285	27.245704690729546
5.549622395833328	27.866934214905214
5.649622395833328	28.49420814803225
5.7496223958333275	29.127779655562104
5.849622395833327	29.76798897735595
5.949622395833327	30.415278676829743
6.049622395833326	31.0691937967414
6.149622395833326	31.73085755243246
6.249622395833326	32.400315835495185
6.349622395833325	33.07782848691263
6.449622395833325	33.763712793505334
6.549622395833325	34.45832847148753
6.649622395833324	35.16191739992238
6.749622395833324	35.87474913767695
6.8496223958333236	36.59711553675766
6.949622395833323	37.32936613821581
7.049622395833323	38.07180914451655
7.1496223958333225	38.824672210878155
7.249622395833322	39.588300919869205
7.349622395833322	40.36294604278233
7.449622395833321	41.14890651588305
7.549622395833321	41.946261506888014
7.649622395833321	42.75549624856243
7.74962239583332	43.57669429571071
7.84962239583332	44.410120245863546
7.94962239583332	45.255959402165665
8.04962239583332	46.11441022639389
8.149622395833319	46.98545248452828
8.249622395833319	47.86935814333422
8.349622395833318	48.766199696957386
8.449622395833318	49.67598692142673
8.549622395833318	50.59866928058703
8.649622395833317	51.53421362434918
8.749622395833317	52.48256841684978
8.849622395833316	53.44364484699479
8.949622395833316	54.41728950796659
9.049622395833316	55.40327268219404
9.149622395833315	56.40142015975633
9.249622395833315	57.41141238277975
9.349622395833315	58.43301478375284
9.449622395833314	59.46585176398368
9.549622395833314	60.50963835820043
9.649622395833314	61.56398810114442
9.749622395833313	62.62638553562488
9.849622395833313	63.694373728432524
9.949622395833313	64.76780804338748
10.049622395833312	65.84664294033699
10.149622395833312	66.93074512871458
10.249622395833311	68.01993793965715
10.349622395833311	69.11404807291554
10.44962239583331	70.21299809756809
10.54962239583331	71.31662602065845
10.64962239583331	72.42483221824838
10.74962239583331	73.5373611469907
10.84962239583331	74.65415898931384
10.949622395833309	75.77504011387302
11.049622395833309	76.89990033417266
11.149622395833308	78.02844416161844
11.249622395833308	79.15755112556846
11.349622395833308	80.28176990212361
11.449622395833307	81.40074784805388
11.549622395833307	82.51410176657089
11.649622395833306	83.62211560365417
11.749622395833306	84.5971266582478
11.849622395833306	85.70364635267484
11.949622395833305	75.53434859209665
12.049622395833305	75.20806035545155
12.149622395833305	77.01841137578653
12.249622395833304	77.19866785116682
12.349622395833304	79.49779867408694
12.449622395833304	82.0391899902956
12.549622395833303	82.24885665614983
12.56	82.23360629584967
1000012.56	82.23360629584967
