-100000	0
-0.0000000000000017763568394002505	0
0.003333333333331557	0.0036650756569128118
0.008333333333331557	0.009332442218877253
0.015833333333331555	0.018213845138388148
0.027083333333331554	0.032389483204538556
0.04395833333333156	0.0555616940502355
0.06927083333333156	0.09410448223908165
0.10723958333333156	0.1594734889814106
0.16419270833333155	0.27218933180618554
0.24962239583333157	0.46881059549617793
0.34962239583333155	0.7337364910185946
0.4496223958333315	1.0296817992966367
0.5496223958333315	1.3515474690546967
0.6496223958333315	1.6955389423664131
0.7496223958333315	2.0587636790433286
0.8496223958333314	2.4386912045138707
0.9496223958333314	2.8334016524220487
1.0496223958333315	3.241100574705505
1.1496223958333316	3.6603276553388646
1.2496223958333317	4.089252538645614
1.3496223958333318	4.526435992617185
1.4496223958333319	4.971111500935286
1.549622395833332	5.422544918121938
1.649622395833332	5.880172574011272
1.7496223958333321	6.343395237984719
1.8496223958333322	6.811622189271038
1.9496223958333323	7.284403367885822
2.049622395833332	7.761226170732257
2.1496223958333323	8.241713986445484
2.2496223958333323	8.725481066868904
2.3496223958333324	9.212143904374521
2.4496223958333325	9.701469973393944
2.5496223958333326	10.19317690281105
2.6496223958333327	10.687163394791588
2.749622395833333	11.183181964783584
2.849622395833333	11.681099009810334
2.949622395833333	12.180799741945743
3.049622395833333	12.682240797765813
3.149622395833333	13.18525189566251
3.2496223958333332	13.689764524083817
3.3496223958333333	14.195893526660072
3.4496223958333334	14.703766793655134
3.5496223958333335	15.213358532451595
3.6496223958333336	15.72477319962132
3.7496223958333337	16.238051486846032
3.8496223958333338	16.75332821832505
3.949622395833334	17.27070142009786
4.0496223958333335	17.790323520619125
4.149622395833333	18.312325165192846
4.249622395833333	18.836926761948508
4.349622395833332	19.36426425602177
4.449622395833332	19.89457958201542
4.549622395833332	20.427935239103462
4.649622395833331	20.964697269823706
4.749622395833331	21.50495162231014
4.849622395833331	22.048917147220934
4.94962239583333	22.59692348744822
5.04962239583333	23.149181042352694
5.14962239583333	23.706032709047225
5.249622395833329	24.267597063535604
5.349622395833329	24.834258538792415
5.4496223958333285	25.4062183510623
5.549622395833328	25.98375131217294
5.649622395833328	26.56721840823998
5.7496223958333275	27.15679651526524
5.849622395833327	27.75294032232608
5.949622395833327	28.355706043171832
6.049622395833326	28.96558904253539
6.149622395833326	29.582801962327828
6.249622395833326	30.207775810309993
6.349622395833325	30.840731709154728
6.449622395833325	31.482065933309695
6.549622395833325	32.132089178515116
6.649622395833324	32.79111817186078
6.749622395833324	33.45956064839134
6.8496223958333236	34.13759959389613
6.949622395833323	34.825667866637225
7.049622395833323	35.523990636464546
7.1496223958333225	36.23298405292408
7.249622395833322	36.952898337701946
7.349622395833322	37.68408611296639
7.449622395833321	38.4268131252092
7.549622395833321	39.18135577750092
7.649622395833321	39.948069704732916
7.74962239583332	40.72718267992113
7.84962239583332	41.51901041669666
7.94962239583332	42.32376801387462
8.04962239583332	43.14166140592125
8.149622395833319	43.97272629059524
8.249622395833319	44.817168525002394
8.349622395833318	45.67512569085638
8.449622395833318	46.54672387732607
8.549622395833318	47.43193849717736
8.649622395833317	48.33069639843579
8.749622395833317	49.24291343041212
8.849622395833316	50.168545238611046
8.949622395833316	51.1074016280954
9.049622395833316	52.059313269859004
9.149622395833315	53.02401529846675
9.249622395833315	54.001257858931474
9.349622395833315	54.99069084191565
9.449622395833314	55.992011959278436
9.549622395833314	57.00482662924976
9.649622395833314	58.02877930426292
9.749622395833313	59.06162863688356
9.849622395833313	60.10134535339653
9.949622395833313	61.14782851372374
10.049622395833312	62.20079652861139
10.149622395833312	63.26026276551646
10.249622395833311	64.32597532393197
10.349622395833311	65.39781010703322
10.44962239583331	66.47559985266192
10.54962239583331	67.55916031178597
10.64962239583331	68.64833205511533
10.74962239583331	69.74289504432906
10.84962239583331	70.84276852676633
10.949622395833309	71.94775259732936
11.049622395833309	73.05759557652134
11.149622395833308	74.1722610516466
11.249622395833308	75.29145627019757
11.349622395833308	76.41493457777838
11.449622395833307	77.54255576034511
11.549622395833307	78.67404610107984
11.649622395833306	79.80913572783864
11.749622395833306	80.94755275736027
11.849622395833306	82.08899396080646
11.949622395833305	83.23308201953161
12.049622395833305	84.37940004132994
12.149622395833305	85.52751921856898
12.249622395833304	86.67681272718296
12.349622395833304	87.82654570119585
12.382603636363637	88.01614651786875
1000012.3826036364	88.01614651786875
