-100000	0
-0.0000000000000017763568394002505	0
0.003333333333331557	0.0031504067147444426
0.008333333333331557	0.008034443610666363
0.015833333333331555	0.015718185624556763
0.027083333333331554	0.028052752382495372
0.04395833333333156	0.04838324173939005
0.06927083333333156	0.08252851829506412
0.10723958333333156	0.1409978079906894
0.16419270833333155	0.24284164020523938
0.24962239583333157	0.4222158114684345
0.34962239583333155	0.6658400606160774
0.4496223958333315	0.9394966155795706
0.5496223958333315	1.238249269422709
0.6496223958333315	1.5583913550614916
0.7496223958333315	1.897053538769514
0.8496223958333314	2.251885220273384
0.9496223958333314	2.6209264258076397
1.0496223958333315	3.002469128069538
1.1496223958333316	3.3950693845510966
1.2496223958333317	3.79696654434807
1.3496223958333318	4.206742844147559
1.4496223958333319	4.623604023288617
1.549622395833332	5.046873727061695
1.649622395833332	5.475971807003016
1.7496223958333321	5.910270673589215
1.8496223958333322	6.349173520184309
1.9496223958333323	6.792226277184857
2.049622395833332	7.238902665961985
2.1496223958333323	7.688795569055846
2.2496223958333323	8.141519380781201
2.3496223958333324	8.596673722401835
2.4496223958333325	9.054088946349436
2.5496223958333326	9.51344367631904
2.6496223958333327	9.974559627252876
2.749622395833333	10.437236528194333
2.849622395833333	10.901361519867319
2.949622395833333	11.36680734627247
3.049622395833333	11.833491148424908
3.149622395833333	12.301342900149635
3.2496223958333332	12.770309165788216
3.3496223958333333	13.24042116932285
3.4496223958333334	13.711762274320726
3.5496223958333335	14.184416783577444
3.6496223958333336	14.658390582792025
3.7496223958333337	15.133809932207305
3.8496223958333338	15.610761170387152
3.949622395833334	16.089394431678
4.0496223958333335	16.569834865965205
4.149622395833333	17.05224005319531
4.249622395833333	17.536787444337307
4.349622395833332	18.023660997115634
4.449622395833332	18.51306006427278
4.549622395833332	19.00519401900949
4.649622395833331	19.500308472419597
4.749622395833331	19.99859732852192
4.849622395833331	20.500334893234786
4.94962239583333	21.00572180766814
5.04962239583333	21.515056084032928
5.14962239583333	22.028628224962482
5.249622395833329	22.546677654780666
5.349622395833329	23.069497951443637
5.4496223958333285	23.59734892632513
5.549622395833328	24.13045863670751
5.649622395833328	24.669231776095824
5.7496223958333275	25.213928150394285
5.849622395833327	25.764980453842682
5.949622395833327	26.322517015342964
6.049622395833326	26.88695144755899
6.149622395833326	27.45857961885886
6.249622395833326	28.037819400284167
6.349622395833325	28.624901993820973
6.449622395833325	29.22028969023417
6.549622395833325	29.824214656940637
6.649622395833324	30.437122238953005
6.749622395833324	31.05935470995389
6.8496223958333236	31.69125868087161
6.949622395833323	32.333217053999505
7.049622395833323	32.98548253491303
7.1496223958333225	33.6485138476777
7.249622395833322	34.32255403840813
7.349622395833322	35.008047572885985
7.449622395833321	35.705226611858244
7.549622395833321	36.41448008445354
7.649622395833321	37.13613381025337
7.74962239583332	37.87049833946432
7.84962239583332	38.61785686840795
7.94962239583332	39.378517600620675
8.04962239583332	40.15283474427178
8.149622395833319	40.94079853844151
8.249622395833319	41.74255101746446
8.349622395833318	42.558374336362085
8.449622395833318	43.38847389044635
8.549622395833318	44.23279768893965
8.649622395833317	45.091253647712136
8.749622395833317	45.96377589518811
8.849622395833316	46.85030929150105
8.949622395833316	47.75072930836757
9.049622395833316	48.66481279034847
9.149622395833315	49.59228817727065
9.249622395833315	50.53293921539876
9.349622395833315	51.48639254166436
9.449622395833314	52.452267193623236
9.549622395833314	53.430165043226275
9.649622395833314	54.41971679748151
9.749622395833313	55.41905855900374
9.849622395833313	56.42645221775202
9.949622395833313	57.441745092881
10.049622395833312	58.464612299312165
10.149622395833312	59.49508818542778
10.249622395833311	60.53296196528411
10.349622395833311	61.57796748359217
10.44962239583331	62.629919658013534
10.54962239583331	63.68865370651237
10.64962239583331	64.75399208628635
10.74962239583331	65.82576083332285
10.84962239583331	66.9037765600033
10.949622395833309	67.98785798976623
11.049622395833309	69.07781498697969
11.149622395833308	70.17347160731177
11.249622395833308	71.27463841985471
11.349622395833308	72.38100183597923
11.449622395833307	73.49251307268548
11.549622395833307	74.60885223390522
11.649622395833306	75.72978851915116
11.749622395833306	76.85509032843669
11.849622395833306	77.98441984491582
11.949622395833305	79.11740421501612
12.049622395833305	80.25371229792972
12.149622395833305	81.39294466438115
12.249622395833304	82.53454783287982
12.349622395833304	83.67792472615412
12.405207272727273	84.02154675123388
1000012.4052072727	84.02154675123388
