-100000	0
-0.0000000000000017763568394002505	0
0.003333333333331557	0.002717830794436725
0.008333333333331557	0.006944875872481832
0.015833333333331555	0.013624763480382364
0.027083333333331554	0.024411950704454538
0.04395833333333156	0.04232485813261942
0.06927083333333156	0.07267639949569478
0.10723958333333156	0.12513945200441376
0.16419270833333155	0.2174018944981024
0.24962239583333157	0.38133836581012287
0.34962239583333155	0.6056630507571749
0.4496223958333315	0.8588135574689649
0.5496223958333315	1.1361190755078323
0.6496223958333315	1.4340086942342403
0.7496223958333315	1.7496672384373468
0.8496223958333314	2.080799994023492
0.9496223958333314	2.4254351480625083
1.0496223958333315	2.781963925670936
1.1496223958333316	3.149022876619861
1.2496223958333317	3.524888171015111
1.3496223958333318	3.9082644060200504
1.4496223958333319	4.298369217613688
1.549622395833332	4.694468985999818
1.649622395833332	5.096002527631182
1.7496223958333321	5.5023200356600075
1.8496223958333322	5.912805129972867
1.9496223958333323	6.327012215194261
2.049622395833332	6.7443936500215935
2.1496223958333323	7.164517001738031
2.2496223958333323	7.586986292095843
2.3496223958333324	8.01138010600634
2.4496223958333325	8.437564467269796
2.5496223958333326	8.865191228717643
2.6496223958333327	9.294047365415725
2.749622395833333	9.72399193772689
2.849622395833333	10.154884699134017
2.949622395833333	10.586582139851672
3.049622395833333	11.018931105633031
3.149622395833333	11.452059948828394
3.2496223958333332	11.885841039731174
3.3496223958333333	12.320296090479076
3.4496223958333334	12.755533279233237
3.5496223958333335	13.191532074794724
3.6496223958333336	13.628358043772987
3.7496223958333337	14.0661421737235
3.8496223958333338	14.504984528804519
3.949622395833334	14.945029548259273
4.0496223958333335	15.386422030955965
4.149622395833333	15.829321314279682
4.249622395833333	16.273910406194684
4.349622395833332	16.72038361624711
4.449622395833332	17.168944762536302
4.549622395833332	17.619812772510574
4.649622395833331	18.07328580942306
4.749622395833331	18.529569707554735
4.849622395833331	18.988815076308278
4.94962239583333	19.45135902244009
5.04962239583333	19.91744974887958
5.14962239583333	20.387379906607027
5.249622395833329	20.86140941348702
5.349622395833329	21.33985861160951
5.4496223958333285	21.822986211381753
5.549622395833328	22.31116253459091
5.649622395833328	22.80463287597716
5.7496223958333275	23.303781772781573
5.849622395833327	23.808876958011993
5.949622395833327	24.320306601566905
6.049622395833326	24.838321150287353
6.149622395833326	25.36336059893125
6.249622395833326	25.895732764133136
6.349622395833325	26.4357907704739
6.449622395833325	26.983955673161347
6.549622395833325	27.540502809567485
6.649622395833324	28.105928345709287
6.749622395833324	28.68050184541216
6.8496223958333236	29.264709271869688
6.949622395833323	29.858851920585668
7.049622395833323	30.46332158270727
7.1496223958333225	31.078509074515914
7.249622395833322	31.704752714980355
7.349622395833322	32.34250284859632
7.449622395833321	32.99203485358347
7.549622395833321	33.653762627097834
7.649622395833321	34.32805864613681
7.74962239583332	35.01526806736611
7.84962239583332	35.71571063260538
7.94962239583332	36.42970898771353
8.04962239583332	37.15768091215996
8.149622395833319	37.89973466007415
8.249622395833319	38.65600200824289
8.349622395833318	39.42675301409622
8.449622395833318	40.2121223305646
8.549622395833318	41.01217437755898
8.649622395833317	41.8269582699593
8.749622395833317	42.65634723828331
8.849622395833316	43.500318543638876
8.949622395833316	44.35880669311457
9.049622395833316	45.23150804221919
9.149622395833315	46.11813383430121
9.249622395833315	47.01845973690957
9.349622395833315	47.93208088442266
9.449622395833314	48.858595547453106
9.549622395833314	49.797575639708874
9.649622395833314	50.74862062411722
9.749622395833313	51.71021101385064
9.849622395833313	52.68091707012276
9.949622395833313	53.66055712347672
10.049622395833312	54.648806771920974
10.149622395833312	55.645570624697875
10.249622395833311	56.65064553058229
10.349622395833311	57.663806266390345
10.44962239583331	58.68486398394998
10.54962239583331	59.71362465626479
10.64962239583331	60.749924597413624
10.74962239583331	61.79356975935353
10.84962239583331	62.84437466476917
10.949622395833309	63.902161567486104
11.049622395833309	64.96672824085668
11.149622395833308	66.03790798328602
11.249622395833308	67.11550950843973
11.349622395833308	68.19923348320809
11.449622395833307	69.28901968848487
11.549622395833307	70.38455742031192
11.649622395833306	71.48555008665159
11.749622395833306	72.59192227380002
11.849622395833306	73.7033114363311
11.949622395833305	74.81941852042013
12.049622395833305	75.93993918004777
12.149622395833305	77.06448594229029
12.249622395833304	78.1926399763376
12.349622395833304	79.32386568045693
12.427810909090908	79.85017319202164
1000012.4278109091	79.85017319202164
