-100000	0
-0.0000000000000017763568394002505	0
0.003333333333331557	0.0023685244078941446
0.008333333333331557	0.006064701780935252
0.015833333333331555	0.011931171047123643
0.027083333333331554	0.02145344646878124
0.04395833333333156	0.03735564805862743
0.06927083333333156	0.0645169941411561
0.10723958333333156	0.11185138682387523
0.16419270833333155	0.19581560203639103
0.24962239583333157	0.34614372108716907
0.34962239583333155	0.5531823820644425
0.4496223958333315	0.7877180511971121
0.5496223958333315	1.0452847331002655
0.6496223958333315	1.3225127310754161
0.7496223958333315	1.6166404045062435
0.8496223958333314	1.9254159906415211
0.9496223958333314	2.2469475275660598
1.0496223958333315	2.5796636550322587
1.1496223958333316	2.9222513882199728
1.2496223958333317	3.2731481546071817
1.3496223958333318	3.6311598505215112
1.4496223958333319	3.9955161761014693
1.549622395833332	4.365523665723862
1.649622395833332	4.74051654767718
1.7496223958333321	5.119861233584257
1.8496223958333322	5.502903635293043
1.9496223958333323	5.889146561410173
2.049622395833332	6.2780171139060466
2.1496223958333323	6.669209130431228
2.2496223958333323	7.062244362774728
2.3496223958333324	7.456711625215712
2.4496223958333325	7.852452437128945
2.5496223958333326	8.249129068739052
2.6496223958333327	8.646479602508558
2.749622395833333	9.044411422776523
2.849622395833333	9.442755873483808
2.949622395833333	9.841371223152601
3.049622395833333	10.240101917611188
3.149622395833333	10.639074543628686
3.2496223958333332	11.038175219079212
3.3496223958333333	11.437414083515257
3.4496223958333334	11.836888001791838
3.5496223958333335	12.23660061483648
3.6496223958333336	12.636631738547374
3.7496223958333337	13.03709307271259
3.8496223958333338	13.43809772940743
3.949622395833334	13.839790771523427
4.0496223958333335	14.242325693629576
4.149622395833333	14.64592870687833
4.249622395833333	15.050598814680457
4.349622395833332	15.456724378888843
4.449622395833332	15.86446807877978
4.549622395833332	16.274053583834807
4.649622395833331	16.685701302421332
4.749622395833331	17.09966189729472
4.849622395833331	17.51619843451003
4.94962239583333	17.935587593390554
5.04962239583333	18.358092789330218
5.14962239583333	18.784054059149398
5.249622395833329	19.21369062885121
5.349622395833329	19.64738342211195
5.4496223958333285	20.085335349273933
5.549622395833328	20.527975060340232
5.649622395833328	20.97551493712087
5.7496223958333275	21.428401862033006
5.849622395833327	21.886863810646656
5.949622395833327	22.351368286165478
6.049622395833326	22.82209217084139
6.149622395833326	23.299592843006543
6.249622395833326	23.78406991052755
6.349622395833325	24.27603647588705
6.449622395833325	24.775781838184333
6.549622395833325	25.283727103624525
6.649622395833324	25.800326667854357
6.749622395833324	26.325916143688406
6.8496223958333236	26.86093850340097
6.949622395833323	27.405680351212744
7.049622395833323	27.960698756043033
7.1496223958333225	28.526261100464083
7.249622395833322	29.102877120213204
7.349622395833322	29.69089989759659
7.449622395833321	30.290739400008462
7.549622395833321	30.902783331582594
7.649622395833321	31.527446712690573
7.74962239583332	32.1651175058114
7.84962239583332	32.81616527796028
7.94962239583332	33.48094400520034
8.04962239583332	34.159937079462196
8.149622395833319	34.85336704454418
8.249622395833319	35.56127617986591
8.349622395833318	36.28398376501212
8.449622395833318	37.0217292985616
8.549622395833318	37.77460203864711
8.649622395833317	38.542560561561444
8.749622395833317	39.32553346177024
8.849622395833316	40.12352197168845
8.949622395833316	40.93650478425554
9.049622395833316	41.76416737732228
9.149622395833315	42.60618602981218
9.249622395833315	43.46235017318484
9.349622395833315	44.33221926887413
9.449622395833314	45.2153608277955
9.549622395833314	46.11131960228866
9.649622395833314	47.019644492832505
9.749622395833313	47.939124178272735
9.849622395833313	48.868566346931026
9.949622395833313	49.80781937915109
10.049622395833312	50.75662064462522
10.149622395833312	51.71479876952733
10.249622395833311	52.682106286321144
10.349622395833311	53.65835043066401
10.44962239583331	54.64334657153801
10.54962239583331	55.63688847755677
10.64962239583331	56.63882641870093
10.74962239583331	57.64892501316252
10.84962239583331	58.667033427964576
10.949622395833309	59.693003744302544
11.049622395833309	60.726606780898734
11.149622395833308	61.76768208009824
11.249622395833308	62.81605074686221
11.349622395833308	63.871424671284466
11.449622395833307	64.93367094356522
11.549622395833307	66.0025926509239
11.649622395833306	67.0779733478339
11.749622395833306	68.15961134361822
11.849622395833306	69.24721135171315
11.949622395833305	70.3404833996933
12.049622395833305	71.43923478843483
12.149622395833305	72.54307309049592
12.249622395833304	73.65167855148756
12.349622395833304	74.76462561066211
12.449622395833304	75.48820983079318
12.450414545454546	75.4882110729717
1000012.4504145455	75.4882110729717
