-100000	0
-0.0000000000000017763568394002505	0
0.003333333333331557	0.0021026476028619366
0.008333333333331557	0.005391723665292053
0.015833333333331555	0.010628642477016203
0.027083333333331554	0.01916151546104912
0.04395833333333156	0.033462341213621884
0.06927083333333156	0.058055411744118775
0.10723958333333156	0.10114982191651256
0.16419270833333155	0.17810314645500022
0.24962239583333157	0.31673866999034056
0.34962239583333155	0.5084733893581411
0.4496223958333315	0.7262871996468611
0.5496223958333315	0.9659116037400706
0.6496223958333315	1.2240733807700002
0.7496223958333315	1.4981327534886135
0.8496223958333314	1.7859260034901272
0.9496223958333314	2.0856338565952073
1.0496223958333315	2.3957190770674996
1.1496223958333316	2.71447120557203
1.2496223958333317	3.031916871581922
1.3496223958333318	3.347404335692543
1.4496223958333319	3.6656879135422393
1.549622395833332	3.991717676237123
1.649622395833332	4.330948789059589
1.7496223958333321	4.683763979941169
1.8496223958333322	5.0402214991951455
1.9496223958333323	5.399403452770205
2.049622395833332	5.760718860051856
2.1496223958333323	6.123766097518086
2.2496223958333323	6.488161677574591
2.3496223958333324	6.85347538745558
2.4496223958333325	7.219535342592229
2.5496223958333326	7.585970742899351
2.6496223958333327	7.952624229954708
2.749622395833333	8.319272137101734
2.849622395833333	8.685775966191459
2.949622395833333	9.051993034339059
3.049622395833333	9.417820904612723
3.149622395833333	9.783260868798607
3.2496223958333332	10.148206883945331
3.3496223958333333	10.51267215922899
3.4496223958333334	10.876842611692341
3.5496223958333335	11.240741517788287
3.6496223958333336	11.604351808740045
3.7496223958333337	11.96780841318674
3.8496223958333338	12.331309987672796
3.949622395833334	12.694965756435659
4.0496223958333335	13.05890934372148
4.149622395833333	13.42338052374214
4.249622395833333	13.788322350162897
4.349622395833332	14.154207958888508
4.449622395833332	14.521178706250536
4.549622395833332	14.889465890214325
4.649622395833331	15.259312477732221
4.749622395833331	15.630974752134012
4.849622395833331	16.004715205070667
4.94962239583333	16.380773491874706
5.04962239583333	16.75957440730621
5.14962239583333	17.141243478246828
5.249622395833329	17.526152046284327
5.349622395833329	17.914662787619836
5.4496223958333285	18.30701585133756
5.549622395833328	18.70353238981881
5.649622395833328	19.104591053871534
5.7496223958333275	19.510563001762986
5.849622395833327	19.92172769381017
5.949622395833327	20.33844701938883
6.049622395833326	20.761063518858595
6.149622395833326	21.190120636088064
6.249622395833326	21.6257726800721
6.349622395833325	22.06861418088531
6.449622395833325	22.518834120214834
6.549622395833325	22.977017647673
6.649622395833324	23.443433968598843
6.749622395833324	23.91861987046257
6.8496223958333236	24.402960129434316
6.949622395833323	24.896813181157956
7.049622395833323	25.40075094214009
7.1496223958333225	25.915009588021235
7.249622395833322	26.440202649350127
7.349622395833322	26.976600407993377
7.449622395833321	27.524774209408832
7.549622395833321	28.085026686033007
7.649622395833321	28.6578504481187
7.74962239583332	29.243677760171746
7.84962239583332	29.842919891894987
7.94962239583332	30.455960153143934
8.04962239583332	31.083229577144728
8.149622395833319	31.72509958009474
8.249622395833319	32.38165226533442
8.349622395833318	33.05328954648876
8.449622395833318	33.74022375131436
8.549622395833318	34.4426042205494
8.649622395833317	35.16040557898635
8.749622395833317	35.89358148261942
8.849622395833316	36.64212318915894
8.949622395833316	37.40600451090856
9.049622395833316	38.184928384019216
9.149622395833315	38.97855207494404
9.249622395833315	39.78664309540262
9.349622395833315	40.6087342801024
9.449622395833314	41.444367509644785
9.549622395833314	42.29305832298272
9.649622395833314	43.15434077105444
9.749622395833313	44.02719062800696
9.849622395833313	44.910744644718086
9.949622395833313	45.80485429104054
10.049622395833312	46.70925987698327
10.149622395833312	47.62380539380873
10.249622395833311	48.548246025847504
10.349622395833311	49.482414241059146
10.44962239583331	50.42613299321081
10.54962239583331	51.37915218331529
10.64962239583331	52.3413655618477
10.74962239583331	53.31249953383392
10.84962239583331	54.29241586987903
10.949622395833309	55.28100102273091
11.049622395833309	56.27801429646312
11.149622395833308	57.28331340714998
11.249622395833308	58.29672020959278
11.349622395833308	59.317981477334854
11.449622395833307	60.34697204143838
11.549622395833307	61.38349243602674
11.649622395833306	62.42733124450789
11.749622395833306	63.47828100489888
11.849622395833306	64.53612449521555
11.949622395833305	65.60062026923598
12.049622395833305	66.67152569372625
12.149622395833305	67.74855348600964
12.249622395833304	68.83141079718595
12.349622395833304	69.91973223555752
12.449622395833304	70.83277401025379
12.473018181818182	70.85213454683537
1000012.4730181819	70.85213454683537
