-100000	0
-0.0000000000000017763568394002505	0
0.003333333333331557	0.001922824268685865
0.008333333333331557	0.004935100855821119
0.015833333333331555	0.009736771705465013
0.027083333333331554	0.017567588485408812
0.04395833333333156	0.03072193479723983
0.06927083333333156	0.05336194786650011
0.10723958333333156	0.09308575420512319
0.16419270833333155	0.16422427204513487
0.24962239583333157	0.2929904601286768
0.34962239583333155	0.4713726181627676
0.4496223958333315	0.6742709557632725
0.5496223958333315	0.8976262402793147
0.6496223958333315	1.11781707770947
0.7496223958333315	1.2515001206339809
0.8496223958333314	1.3366782590655766
0.9496223958333314	1.3875517098698178
1.0496223958333315	1.4121854441536041
1.1496223958333316	1.417265532210199
1.2496223958333317	1.417265532210199
1.3496223958333318	1.417265532210199
1.4496223958333319	1.417265532210199
1.549622395833332	1.417265532210199
1.649622395833332	1.417265532210199
1.7496223958333321	1.4229989045043077
1.8496223958333322	1.451378738607178
1.9496223958333323	1.5122258645505084
2.049622395833332	1.6188665245945923
2.1496223958333323	1.7952580400071472
2.2496223958333323	2.1033122918765623
2.3496223958333324	2.4404113440106485
2.4496223958333325	2.777554709330718
2.5496223958333326	3.1146793857679125
2.6496223958333327	3.4513362127424774
2.749622395833333	3.78739932573329
2.849622395833333	4.122705527186365
2.949622395833333	4.457132499516202
3.049622395833333	4.790667318083466
3.149622395833333	5.123168428262163
3.2496223958333332	5.4546124094621655
3.3496223958333333	5.78509378173324
3.4496223958333334	6.114525162124641
3.5496223958333335	6.4430171670847844
3.6496223958333336	6.770691778391955
3.7496223958333337	7.096785347486978
3.8496223958333338	7.422971713664324
3.949622395833334	7.748096832654846
4.0496223958333335	8.073710554980803
4.149622395833333	8.399216429396578
4.249622395833333	8.724806274097107
4.349622395833332	9.050654453075373
4.449622395833332	9.377050122594982
4.549622395833332	9.704193478973094
4.649622395833331	10.03231847938179
4.749622395833331	10.361751342356484
4.849622395833331	10.692671724335508
4.94962239583333	11.025401033990892
5.04962239583333	11.360309494395338
5.14962239583333	11.697561338561135
5.249622395833329	12.037640180927532
5.349622395833329	12.38057742144058
5.4496223958333285	12.726946925451418
5.549622395833328	13.077034694459075
5.649622395833328	13.431133460775468
5.7496223958333275	13.78962483606854
5.849622395833327	14.152891393202458
5.949622395833327	14.52122635285129
6.049622395833326	14.895009992713772
6.149622395833326	15.274603833444864
6.249622395833326	15.660507385148803
6.349622395833325	16.053188431744893
6.449622395833325	16.452892927747538
6.549622395833325	16.860144142730782
6.649622395833324	17.275315709147442
6.749622395833324	17.698905293733326
6.8496223958333236	18.131199069678416
6.949622395833323	18.57275530977646
7.049622395833323	19.0239594433496
7.1496223958333225	19.48531127374164
7.249622395833322	19.957237932222384
7.349622395833322	20.44016698876194
7.449622395833321	20.934673592421852
7.549622395833321	21.441087632692422
7.649622395833321	21.959925485064776
7.74962239583332	22.49170045611542
7.84962239583332	23.0367510753946
7.94962239583332	23.59556958786836
8.04962239583332	24.168533142440833
8.149622395833319	24.75610198635419
8.249622395833319	25.358444647385983
8.349622395833318	25.97603361572038
8.449622395833318	26.609047731943573
8.549622395833318	27.257690493664466
8.649622395833317	27.921959353938284
8.749622395833317	28.601827341962885
8.849622395833316	29.297310277651466
8.949622395833316	30.008338488476088
9.049622395833316	30.734617566726953
9.149622395833315	31.475861933625108
9.249622395833315	32.23177043772074
9.349622395833315	33.0018691561636
9.449622395833314	33.78566327134237
9.549622395833314	34.58263345759689
9.649622395833314	35.39226897457981
9.749622395833313	36.21381425196034
9.849622395833313	37.04669436553086
9.949622395833313	37.8908417208218
10.049622395833312	38.745883382266804
10.149622395833312	39.61174863131408
10.249622395833311	40.48824325065924
10.349622395833311	41.37514536517083
10.44962239583331	42.27228121597261
10.54962239583331	43.17945590386678
10.64962239583331	44.09650035700665
10.74962239583331	45.023260000907285
10.84962239583331	45.959563157562954
10.949622395833309	46.90523722889101
11.049622395833309	47.860087536905645
11.149622395833308	48.823967320568315
11.249622395833308	49.79672500408782
11.349622395833308	50.77811390356626
11.449622395833307	51.76800799132793
11.549622395833307	52.76622736497912
11.649622395833306	53.77263981445881
11.749622395833306	54.787024748349275
11.849622395833306	55.8091573297643
11.949622395833305	56.838832929312694
12.049622395833305	57.87583520306461
12.149622395833305	58.919945842647984
12.249622395833304	59.9709064934242
12.349622395833304	61.02839689323797
12.449622395833304	62.04723359165191
12.495621818181817	62.16554566717281
1000012.4956218182	62.16554566717281
