-100000	0
0	0
0.0033333333333333335	0.0004682303034607649
0.008333333333333333	0.0025728596048313185
0.01583333333333333	0.006924361890383968
0.02708333333333333	0.014424600715152528
0.043958333333333335	0.027238958734010773
0.06927083333333334	0.04932577435503088
0.10723958333333333	0.08790310308882014
0.16419270833333333	0.15648655242297543
0.24962239583333334	0.27958379659480836
0.3496223958333333	0.44863053449993107
0.4496223958333333	0.6397813708948272
0.5496223958333333	0.8491709316844597
0.6496223958333333	1.0535553836425564
0.7496223958333332	1.173920761232106
0.8496223958333332	1.2486988722399142
0.9496223958333332	1.2928320404349583
1.0496223958333333	1.3137531247277645
1.1496223958333334	1.3176710940663119
1.2496223958333335	1.3176710940663119
1.3496223958333335	1.3176710940663119
1.4496223958333336	1.3176710940663119
1.5496223958333337	1.3176710940663119
1.6496223958333338	1.3176710940663119
1.749622395833334	1.3221434619579495
1.849622395833334	1.3461820969908331
1.949622395833334	1.3991980121292
2.049622395833334	1.4934211984778525
2.149622395833334	1.6521431587087925
2.249622395833334	1.9380833333230534
2.349622395833334	2.252633462421947
2.4496223958333343	2.5671729245989368
2.5496223958333344	2.8816503679940113
2.6496223958333345	3.1955991236727055
2.7496223958333346	3.508871262732118
2.8496223958333347	3.8213018573344484
2.9496223958333347	4.132759237317206
3.049622395833335	4.443126659546397
3.149622395833335	4.752333714680691
3.249622395833335	5.060324845919869
3.349622395833335	5.367101865701406
3.449622395833335	5.670600242285603
3.5496223958333353	5.9745424323658956
3.6496223958333354	6.277778290469751
3.7496223958333355	6.576405814650204
3.8496223958333355	6.873923572345555
3.9496223958333356	7.17285679836853
4.049622395833335	7.4729956634691215
4.149622395833335	7.76976168707283
4.249622395833335	8.068670159911711
4.349622395833334	8.365794854241024
4.449622395833334	8.65981796534306
4.5496223958333335	8.95470159588009
4.649622395833333	9.253173116835777
4.749622395833333	9.551907367964354
4.849622395833332	9.839265217747107
4.949622395833332	10.13484117265149
5.049622395833332	10.433649004350737
5.149622395833331	10.724928746391168
5.249622395833331	11.023471425032078
5.349622395833331	11.331266594274307
5.44962239583333	11.641240192399506
5.54962239583333	11.953532317057963
5.64962239583333	12.2692829417157
5.749622395833329	12.586980545472057
5.849622395833329	12.91020240610864
5.9496223958333285	13.2367821931873
6.049622395833328	13.567014347049449
6.149622395833328	13.901843908292095
6.2496223958333275	14.241102628392861
6.349622395833327	14.585726441116035
6.449622395833327	14.936312996586688
6.549622395833326	15.29294857298218
6.649622395833326	15.656523715019008
6.749622395833326	16.027401260451622
6.849622395833325	16.40622900629839
6.949622395833325	16.793713415508527
7.049622395833325	17.190198241731135
7.149622395833324	17.596428536906295
7.249622395833324	18.01263265372067
7.3496223958333236	18.43942570769972
7.449622395833323	18.87777364484513
7.549622395833323	19.32773293677341
7.6496223958333225	19.789880027882717
7.749622395833322	20.264801407481745
7.849622395833322	20.75290763813094
7.949622395833321	21.25457075442424
8.049622395833321	21.770075518613524
8.14962239583332	22.300052257319376
8.24962239583332	22.845208641950517
8.34962239583332	23.40485599238614
8.44962239583332	23.980398931220204
8.54962239583332	24.570915889559384
8.649622395833319	25.177548249693412
8.749622395833319	25.799565298975498
8.849622395833318	26.43758698322806
8.949622395833318	27.091013505425163
9.049622395833318	27.759811043665056
9.149622395833317	28.44372976627279
9.249622395833317	29.14280581896777
9.349622395833316	29.855951379521354
9.449622395833316	30.583189253252947
9.549622395833316	31.323321754913692
9.649622395833315	32.07638275188385
9.749622395833315	32.84174351628701
9.849622395833315	33.6192454243456
9.949622395833314	34.40835191845097
10.049622395833314	35.2091642564782
10.149622395833314	36.02133840256955
10.249622395833313	36.84485544655245
10.349622395833313	37.67938773780348
10.449622395833313	38.524548010811145
10.549622395833312	39.380614632631726
10.649622395833312	40.24715529013735
10.749622395833311	41.12423823914908
10.849622395833311	42.01142150375295
10.94962239583331	42.908451831590696
11.04962239583331	43.81554964102446
11.14962239583331	44.73235030854322
11.24962239583331	45.6587658893221
11.34962239583331	46.59442926302157
11.449622395833309	47.53921975011809
11.549622395833309	48.49320156865968
11.649622395833308	49.45626588612683
11.749622395833308	50.42800265006461
11.849622395833308	51.40848162833713
11.949622395833307	52.39716839436878
12.049622395833307	53.394175080396465
12.149622395833306	54.399272894341046
12.249622395833306	55.411953864628714
12.349622395833306	56.4319772359829
12.449622395833305	57.45819323157366
12.518225454545455	57.76828770429911
1000012.5182254545	57.76828770429911
