-100000	0
0.007169524787958181	0
0.010502858121291515	0.000053236357533471345
0.015502858121291516	0.0006112139546371345
0.023002858121291516	0.0026010147790959184
0.034252858121291516	0.007690162237575984
0.05112785812129152	0.017205610948634455
0.07644035812129152	0.03383276799729978
0.11440910812129151	0.06291961002790931
0.1713622331212915	0.11455071596874099
0.2567919206212915	0.20720345952061103
0.3567919206212915	0.33440773188322614
0.4567919206212915	0.47825304952453196
0.5567919206212915	0.6358729816653972
0.6567919206212914	0.8051932608478121
0.7567919206212914	0.9845424731601884
0.8567919206212914	1.1725724436420897
0.9567919206212914	1.3681241834114943
1.0567919206212915	1.570325092739239
1.1567919206212915	1.777869950767535
1.2567919206212916	1.9824054552591095
1.3567919206212917	2.1849713596430704
1.4567919206212918	2.389560009235482
1.556791920621292	2.6005138951961637
1.656791920621292	2.822650596926626
1.756791920621292	3.056002513976961
1.8567919206212922	3.2920964563691593
1.9567919206212923	3.530148922631336
2.056791920621292	3.7698210010033937
2.156791920621292	4.010742985589894
2.2567919206212923	4.2525906562895
2.3567919206212924	4.495106743015672
2.4567919206212925	4.7379825587087865
2.5567919206212926	4.981038010354392
2.6567919206212927	5.2240367927204385
2.7567919206212927	5.466789987360134
2.856791920621293	5.709140086064826
2.956791920621293	5.950954207647488
3.056791920621293	6.192096598632025
3.156791920621293	6.432495973202299
3.256791920621293	6.6720926448134765
3.3567919206212933	6.910789537506236
3.4567919206212934	7.148571468631679
3.5567919206212935	7.385423979540254
3.6567919206212935	7.621328941137539
3.7567919206212936	7.8562876063868385
3.8567919206212937	8.090314929020131
3.956791920621294	8.323434825731374
4.0567919206212935	8.555748393424738
4.156791920621293	8.787254239703032
4.256791920621293	9.01797221495478
4.356791920621292	9.247999489919533
4.456791920621292	9.477527841916217
4.556791920621292	9.70648944793161
4.656791920621291	9.935053226495175
4.756791920621291	10.16337234817378
4.856791920621291	10.3915356043277
4.95679192062129	10.619638199414723
5.05679192062129	10.847861796115954
5.1567919206212895	11.076359474471124
5.256791920621289	11.30526434242014
5.356791920621289	11.534768588962566
5.4567919206212885	11.765015025116357
5.556791920621288	11.996214290625316
5.656791920621288	12.228530235000237
5.756791920621287	12.462196368763413
5.856791920621287	12.697440336463856
5.956791920621287	12.934457124503018
6.056791920621286	13.173544325282538
6.156791920621286	13.41457590719481
6.256791920621286	13.65733409213473
6.356791920621285	13.902353912602292
6.456791920621285	14.1502177101762
6.556791920621285	14.401554849854236
6.656791920621284	14.657009070650133
6.756791920621284	14.917231884800355
6.8567919206212835	15.182855230938742
6.956791920621283	15.454581502105153
7.056791920621283	15.733019486219217
7.156791920621282	16.01880549766716
7.256791920621282	16.31250612306758
7.356791920621282	16.614715369965538
7.456791920621281	16.92590063442638
7.556791920621281	17.24658171533902
7.656791920621281	17.577196785228995
7.75679192062128	17.918150551605798
7.85679192062128	18.269844326548068
7.95679192062128	18.632582274333068
8.05679192062128	19.00670350788545
8.156791920621279	19.392587592580192
8.256791920621279	19.79031517254082
8.356791920621278	20.20006894417837
8.456791920621278	20.622114891047577
8.556791920621277	21.05648505422174
8.656791920621277	21.503252507742438
8.756791920621277	21.962442413294074
8.856791920621276	22.434057956547004
8.956791920621276	22.918163040871566
9.056791920621276	23.41477040904412
9.156791920621275	23.923777904194505
9.256791920621275	24.445051893144978
9.356791920621275	24.97820290286383
9.456791920621274	25.522890410992193
9.556791920621274	26.078751572713454
9.656791920621274	26.645409736910793
9.756791920621273	27.222358448751496
9.856791920621273	27.809390099866008
9.956791920621272	28.40644713923016
10.056791920621272	29.013302123461695
10.156791920621272	29.629834119947294
10.256791920621271	30.255887900314175
10.356791920621271	30.891349684729004
10.45679192062127	31.536111387793458
10.55679192062127	32.189995611930115
10.65679192062127	32.852890023769106
10.75679192062127	33.52464525763836
10.85679192062127	34.20515927135161
10.956791920621269	34.8943448616615
11.056791920621269	35.59202155166507
11.156791920621268	36.29809546338264
11.256791920621268	37.01241969558503
11.356791920621268	37.73485308928246
11.456791920621267	38.46533622453911
11.556791920621267	39.20370895547564
11.656791920621266	39.94984962344353
11.756791920621266	40.70363842053911
11.856791920621266	41.46494101773241
11.956791920621265	42.233601471443805
12.056791920621265	43.00949710160361
12.156791920621265	43.79252020463887
12.256791920621264	44.58251499145066
12.356791920621264	45.37928581950189
12.456791920621264	46.18273876349357
12.536552727272728	46.53595674173301
1000012.5365527272	46.53595674173301
