-100000	0
0	0
0.0033333333333333335	0.00046451928373285496
0.008333333333333333	0.0013554517527916584
0.01583333333333333	0.003123489888962775
0.02708333333333333	0.006719592408091718
0.043958333333333335	0.013858618371451326
0.06927083333333334	0.027952945645570826
0.10723958333333333	0.055329021437109376
0.16419270833333333	0.10755909481144373
0.24962239583333334	0.2051530459628912
0.3496223958333333	0.3416149628269174
0.4496223958333333	0.49627085666575316
0.5496223958333333	0.6650041210818822
0.6496223958333333	0.8447728207278634
0.7496223958333332	1.033275329944346
0.8496223958333332	1.2287327128688916
0.9496223958333332	1.4297057533662816
1.0496223958333333	1.634929816869329
1.1496223958333334	1.8432715018162533
1.2496223958333335	2.054116782597507
1.3496223958333335	2.2668305010527634
1.4496223958333336	2.4806927186720937
1.5496223958333337	2.695093973433258
1.6496223958333338	2.909516219741617
1.749622395833334	3.123459675070546
1.849622395833334	3.3366723604331288
1.949622395833334	3.548790983956529
2.049622395833334	3.7595709186490627
2.149622395833334	3.968852149932278
2.249622395833334	4.17647589548528
2.349622395833334	4.382421440631383
2.4496223958333343	4.586650442721544
2.5496223958333344	4.789165490275083
2.6496223958333345	4.99011665484645
2.7496223958333346	5.189771235502555
2.8496223958333347	5.388280217171381
2.9496223958333347	5.585889041362201
3.049622395833335	5.783010599055787
3.149622395833335	5.980188955125931
3.249622395833335	6.178017658335651
3.349622395833335	6.37720821121208
3.449622395833335	6.578585450765747
3.5496223958333353	6.783146526129677
3.6496223958333354	6.992040128984321
3.7496223958333355	7.206656363966198
3.8496223958333355	7.428614695462605
3.9496223958333356	7.659746505128069
4.049622395833335	7.902127343976821
4.149622395833335	8.15800497044545
4.249622395833335	8.429708659761271
4.349622395833334	8.71961138943246
4.449622395833334	9.029676106361821
4.5496223958333335	9.361227784413783
4.649622395833333	9.71396565435812
4.749622395833333	10.089883839362354
4.849622395833332	10.48912702803181
4.949622395833332	10.912357625016652
5.049622395833332	11.363566516759716
5.149622395833331	11.836886094802379
5.249622395833331	12.33722869206725
5.349622395833331	12.861667471739178
5.44962239583333	13.411819740393526
5.54962239583333	13.983880400561558
5.64962239583333	14.583181296053342
5.749622395833329	15.206297581667187
5.849622395833329	15.851727471240823
5.9496223958333285	16.520862488378373
6.049622395833328	17.211281162022992
6.149622395833328	17.923522029710735
6.2496223958333275	18.655579492283348
6.349622395833327	19.407244874797946
6.449622395833327	20.177867932771708
6.549622395833326	20.966534901282152
6.649622395833326	21.772616579733644
6.749622395833326	22.59533277663412
6.849622395833325	23.43401092741666
6.949622395833325	24.287898751531188
7.049622395833325	25.156370994933418
7.149622395833324	26.038749523740048
7.249622395833324	26.934407998339445
7.3496223958333236	27.84296220548613
7.449622395833323	28.763489429508482
7.549622395833323	29.695892596665463
7.6496223958333225	30.639364663116528
7.749622395833322	31.59340437794442
7.849622395833322	32.55759024181386
7.949622395833321	33.53143899775893
8.049622395833321	34.5145867309117
8.14962239583332	35.50640873952023
8.24962239583332	36.506709990909265
8.34962239583332	37.51495533542755
8.44962239583332	38.53068574507591
8.54962239583332	39.553828300025245
8.649622395833319	40.58380980622503
8.749622395833319	41.62025913839349
8.849622395833318	42.66299425391506
8.949622395833318	43.71150668120255
9.049622395833318	44.76570340244409
9.149622395833317	45.82497351718173
9.249622395833317	46.889454728750266
9.349622395833316	47.95838504448612
9.449622395833316	49.03190660973491
9.549622395833316	50.109498787120636
9.649622395833315	51.190875779362685
9.749622395833315	52.27647119573064
9.849622395833315	53.365346439848345
9.949622395833314	54.45738423584046
10.049622395833314	55.55248397735144
10.149622395833314	56.65045448368112
10.249622395833313	57.75098793251433
10.349622395833313	58.85396096625362
10.449622395833313	59.95903964743827
10.549622395833312	61.06614963076852
10.649622395833312	62.17507792338788
10.749622395833311	63.28553986006771
10.849622395833311	64.39743458788753
10.94962239583331	65.51045515998496
11.04962239583331	66.6244455319621
11.14962239583331	67.73932764007986
11.24962239583331	68.85479113138908
11.34962239583331	69.97065050107331
11.449622395833309	71.0869079924977
11.549622395833309	72.20313667364199
11.649622395833308	73.31937283623178
11.749622395833308	74.43528848465891
11.849622395833308	75.55079720697724
11.949622395833307	76.66566547119541
12.049622395833307	77.77983530066516
12.149622395833306	78.89314864847921
12.249622395833306	80.00514059540737
12.349622395833306	81.11608568052864
12.449622395833305	82.22566244622435
12.549622395833305	83.33374613570153
12.649622395833305	84.39410795790646
12.749622395833304	85.22357924774421
12.849622395833304	86.05305558513551
12.949622395833304	86.88254822166579
13.049622395833303	87.71204089640386
13.149622395833303	88.54150480349506
13.249622395833303	89.37100129182754
13.349622395833302	90.20049781917461
13.449622395833302	91.02999438552229
13.549622395833302	91.85949099085849
13.649622395833301	92.68898763517093
13.7496223958333	93.51848431844633
13.8496223958333	94.34798104067386
13.9496223958333	95.17747780183926
14.0496223958333	96.00697460193128
14.1496223958333	96.83647144093628
14.249622395833299	97.66596831884237
14.349622395833299	98.49546523563713
14.449622395833298	99.32496219130805
14.549622395833298	100.15445918584237
14.649622395833298	101.02320257736115
14.749622395833297	101.93209522410027
14.849622395833297	102.84104484943667
14.949622395833297	103.7499945141082
15.049622395833296	104.4859517165391
15.149622395833296	105.22095591036613
15.249622395833295	105.955943805863
15.349622395833295	106.69094242094604
15.449622395833295	107.42594103603048
15.549622395833294	108.16093965111456
15.649622395833294	108.89593826619831
15.749622395833294	109.63093688128264
15.849622395833293	110.36593549636704
15.949622395833293	111.1009341114504
16.049622395833293	111.83593272653475
16.149622395833294	112.5709313416192
16.249622395833295	113.30592995670172
16.349622395833297	114.0409285717869
16.4496223958333	114.77592718687028
16.5496223958333	115.51092580195458
16.6496223958333	116.2459244170391
16.749622395833303	116.98092303212319
16.849622395833304	117.71586467963334
16.949622395833305	118.45086405384363
17.049622395833307	119.185863428054
17.14962239583331	119.92086280226431
17.24962239583331	120.6558621764741
17.34962239583331	121.3908615506839
17.449622395833313	122.1258418672538
17.549622395833314	122.86084248051502
17.649622395833315	123.59584309377652
17.749622395833317	124.33084370703895
17.849622395833318	125.06584432029999
17.94962239583332	125.8008449335616
18.04962239583332	126.53584554682362
18.149622395833322	127.27084616008456
18.249622395833324	128.00584677334672
18.349622395833325	128.74084738660835
18.449622395833327	129.47584799987055
18.549622395833328	130.2108486131314
18.64962239583333	130.94584922639302
18.74962239583333	131.68076626423593
18.849622395833332	132.41576857619896
18.949622395833334	133.15077088816167
19.049622395833335	133.8857732001248
19.149622395833337	134.62077551208782
19.249622395833338	135.35578734253446
19.34962239583334	136.09078904167424
19.44962239583334	136.82579074081477
19.549622395833342	137.56079243995538
19.649622395833344	138.29579413909636
19.749622395833345	139.03079583823768
19.849622395833347	139.76579688417254
19.949622395833348	140.50079717217002
20.04962239583335	141.23577019494167
20.14962239583335	141.97076322132554
20.249622395833352	143.04694261942743
20.349622395833354	144.12487750226424
20.449622395833355	145.03267646427796
20.549622395833357	145.7676326882108
20.649622395833358	146.50262594856616
20.74962239583336	147.2376192089229
20.84962239583336	147.97261246927857
20.949622395833362	148.7075177714335
21.049622395833364	149.44251701764014
21.149622395833365	150.17751626384606
21.249622395833367	150.91251551005246
21.349622395833368	151.64751475625934
21.44962239583337	152.38251400246486
21.54962239583337	153.11751324867183
21.649622395833372	153.8525124948777
21.749622395833374	154.5875117410842
21.849622395833375	155.32251098729057
21.949622395833376	156.05751023349637
22.049622395833378	156.79250947970354
22.14962239583338	157.52750872590937
22.24962239583338	158.2625079721159
22.349622395833382	158.99750721832245
22.449622395833384	159.7325064645279
22.549622395833385	160.4675057107344
22.649622395833386	161.2025049569404
22.749622395833388	161.9375042031468
22.75	161.94074165040197
1000022.75	161.94074165040197
