-100000	0
0.024815219415359024	0
0.02814855274869236	0.000023903073040118788
0.033148552748692356	0.0002637438756060708
0.040648552748692356	0.001243290376847169
0.05189855274869236	0.004202835209844671
0.06877355274869236	0.011651665982417264
0.09408605274869236	0.025743035257610843
0.13205480274869236	0.05088679598665125
0.18900792774869235	0.0960466212807379
0.27443761524869237	0.17832193684292136
0.37443761524869235	0.2929914842522046
0.4744376152486923	0.4241588744472922
0.5744376152486923	0.569071025882515
0.6744376152486923	0.725648473621765
0.7744376152486923	0.892240538112136
0.8744376152486922	1.067486560668627
0.9744376152486922	1.250249975059329
1.0744376152486923	1.439720398217059
1.1744376152486924	1.635362151134971
1.2744376152486925	1.8366627672986038
1.3744376152486926	2.0430633715717157
1.4744376152486927	2.253957447941724
1.5744376152486927	2.468844462108584
1.6744376152486928	2.687213572064747
1.774437615248693	2.908548473216151
1.874437615248693	3.132495571918081
1.974437615248693	3.3585917048655447
2.074437615248693	3.58652063782601
2.174437615248693	3.8159391366406346
2.274437615248693	4.04650098699907
2.3744376152486932	4.277978455256526
2.4744376152486933	4.510052720164287
2.5744376152486934	4.742538471738322
2.6744376152486935	4.975192163276919
2.7744376152486936	5.207823680520625
2.8744376152486937	5.440268533792873
2.9744376152486938	5.672345433108079
3.074437615248694	5.903931442882712
3.174437615248694	6.134900384846965
3.274437615248694	6.365165616392767
3.374437615248694	6.594595850453513
3.474437615248694	6.823157108216702
3.5744376152486943	7.050728045009054
3.6744376152486944	7.277283863952082
3.7744376152486945	7.5028209125589465
3.8744376152486946	7.727309500048894
3.9744376152486947	7.950705292618507
4.074437615248694	8.172999208918059
4.174437615248694	8.394222025513638
4.274437615248694	8.614350322258707
4.374437615248693	8.833360262356063
4.474437615248693	9.051310701702915
4.5744376152486925	9.268270974938455
4.674437615248692	9.484243714914976
4.774437615248692	9.69929083388986
4.8744376152486915	9.913475361533761
4.974437615248691	10.126847775363283
5.074437615248691	10.3395763080982
5.17443761524869	10.551714340064839
5.27443761524869	10.763376906990565
5.37443761524869	10.974670679582225
5.474437615248689	11.185624700421124
5.574437615248689	11.396337514122953
5.674437615248689	11.607071427743453
5.774437615248688	11.817908627926686
5.874437615248688	12.029103939203193
5.9744376152486875	12.240737110202215
6.074437615248687	12.4530361680833
6.174437615248687	12.665531650462029
6.2744376152486865	12.877442769575612
6.374437615248686	13.089458928435093
6.474437615248686	13.30236373378858
6.574437615248685	13.516963270628631
6.674437615248685	13.734147507919507
6.774437615248685	13.95476375217702
6.874437615248684	14.179696830196539
6.974437615248684	14.409812220602442
7.074437615248684	14.64600417524222
7.174437615248683	14.889018181724191
7.274437615248683	15.139603604692155
7.374437615248683	15.398491463341822
7.474437615248682	15.666340731714085
7.574437615248682	15.943764599654562
7.6744376152486815	16.231256745261618
7.774437615248681	16.52929882200174
7.874437615248681	16.838271905588297
7.9744376152486804	17.158645278426018
8.07443761524868	17.490640388305472
8.17443761524868	17.834619631686458
8.27443761524868	18.190728709226413
8.374437615248679	18.559189836122776
8.474437615248679	18.9401061244181
8.574437615248678	19.333496474485752
8.674437615248678	19.739458796215963
8.774437615248678	20.1579632828663
8.874437615248677	20.588909538659333
8.974437615248677	21.032182817514542
9.074437615248677	21.487694363999964
9.174437615248676	21.95539838216942
9.274437615248676	22.435200353447385
9.374437615248675	22.92687436686643
9.474437615248675	23.430080678814964
9.574437615248675	23.944589994421
9.674437615248674	24.4700681613934
9.774437615248674	25.00612267936515
9.874437615248674	25.552615208088834
9.974437615248673	26.10943553371432
10.074437615248673	26.67641716972399
10.174437615248673	27.25349556831291
10.274437615248672	27.840496567432698
10.374437615248672	28.437280092267887
10.474437615248672	29.04372275055882
10.574437615248671	29.65967153407935
10.67443761524867	30.28503631038655
10.77443761524867	30.919672561912794
10.87443761524867	31.5634561920839
10.97443761524867	32.21628481965673
11.07443761524867	32.878009845484236
11.174437615248669	33.54853592216177
11.274437615248669	34.227757722729734
11.374437615248668	34.91548992024506
11.474437615248668	35.611707942404784
11.574437615248668	36.316256604878504
11.674437615248667	37.02900806376951
11.774437615248667	37.74987496328578
11.874437615248667	38.47871720535773
11.974437615248666	39.21544663110874
12.074437615248666	39.95996047107547
12.174437615248666	40.712054522205676
12.274437615248665	41.471651013237235
12.374437615248665	42.238650562081475
12.474437615248664	43.01286656374257
12.55488	43.36759175861533
1000012.55488	43.36759175861533
