-100000	0
0.0551428612782523	0
0.05847619461158563	0.000012116886996482574
0.06347619461158563	0.00013451738067802338
0.07097619461158564	0.0006647713198494251
0.08222619461158563	0.002419161754562076
0.09910119461158563	0.007330915371384379
0.12441369461158563	0.01893969608091901
0.16238244461158563	0.04088147609273166
0.21933556961158562	0.08104814973742983
0.30476525711158564	0.15508799384349856
0.4047652571115856	0.25928962944171446
0.5047652571115856	0.3793479856344761
0.6047652571115856	0.5127058355806402
0.7047652571115856	0.6573948978945933
0.8047652571115855	0.8118599720376959
0.9047652571115855	0.9747812298183743
1.0047652571115855	1.1451741053372364
1.1047652571115856	1.3223804706952427
1.2047652571115857	1.5058716839303454
1.3047652571115858	1.6949962864160615
1.4047652571115858	1.8891815010612336
1.504765257111586	2.087903511712345
1.604765257111586	2.2906050180945328
1.704765257111586	2.4969067793483997
1.8047652571115862	2.706306400180297
1.9047652571115863	2.918447919986272
2.004765257111586	3.1329216632304457
2.1047652571115862	3.349370953839523
2.2047652571115863	3.567499662323529
2.3047652571115864	3.7869526689607853
2.4047652571115865	4.007521475410422
2.5047652571115866	4.2288902667294686
2.6047652571115867	4.450855557400766
2.7047652571115868	4.673183429557768
2.804765257111587	4.8956770463146535
2.904765257111587	5.118139203898577
3.004765257111587	5.340380147711011
3.104765257111587	5.562171916411847
3.204765257111587	5.7834648598585625
3.3047652571115873	6.004145545190839
3.4047652571115874	6.224016030993083
3.5047652571115875	6.4430238202140195
3.6047652571115876	6.661021672856831
3.7047652571115877	6.877914407613326
3.8047652571115878	7.093654098608132
3.904765257111588	7.308131061092788
4.004765257111588	7.521287890373866
4.104765257111588	7.73302464647513
4.204765257111587	7.943321024666816
4.304765257111587	8.152164509403068
4.4047652571115865	8.359496059339177
4.504765257111586	8.565197361544513
4.604765257111586	8.769315425759222
4.704765257111585	8.9718909143006
4.804765257111585	9.17295090823409
4.904765257111585	9.372332187189674
5.004765257111584	9.570110768337326
5.104765257111584	9.766470381705455
5.204765257111584	9.961361790271898
5.304765257111583	10.154766734880711
5.404765257111583	10.346730777862804
5.504765257111583	10.537261956219428
5.604765257111582	10.726432052684501
5.704765257111582	10.91441807035045
5.8047652571115815	11.101203907142994
5.904765257111581	11.286999305161814
6.004765257111581	11.472016902123016
6.1047652571115805	11.656232651476833
6.20476525711158	11.838534933228871
6.30476525711158	12.018031697071503
6.404765257111579	12.195507490710733
6.504765257111579	12.371903796920437
6.604765257111579	12.548218857656133
6.704765257111578	12.72551068327815
6.804765257111578	12.904863230136908
6.904765257111578	13.087372206988983
7.004765257111577	13.274175622971242
7.104765257111577	13.466254173879012
7.204765257111577	13.664603547487058
7.304765257111576	13.870146399349554
7.404765257111576	14.083714152235576
7.5047652571115755	14.30612916247668
7.604765257111575	14.538105057078013
7.704765257111575	14.78019154794446
7.804765257111574	15.03293791615866
7.904765257111574	15.29681279613761
8.004765257111574	15.572212092619958
8.104765257111573	15.859452290187775
8.204765257111573	16.15881631113688
8.304765257111573	16.47049032845651
8.404765257111572	16.794668864454557
8.504765257111572	17.131483624157294
8.604765257111572	17.481010797780197
8.704765257111571	17.843281709233146
8.80476525711157	18.218295197596486
8.90476525711157	18.60593624173695
9.00476525711157	19.00609371710075
9.10476525711157	19.418716772376097
9.20476525711157	19.84367265005979
9.304765257111569	20.280645940518333
9.404765257111569	20.729442515896167
9.504765257111568	21.189885819056737
9.604765257111568	21.661652752384903
9.704765257111568	22.14463455538576
9.804765257111567	22.63852196944482
9.904765257111567	23.143228835012426
10.004765257111567	23.658600750663414
10.104765257111566	24.184491073169813
10.204765257111566	24.720821561614745
10.304765257111566	25.26743878616194
10.404765257111565	25.824214895999383
10.504765257111565	26.39103678595925
10.604765257111564	26.967753633051785
10.704765257111564	27.554248374903445
10.804765257111564	28.150419695834746
10.904765257111563	28.756123132171318
11.004765257111563	29.371257828104046
11.104765257111563	29.99570977147965
11.204765257111562	30.62935060583813
11.304765257111562	31.27210522392746
11.404765257111562	31.92378600475529
11.504765257111561	32.58436186578709
11.604765257111561	33.25369035996057
11.70476525711156	33.93163641660849
11.80476525711156	34.61813795005748
11.90476525711156	35.31307216485918
12.00476525711156	36.01629494948659
12.10476525711156	36.72774303352326
12.204765257111559	37.44730850410175
12.304765257111558	38.17485348485421
12.404765257111558	38.91026657499453
12.504765257111558	39.65346512292604
12.573207272727274	39.91468406120038
1000012.5732072727	39.91468406120038
