-100000	0
0.10164507246429721	0
0.10497840579763054	0.000007766910835167802
0.10997840579763055	0.00007924434863388416
0.11747840579763055	0.0003943999820591268
0.12872840579763056	0.001483148135475645
0.14560340579763056	0.004694503195255088
0.17091590579763055	0.013224819015512389
0.20888465579763055	0.03211131231291422
0.26583778079763054	0.06803172347108118
0.35126746829763056	0.13518637352479165
0.45126746829763054	0.23038520936403786
0.5512674682976305	0.34050280788746645
0.6512674682976305	0.46319307222570427
0.7512674682976305	0.5966651465247238
0.8512674682976304	0.7395238829015884
0.9512674682976304	0.8905870599958716
1.0512674682976304	1.0490736497744713
1.1512674682976305	1.214480644150154
1.2512674682976306	1.3862241463150875
1.3512674682976307	1.5635289410248898
1.4512674682976308	1.7458733576803294
1.5512674682976308	1.9327806700874013
1.651267468297631	2.1237337660522138
1.751267468297631	2.3182880465916025
1.8512674682976311	2.516093816425573
1.9512674682976312	2.7167267214554434
2.051267468297631	2.919820281385972
2.151267468297631	3.125040572103677
2.2512674682976312	3.33205905309473
2.3512674682976313	3.540556878617284
2.4512674682976314	3.7503213896732723
2.5512674682976315	3.96106114527621
2.6512674682976316	4.1725343545914475
2.7512674682976317	4.384532681189943
2.851267468297632	4.596827955628486
2.951267468297632	4.809195363627104
3.051267468297632	5.0214452608382585
3.151267468297632	5.233338839695403
3.251267468297632	5.444784203022476
3.3512674682976322	5.655611109935089
3.4512674682976323	5.865622717211374
3.5512674682976324	6.074727732097945
3.6512674682976325	6.282710466041238
3.7512674682976326	6.489461725709734
3.8512674682976327	6.6948813266820535
3.9512674682976328	6.898841122614078
4.051267468297633	7.10119405430538
4.1512674682976325	7.301861856858345
4.251267468297632	7.5007642165790935
4.351267468297632	7.697767393865439
4.451267468297631	7.892767881378206
4.551267468297631	8.085722668593483
4.651267468297631	8.27656277289885
4.75126746829763	8.465167144574304
4.85126746829763	8.651365487281167
4.95126746829763	8.835138663437696
5.051267468297629	9.016592698258465
5.151267468297629	9.195591503032391
5.251267468297629	9.372007199937732
5.351267468297628	9.545987495103198
5.451267468297628	9.717355048767253
5.5512674682976275	9.886163934227971
5.651267468297627	10.052571729862938
5.751267468297627	10.21637032149893
5.8512674682976265	10.377658737613162
5.951267468297626	10.536631945351052
6.051267468297626	10.693226220644924
6.151267468297625	10.847416571782976
6.251267468297625	10.997330502093535
6.351267468297625	11.14242143955379
6.451267468297624	11.28368679507459
6.551267468297624	11.422273351814535
6.651267468297624	11.559436152546004
6.751267468297623	11.69645290745733
6.851267468297623	11.834683871227767
6.9512674682976225	11.975396251674068
7.051267468297622	12.119903556322353
7.151267468297622	12.269389934592407
7.2512674682976215	12.424883492785407
7.351267468297621	12.58740326901838
7.451267468297621	12.757863228763357
7.55126746829762	12.937062474633477
7.65126746829762	13.125651988585341
7.75126746829762	13.324288110430599
7.851267468297619	13.5335050012318
7.951267468297619	13.75367067690822
8.051267468297619	13.985232224516922
8.151267468297618	14.228503789835447
8.251267468297618	14.483781916825153
8.351267468297618	14.751296496647754
8.451267468297617	15.031243939130947
8.551267468297617	15.32371385540104
8.651267468297617	15.628771480036644
8.751267468297616	15.94645730882133
8.851267468297616	16.276767394953527
8.951267468297615	16.61971163125957
9.051267468297615	16.975298139949434
9.151267468297615	17.343432189896387
9.251267468297614	17.72392839257433
9.351267468297614	18.11658288782643
9.451267468297614	18.52130254579378
9.551267468297613	18.937920193469612
9.651267468297613	19.366151171457503
9.751267468297613	19.805803351925828
9.851267468297612	20.256676376643476
9.951267468297612	20.718700300313063
10.051267468297612	21.191737571802424
10.151267468297611	21.67571495624189
10.25126746829761	22.17049013803443
10.35126746829761	22.6759075551538
10.45126746829761	23.191851531299484
10.55126746829761	23.71819778906071
10.65126746829761	24.25484513201715
10.751267468297609	24.80165171808347
10.851267468297609	25.35850969038265
10.951267468297608	25.92529514515572
11.051267468297608	26.50188475313673
11.151267468297608	27.088191539441496
11.251267468297607	27.684103694213167
11.351267468297607	28.289477638127263
11.451267468297607	28.904225855133287
11.551267468297606	29.528263279442236
11.651267468297606	30.161448225967053
11.751267468297605	30.803677079405265
11.851267468297605	31.45486191888914
11.951267468297605	32.11491212841438
12.051267468297604	32.78370313310883
12.151267468297604	33.461141173491335
12.251267468297604	34.147156320981594
12.351267468297603	34.84160746647199
12.451267468297603	35.54439023343094
12.551267468297603	36.23614072395353
12.591534545454547	36.31503609611881
1000012.5915345454	36.31503609611881
