-100000	0
0.166294827869649	0
0.16962816120298232	0.000004751806170499749
0.17462816120298233	0.00004967835973728227
0.18212816120298234	0.00025362682747531127
0.19337816120298235	0.0009692395938998579
0.21025316120298235	0.0031080470420468556
0.23556566120298233	0.009020450154543473
0.27353441120298233	0.02420835314621469
0.3304875362029823	0.055972802977052295
0.41591722370298234	0.11669445932622223
0.5159172237029823	0.20346717677378956
0.6159172237029823	0.30420117705590566
0.7159172237029823	0.41674543236152034
0.8159172237029823	0.5394911598631987
0.9159172237029822	0.6712182729860068
1.0159172237029823	0.8109035831783855
1.1159172237029824	0.9579551526568223
1.2159172237029825	1.1119649493388966
1.3159172237029826	1.2722669673601457
1.4159172237029827	1.438066961718628
1.5159172237029828	1.6088505243542766
1.6159172237029829	1.7841747036407678
1.715917223702983	1.9635778159139667
1.815917223702983	2.146631816338852
1.9159172237029831	2.3330026719817556
2.015917223702983	2.5222807197128363
2.1159172237029833	2.7141161099732343
2.2159172237029834	2.908161408732345
2.3159172237029835	3.1041600755999257
2.4159172237029836	3.301773854477294
2.5159172237029837	3.50079054908809
2.6159172237029837	3.700898304736037
2.715917223702984	3.9018843780064407
2.815917223702984	4.1034780919940514
2.915917223702984	4.305483159592295
3.015917223702984	4.507617110007558
3.115917223702984	4.709714519645509
3.2159172237029843	4.911542887298099
3.3159172237029844	5.1129030095628245
3.4159172237029845	5.313559970990395
3.5159172237029845	5.51333437152882
3.6159172237029846	5.712147727744315
3.7159172237029847	5.909667696309156
3.815917223702985	6.105836480622199
3.915917223702985	6.300447314721864
4.015917223702985	6.493281966680875
4.115917223702985	6.684292429010574
4.215917223702984	6.8731809569098195
4.315917223702984	7.0598892973491
4.415917223702984	7.244226614833461
4.515917223702983	7.425998306343941
4.615917223702983	7.605215706612344
4.7159172237029825	7.781582618253405
4.815917223702982	7.955055241217137
4.915917223702982	8.12546270753861
5.015917223702981	8.292665652804933
5.115917223702981	8.456542015432195
5.215917223702981	8.617004419304767
5.31591722370298	8.77389922774582
5.41591722370298	8.927219959731875
5.51591722370298	9.076743498310295
5.615917223702979	9.222521566542268
5.715917223702979	9.364401346272995
5.815917223702979	9.502209034370175
5.915917223702978	9.636166545991015
6.015917223702978	9.766263443696406
6.1159172237029775	9.892410010545326
6.215917223702977	10.01404430687581
6.315917223702977	10.12892303547688
6.4159172237029765	10.237568017831329
6.515917223702976	10.34134324328527
6.615917223702976	10.441754733868633
6.715917223702975	10.540401993363595
6.815917223702975	10.638962392287176
6.915917223702975	10.739010238978572
7.015917223702974	10.842020265816453
7.115917223702974	10.949358925597183
7.215917223702974	11.062123038284666
7.315917223702973	11.181322162360694
7.415917223702973	11.30780046210194
7.5159172237029725	11.442283552970382
7.615917223702972	11.585398892507598
7.715917223702972	11.737743553218936
7.8159172237029715	11.899672028704778
7.915917223702971	12.071640816234225
8.01591722370297	12.253999867208188
8.11591722370297	12.447103643610184
8.21591722370297	12.651243222226723
8.31591722370297	12.866717434921119
8.41591722370297	13.093744787069943
8.515917223702969	13.33250223130758
8.615917223702969	13.583164216332486
8.715917223702968	13.845861911490164
8.815917223702968	14.120713416652297
8.915917223702968	14.407787003711224
9.015917223702967	14.707081051887883
9.115917223702967	15.018619830536089
9.215917223702967	15.342433998137679
9.315917223702966	15.678453883028949
9.415917223702966	16.026673601033583
9.515917223702965	16.38696355387205
9.615917223702965	16.759213087649112
9.715917223702965	17.143328108752318
9.815917223702964	17.539137487299307
9.915917223702964	17.94656350619361
10.015917223702964	18.36544269771888
10.115917223702963	18.79565423072036
10.215917223702963	19.237139528778158
10.315917223702963	19.68977460968097
10.415917223702962	20.153441129425254
10.515917223702962	20.628018706180356
10.615917223702962	21.113364627122035
10.715917223702961	21.609387322546574
10.81591722370296	22.115971520968287
10.91591722370296	22.632977523283387
11.01591722370296	23.160311079998625
11.11591722370296	23.697841086968495
11.21591722370296	24.245463236982108
11.315917223702959	24.80309671786209
11.415917223702959	25.37056144800305
11.515917223702958	25.94783617828195
11.615917223702958	26.53477430810493
11.715917223702958	27.131272628730187
11.815917223702957	27.73724911116941
11.915917223702957	28.35257830561465
12.015917223702957	28.97717692486482
12.115917223702956	29.610969306986327
12.215917223702956	30.253843452449267
12.315917223702955	30.905713005353977
12.415917223702955	31.566470449664177
12.515917223702955	32.23603648208178
12.60986181818182	32.667555240254025
1000012.6098618181	32.667555240254025
