-100000	0
0.253223234697348	0
0.25655656803068133	0.0000035717759326275576
0.26155656803068134	0.000034907246030664906
0.26905656803068134	0.00016957213321676205
0.2803065680306813	0.000632861564509654
0.2971815680306813	0.00206394019199871
0.3224940680306813	0.006141248623686613
0.3604628180306813	0.01713044461975341
0.4174159430306813	0.04390955397752544
0.5028456305306813	0.09777148227374241
0.6028456305306813	0.17597137727287315
0.7028456305306813	0.2674047216880001
0.8028456305306813	0.370031315611022
0.9028456305306812	0.48239187506454284
1.0028456305306812	0.6034021066010309
1.1028456305306813	0.7321782447460646
1.2028456305306814	0.8682196051848842
1.3028456305306815	1.0111230402459055
1.4028456305306816	1.160202139462154
1.5028456305306817	1.3147252078244622
1.6028456305306817	1.4742039558669129
1.7028456305306818	1.6381719975754185
1.802845630530682	1.806224566363292
1.902845630530682	1.977942360567911
2.002845630530682	2.152977847389159
2.102845630530682	2.3309915426657044
2.2028456305306823	2.5116678153396195
2.3028456305306824	2.694677169658911
2.4028456305306825	2.879744863775281
2.5028456305306825	3.0665457330990633
2.6028456305306826	3.2548498625832902
2.7028456305306827	3.444324521290016
2.802845630530683	3.6347856267354515
2.902845630530683	3.8258871763894886
3.002845630530683	4.017483302756483
3.102845630530683	4.209220035561723
3.202845630530683	4.400972419745922
3.3028456305306833	4.592395153849432
3.4028456305306833	4.783362321904047
3.5028456305306834	4.973578259172235
3.6028456305306835	5.162850552302837
3.7028456305306836	5.350955209250743
3.8028456305306837	5.53763625247139
3.902845630530684	5.722740490311013
4.002845630530683	5.905976101959802
4.102845630530683	6.0872072465180525
4.202845630530683	6.266127265533603
4.302845630530682	6.442620202256109
4.402845630530682	6.616405768767006
4.502845630530682	6.787338787753989
4.602845630530681	6.955142013113085
4.702845630530681	7.119668624991818
4.802845630530681	7.280632812539569
4.90284563053068	7.43792414928266
5.00284563053068	7.591266405177538
5.1028456305306795	7.740530148328546
5.202845630530679	7.885413478050644
5.302845630530679	8.025816038019695
5.4028456305306785	8.16150616193326
5.502845630530678	8.292342707701245
5.602845630530678	8.418104781962624
5.702845630530677	8.538630321048414
5.802845630530677	8.653862193866457
5.902845630530677	8.763647940618132
6.002845630530676	8.86782365787273
6.102845630530676	8.966277301824698
6.202845630530676	9.058914576706838
6.302845630530675	9.144513236375683
6.402845630530675	9.222080525809313
6.5028456305306745	9.293209818850691
6.602845630530674	9.359981196961543
6.702845630530674	9.424509398112303
6.8028456305306735	9.488925717679503
6.902845630530673	9.555105620723316
7.002845630530673	9.624565410440796
7.102845630530672	9.698568747276369
7.202845630530672	9.778089560262599
7.302845630530672	9.863884858800898
7.402845630530671	9.956595916653447
7.502845630530671	10.056765933242183
7.602845630530671	10.164738852544605
7.70284563053067	10.280934201475661
7.80284563053067	10.405640643213628
7.90284563053067	10.53914980585514
8.00284563053067	10.681739463488219
8.10284563053067	10.833648659189288
8.20284563053067	10.995152007135813
8.302845630530669	11.166419851402264
8.402845630530669	11.347731020611908
8.502845630530668	11.539266624893909
8.602845630530668	11.741258261296158
8.702845630530668	11.953967352701826
8.802845630530667	12.177628360415865
8.902845630530667	12.41245944988534
9.002845630530667	12.658595966470065
9.102845630530666	12.91617119478642
9.202845630530666	13.185283513981632
9.302845630530665	13.465947413389996
9.402845630530665	13.758224748275
9.502845630530665	14.062232349151747
9.602845630530664	14.378120001239173
9.702845630530664	14.706034377397277
9.802845630530664	15.045989169650312
9.902845630530663	15.397935535782425
10.002845630530663	15.76177675330815
10.102845630530663	16.137402954073497
10.202845630530662	16.524741319883884
10.302845630530662	16.923687375498872
10.402845630530662	17.334168368561876
10.502845630530661	17.756060354752005
10.60284563053066	18.189231163073398
10.70284563053066	18.633551722484683
10.80284563053066	19.088940576454714
10.90284563053066	19.555282893428846
11.00284563053066	20.03243090028356
11.102845630530659	20.52031821308681
11.202845630530659	21.018814302169332
11.302845630530658	21.52782017864831
11.402845630530658	22.047199533918597
11.502845630530658	22.57687408628911
11.602845630530657	23.116736596410515
11.702845630530657	23.66665768926414
11.802845630530657	24.226524964686302
11.902845630530656	24.796285872802752
12.002845630530656	25.375836963637674
12.102845630530656	25.965057825325463
12.202845630530655	26.563892438593854
12.302845630530655	27.172254386256224
12.402845630530654	27.790028871396174
12.502845630530654	28.41715140348093
12.602845630530654	29.010403510948706
12.62818909090909	29.034662070955406
1000012.6281890909	29.034662070955406
