-100000	0
0.3671016317899074	0
0.37043496512324076	0.0000025429314147009626
0.37543496512324076	0.00002398428718401847
0.38293496512324077	0.00011490373525317553
0.39418496512324075	0.0004255138431115059
0.4110599651232407	0.0013875120355033106
0.43637246512324074	0.00419269957842419
0.47434121512324073	0.011945434172861293
0.5312943401232407	0.03252834296847853
0.6167240276232407	0.07859060281918452
0.7167240276232407	0.14771757621049886
0.8167240276232407	0.22976467799472367
0.9167240276232407	0.3226755422908615
1.0167240276232408	0.4250775666057866
1.1167240276232409	0.5359388774897447
1.216724027623241	0.654442228092093
1.316724027623241	0.780031885343779
1.4167240276232411	0.912191966676127
1.5167240276232412	1.050257389952231
1.6167240276232413	1.1936410788992096
1.7167240276232414	1.3419089656118157
1.8167240276232415	1.494656859009791
1.9167240276232416	1.6514360981837675
2.0167240276232414	1.812015701832233
2.1167240276232415	1.9759398796481848
2.2167240276232416	2.1429350667201934
2.3167240276232417	2.312625231473961
2.416724027623242	2.4847497931499998
2.516724027623242	2.658981191113425
2.616724027623242	2.835064043765954
2.716724027623242	3.0126719010530576
2.816724027623242	3.19155004322424
2.9167240276232422	3.3714263471169468
3.0167240276232423	3.552020257631851
3.1167240276232424	3.733083963932279
3.2167240276232425	3.9143110629449693
3.3167240276232426	4.095507134358372
3.4167240276232427	4.276317389665413
3.5167240276232428	4.456583841227582
3.616724027623243	4.635938932651725
3.716724027623243	4.814244655645968
3.816724027623243	4.991120671499483
3.916724027623243	5.166405755610009
4.016724027623243	5.3398036421292945
4.116724027623243	5.511068639379339
4.2167240276232425	5.679857100011729
4.316724027623242	5.8459758312208425
4.416724027623242	6.0091141751776975
4.516724027623241	6.1690088271226795
4.616724027623241	6.325393564268225
4.716724027623241	6.478049968297622
4.81672402762324	6.626648633862636
4.91672402762324	6.770867677941566
5.01672402762324	6.910472010123514
5.116724027623239	7.045156950246434
5.216724027623239	7.174708870680974
5.316724027623239	7.2987640702343874
5.416724027623238	7.417101647349571
5.516724027623238	7.529494304068814
5.6167240276232375	7.635525111472866
5.716724027623237	7.735057105205699
5.816724027623237	7.827741923406714
5.9167240276232365	7.913377417281237
6.016724027623236	7.99176997688809
6.116724027623236	8.062629485502523
6.216724027623235	8.125895014932214
6.316724027623235	8.18108398834445
6.416724027623235	8.227582405851102
6.516724027623234	8.267623376622069
6.616724027623234	8.304129990171257
6.716724027623234	8.339585029460997
6.816724027623233	8.375984778835948
6.916724027623233	8.414837826482403
7.0167240276232326	8.457317696574238
7.116724027623232	8.504305708152062
7.216724027623232	8.556508763095636
7.3167240276232315	8.614446988241534
7.416724027623231	8.678504443141168
7.516724027623231	8.748988114478623
7.61672402762323	8.826300048849877
7.71672402762323	8.91069000435309
7.81672402762323	9.002432153417912
7.916724027623229	9.101808338813619
8.01672402762323	9.209032762404059
8.11672402762323	9.324288390839389
8.21672402762323	9.447786519639898
8.316724027623229	9.579689798600143
8.416724027623228	9.720187863269532
8.516724027623228	9.869443390087001
8.616724027623228	10.02764206444048
8.716724027623227	10.19497217506985
8.816724027623227	10.371649912117304
8.916724027623227	10.55790447126019
9.016724027623226	10.75401304071625
9.116724027623226	10.960270145705701
9.216724027623226	11.176946066057639
9.316724027623225	11.404259579012749
9.416724027623225	11.642385859098521
9.516724027623225	11.891478619795832
9.616724027623224	12.151640876502894
9.716724027623224	12.423431633153276
9.816724027623223	12.707449353597303
9.916724027623223	13.003741576490482
10.016724027623223	13.31228738164065
10.116724027623222	13.633050321026762
10.216724027623222	13.965962027542936
10.316724027623222	14.310922511081621
10.416724027623221	14.66787368060904
10.516724027623221	15.036699392043136
10.61672402762322	15.417291604126632
10.71672402762322	15.809612177035792
10.81672402762322	16.213502570139962
10.91672402762322	16.628837641165532
11.01672402762322	17.05551743248491
11.116724027623219	17.49344030765452
11.216724027623219	17.94250047552579
11.316724027623218	18.402589523888345
11.416724027623218	18.873546001240868
11.516724027623217	19.355340523546634
11.616724027623217	19.847847784359633
11.716724027623217	20.350944089806863
11.816724027623216	20.86453266148976
11.916724027623216	21.388492523049774
12.016724027623216	21.922766587443775
12.116724027623215	22.46726467697072
12.216724027623215	23.02185838044881
12.316724027623215	23.58649099302315
12.416724027623214	24.16107223659532
12.516724027623214	24.745501658070555
12.616724027623214	25.32049431029308
12.646516363636366	25.360656562694857
1000012.6465163636	25.360656562694857
