-100000	0
0.5138742689727973	0
0.5172076023061306	0.000002166949314299682
0.5222076023061306	0.000018193586894760665
0.5297076023061306	0.0000821322531760628
0.5409576023061305	0.00029297745079503274
0.5578326023061305	0.0009292926002171847
0.5831451023061305	0.0027638037953597763
0.6211138523061305	0.007907663858683267
0.6780669773061305	0.021901845307487223
0.7634966648061305	0.058168394613682534
0.8634966648061305	0.11739975315084113
0.9634966648061305	0.18993929151173425
1.0634966648061306	0.27354901219908406
1.1634966648061307	0.366733503657713
1.2634966648061308	0.46844489723637345
1.3634966648061309	0.5777656124997214
1.463496664806131	0.6940178507226623
1.563496664806131	0.8165852500275044
1.6634966648061311	0.9449250890252973
1.7634966648061312	1.0785126176437738
1.8634966648061313	1.216795226567619
1.9634966648061314	1.3595630191930654
2.0634966648061313	1.506400992048257
2.1634966648061313	1.656896728553555
2.2634966648061314	1.8108309360128683
2.3634966648061315	1.967889670813221
2.4634966648061316	2.127751418347646
2.5634966648061317	2.2901281964358895
2.663496664806132	2.454730049653177
2.763496664806132	2.621256444366939
2.863496664806132	2.7893834898706906
2.963496664806132	2.9588308886923516
3.063496664806132	3.1292967643946237
3.1634966648061322	3.300465398748783
3.2634966648061323	3.4719661371613437
3.3634966648061324	3.6433540048810182
3.4634966648061325	3.81416887051214
3.5634966648061326	3.9839925173491046
3.6634966648061327	4.152421711882495
3.7634966648061328	4.319207534084813
3.863496664806133	4.4840351922828106
3.963496664806133	4.646637867035734
4.063496664806133	4.8067042253231085
4.163496664806132	4.963933484534466
4.263496664806132	5.118044578437591
4.3634966648061315	5.268729529722649
4.463496664806131	5.415715728967906
4.563496664806131	5.558683595521795
4.6634966648061305	5.697321824558842
4.76349666480613	5.831306276977611
4.86349666480613	5.960363657942234
4.963496664806129	6.084109529310767
5.063496664806129	6.2022942518880715
5.163496664806129	6.314536696100892
5.263496664806128	6.420517717702636
5.363496664806128	6.519844166455641
5.463496664806128	6.612248879884071
5.563496664806127	6.69731938062001
5.663496664806127	6.7747488433667735
5.7634966648061265	6.844132240988461
5.863496664806126	6.9051059905443575
5.963496664806126	6.9573200135346065
6.0634966648061255	7.000344210741931
6.163496664806125	7.033823509028355
6.263496664806125	7.05760173634125
6.363496664806124	7.07278383459182
6.463496664806124	7.08178865206899
6.563496664806124	7.087679631761847
6.663496664806123	7.0922550697569156
6.763496664806123	7.0965555602636385
6.863496664806123	7.1012950037242115
6.963496664806122	7.107091556991931
7.063496664806122	7.114566216244844
7.163496664806122	7.124421963588827
7.263496664806121	7.137481502893749
7.363496664806121	7.1546795389925295
7.4634966648061205	7.1769381597242825
7.56349666480612	7.205078647691042
7.66349666480612	7.2396144178021204
7.763496664806119	7.280817818708315
7.863496664806119	7.328950498648357
7.963496664806119	7.3842048452982585
8.063496664806118	7.4467971026282065
8.163496664806118	7.516930960404673
8.263496664806118	7.5947621571438235
8.363496664806117	7.680459832554947
8.463496664806117	7.774207764978212
8.563496664806117	7.87614364562079
8.663496664806116	7.986433289063775
8.763496664806116	8.105232705811197
8.863496664806116	8.232689302217828
8.963496664806115	8.368995534184018
9.063496664806115	8.514347585282554
9.163496664806114	8.66893490480281
9.263496664806114	8.832956876427138
9.363496664806114	9.006638181261525
9.463496664806113	9.190240018924552
9.563496664806113	9.384060029250517
9.663496664806113	9.588461509790127
9.763496664806112	9.804787361479042
9.863496664806112	10.033453026711557
9.963496664806112	10.274599184307887
10.063496664806111	10.52821866256338
10.163496664806111	10.794352138036817
10.26349666480611	11.072988656375921
10.36349666480611	11.364086990657476
10.46349666480611	11.667628913511482
10.56349666480611	11.983560479585075
10.66349666480611	12.311780173919958
10.763496664806109	12.65222203503709
10.863496664806108	13.004776406727867
10.963496664806108	13.369360301225235
11.063496664806108	13.745870238692445
11.163496664806107	14.134192557065083
11.263496664806107	14.534195853894234
11.363496664806107	14.945783070756516
11.463496664806106	15.368850016361082
11.563496664806106	15.803271029723883
11.663496664806106	16.24891496181569
11.763496664806105	16.70568948883529
11.863496664806105	17.173487382442094
11.963496664806105	17.65224614621748
12.063496664806104	18.141849891685716
12.163496664806104	18.64217720416239
12.263496664806103	19.153174170451397
12.363496664806103	19.67474513610685
12.463496664806103	20.206786873219123
12.563496664806102	20.749228235459938
12.663496664806102	21.17446453336701
12.664843636363637	21.17446888832682
1000012.6648436363	21.17446888832682
