-100000	0
0.7044628920994089	0
0.7077962254327422	0.00000075425015538687
0.7127962254327422	0.000008013836129333284
0.7202962254327422	0.00004046152711498869
0.7315462254327422	0.00015800300331120787
0.7484212254327421	0.0005408772603108208
0.7737337254327421	0.0017155244121318523
0.8117024754327421	0.005181324731077175
0.8686556004327421	0.015049839388748775
0.9540852879327422	0.04239445422499899
1.0540852879327423	0.09257778172099704
1.1540852879327423	0.15696167839725564
1.2540852879327424	0.2328268038239111
1.3540852879327425	0.3185153955804606
1.4540852879327426	0.4128443308405861
1.5540852879327427	0.5148982679706272
1.6540852879327428	0.6239269197847066
1.7540852879327429	0.7392866598900001
1.854085287932743	0.8604208266458053
1.954085287932743	0.9868044785400947
2.054085287932743	1.1180333276252417
2.1540852879327432	1.2537866044391175
2.2540852879327433	1.3937782174232336
2.3540852879327434	1.537733831950003
2.4540852879327435	1.6853500202250349
2.5540852879327436	1.8363247206745783
2.6540852879327437	1.990341551407613
2.7540852879327438	2.1470432463499276
2.854085287932744	2.3059737260202993
2.954085287932744	2.466767908263463
3.054085287932744	2.628860694627595
3.154085287932744	2.7917696735738513
3.254085287932744	2.9549747354458344
3.3540852879327443	3.117876286691898
3.4540852879327444	3.2799089164770336
3.5540852879327445	3.4405592662184543
3.6540852879327446	3.5992646935910764
3.7540852879327447	3.7558409265406465
3.8540852879327447	3.9098400168434
3.954085287932745	4.061063478170196
4.054085287932745	4.209049046264846
4.154085287932745	4.353584868341027
4.254085287932744	4.494203128644456
4.354085287932744	4.6306759057042495
4.4540852879327435	4.762526451669172
4.554085287932743	4.889506823789772
4.654085287932743	5.011153667137916
4.754085287932742	5.127154106961772
4.854085287932742	5.237074603216938
4.954085287932742	5.340529997106734
5.054085287932741	5.437092529289964
5.154085287932741	5.526345128064751
5.254085287932741	5.607846274426706
5.35408528793274	5.681122917389764
5.45408528793274	5.7457108070669225
5.55408528793274	5.801084996837069
5.654085287932739	5.846693657335899
5.754085287932739	5.881961444539869
5.8540852879327385	5.906264720749763
5.954085287932738	5.919535905844271
6.054085287932738	5.924755054678131
6.1540852879327375	5.925743673625371
6.254085287932737	5.925747465197236
6.354085287932737	5.925747465197236
6.454085287932736	5.925747465197236
6.554085287932736	5.925747465197236
6.654085287932736	5.925747465197236
6.754085287932735	5.925747465197236
6.854085287932735	5.925747465197236
6.954085287932735	5.925747465197236
7.054085287932734	5.925747465197236
7.154085287932734	5.925747465197236
7.2540852879327336	5.925747465197236
7.354085287932733	5.925747465197236
7.454085287932733	5.925747465197236
7.5540852879327325	5.925804056591305
7.654085287932732	5.926383704307842
7.754085287932732	5.928189329969794
7.854085287932731	5.93200484145079
7.954085287932731	5.938694320781663
8.05408528793273	5.949133921185695
8.15408528793273	5.964277965552514
8.25408528793273	5.985116383038478
8.35408528793273	6.012621208804371
8.45408528793273	6.0474986707142975
8.554085287932729	6.090007325548485
8.654085287932729	6.140367984194309
8.754085287932728	6.198799419280047
8.854085287932728	6.2654795091040665
8.954085287932728	6.340584218821521
9.054085287932727	6.424236138431373
9.154085287932727	6.516660038637756
9.254085287932726	6.618053571835232
9.354085287932726	6.728494381642549
9.454085287932726	6.848237030428132
9.554085287932725	6.977496096813993
9.654085287932725	7.116532934056457
9.754085287932725	7.267039273590724
9.854085287932724	7.42965020303589
9.954085287932724	7.604490029682923
10.054085287932724	7.7918862685457
10.154085287932723	7.991903187402284
10.254085287932723	8.204591510132719
10.354085287932723	8.430105365599138
10.454085287932722	8.668535734272098
10.554085287932722	8.919861470071991
10.654085287932721	9.18406109357913
10.754085287932721	9.46106724922735
10.85408528793272	9.750877011629951
10.95408528793272	10.053390580567186
11.05408528793272	10.3685132925069
11.15408528793272	10.696168537086159
11.25408528793272	11.036235631550849
11.354085287932719	11.388625665488933
11.454085287932719	11.753226378601816
11.554085287932718	12.129921100407914
11.654085287932718	12.518587107493163
11.754085287932718	12.91910394697928
11.854085287932717	13.331380822352893
11.954085287932717	13.755311585402763
12.054085287932716	14.190776691566978
12.154085287932716	14.637648724309868
12.254085287932716	15.095815280951056
12.354085287932715	15.565207437981979
12.454085287932715	16.045698066912113
12.554085287932715	16.537222299960586
12.654085287932714	17.032559851319988
12.68317090909091	17.07495552605562
1000012.6831709091	17.07495552605562
