-100000	0
0.9424971669270548	0
0.9458305002603881	0.00000043027456551565454
0.9508305002603881	0.000004328425397510759
0.958330500260388	0.0000235693541814552
0.969580500260388	0.00009747334228987042
0.986455500260388	0.000348362966956482
1.011768000260388	0.0011437586071230937
1.049736750260388	0.003560026315070817
1.106689875260388	0.010619551507345806
1.192119562760388	0.030820442261166613
1.292119562760388	0.0716294302366473
1.3921195627603882	0.12850639952673112
1.4921195627603883	0.19766208835944046
1.5921195627603884	0.2771056698120178
1.6921195627603884	0.365493856074863
1.7921195627603885	0.461809856663018
1.8921195627603886	0.5652227693565453
1.9921195627603887	0.6750331650147269
2.092119562760389	0.7906617471052008
2.192119562760389	0.9117665423611632
2.292119562760389	1.037995168211495
2.392119562760389	1.1690439999715372
2.492119562760389	1.304608812560943
2.5921195627603892	1.444350409904026
2.6921195627603893	1.5878655868846083
2.7921195627603894	1.7346178478125436
2.8921195627603895	1.8841642173771538
2.9921195627603896	2.035852889508536
3.0921195627603897	2.189044264869595
3.1921195627603898	2.3430825061866636
3.29211956276039	2.497324599697055
3.39211956276039	2.6511394864737996
3.49211956276039	2.8039386350674964
3.59211956276039	2.955230624256989
3.69211956276039	3.1045321658570817
3.7921195627603903	3.2515542952615517
3.8921195627603904	3.3958547697565526
3.9921195627603905	3.5370567693618638
4.092119562760391	3.674795730231913
4.19211956276039	3.80859670939652
4.29211956276039	3.938140544908978
4.3921195627603895	4.0629177171419455
4.492119562760389	4.182566750372119
4.592119562760389	4.296580826519752
4.692119562760388	4.404492234362525
4.792119562760388	4.505855031846156
4.892119562760388	4.600119555545034
4.992119562760387	4.686712773378684
5.092119562760387	4.765018337463147
5.192119562760387	4.834473142365051
5.292119562760386	4.894316883774844
5.392119562760386	4.9437343626483345
5.492119562760386	4.981827918971039
5.592119562760385	5.007524431624786
5.692119562760385	5.02045971179889
5.7921195627603845	5.024463975713137
5.892119562760384	5.024767257137449
5.992119562760384	5.024767257137449
6.0921195627603835	5.024767257137449
6.192119562760383	5.024767257137449
6.292119562760383	5.024767257137449
6.392119562760382	5.024767257137449
6.492119562760382	5.024767257137449
6.592119562760382	5.024767257137449
6.692119562760381	5.024767257137449
6.792119562760381	5.024767257137449
6.892119562760381	5.024767257137449
6.99211956276038	5.024767257137449
7.09211956276038	5.024767257137449
7.19211956276038	5.024767257137449
7.292119562760379	5.024767257137449
7.392119562760379	5.024767257137449
7.4921195627603785	5.024767257137449
7.592119562760378	5.024767257137449
7.692119562760378	5.024767257137449
7.792119562760377	5.024767257137449
7.892119562760377	5.024767257137449
7.992119562760377	5.024767257137449
8.092119562760377	5.024767257137449
8.192119562760377	5.024767257137449
8.292119562760377	5.024767257137449
8.392119562760376	5.024825379753407
8.492119562760376	5.025499903110392
8.592119562760375	5.027613551859678
8.692119562760375	5.03201604527196
8.792119562760375	5.039671033355987
8.892119562760374	5.051618571294697
8.992119562760374	5.068761320845585
9.092119562760374	5.09222436393434
9.192119562760373	5.123153275054431
9.292119562760373	5.162335034767484
9.392119562760373	5.2101570897698775
9.492119562760372	5.266814501925634
9.592119562760372	5.332473173245444
9.692119562760372	5.407628829557373
9.792119562760371	5.493730644091531
9.89211956276037	5.591222536301081
9.99211956276037	5.700431319885996
10.09211956276037	5.821864866216095
10.19211956276037	5.955858944142212
10.29211956276037	6.10267571517673
10.392119562760369	6.262504769593988
10.492119562760369	6.435539040472388
10.592119562760368	6.621878752971769
10.692119562760368	6.821684076571662
10.792119562760368	7.034971654504695
10.892119562760367	7.261720353839093
10.992119562760367	7.501965916510609
11.092119562760367	7.755601111470689
11.192119562760366	8.02257719978388
11.292119562760366	8.30283656313453
11.392119562760366	8.596260827496549
11.492119562760365	8.902736384623903
11.592119562760365	9.22215625435569
11.692119562760364	9.554363702965103
11.792119562760364	9.899289249517684
11.892119562760364	10.256763008255875
11.992119562760363	10.626692758203331
12.092119562760363	11.008962444465784
12.192119562760363	11.40344468785281
12.292119562760362	11.81003076968144
12.392119562760362	12.228600570452874
12.492119562760362	12.65903156248834
12.592119562760361	13.101229180881639
12.692119562760361	13.504667717550577
12.701498181818184	13.506200495676428
1000012.7014981818	13.506200495676428
