-100000	0
1.2423217292241215	0
1.245655062557455	0.00000032149854158784946
1.2506550625574548	0.0000032051778278823334
1.258155062557455	0.000017045310653508465
1.2694050625574549	0.00007040283765851439
1.2862800625574549	0.00025186531065215807
1.311592562557455	0.0008322593054771928
1.349561312557455	0.0026200713261991184
1.406514437557455	0.008006409088561964
1.491944125057455	0.023794924866276313
1.591944125057455	0.05659431813289106
1.6919441250574552	0.10655466321509502
1.7919441250574553	0.17041829617267565
1.8919441250574554	0.24532238373417706
1.9919441250574554	0.3296024171147877
2.0919441250574553	0.42205708067785697
2.1919441250574554	0.5217468947597145
2.2919441250574555	0.6279293772741519
2.3919441250574556	0.7400422976149209
2.4919441250574557	0.8576692421193217
2.5919441250574558	0.980465239623432
2.691944125057456	1.1080016814783324
2.791944125057456	1.2397983891325954
2.891944125057456	1.3753313487989993
2.991944125057456	1.5139114016786712
3.091944125057456	1.654820337797538
3.1919441250574563	1.7973094877800626
3.2919441250574564	1.9406359118262637
3.3919441250574565	2.0840447816266843
3.4919441250574565	2.2267866313134523
3.5919441250574566	2.3682475206876585
3.6919441250574567	2.507814972470149
3.791944125057457	2.6451835898133518
3.891944125057457	2.7798514285733367
3.991944125057457	2.9113019166391574
4.091944125057457	3.0391638196689557
4.191944125057456	3.1628427962759926
4.291944125057456	3.2819393306083176
4.391944125057456	3.395921846329323
4.491944125057455	3.5042474636671344
4.591944125057455	3.606275726463734
4.6919441250574545	3.701358875968087
4.791944125057454	3.78886781508743
4.891944125057454	3.868023702991758
4.991944125057453	3.9379902783954193
5.091944125057453	3.99779053208815
5.191944125057453	4.046116931793435
5.291944125057452	4.081416869322947
5.391944125057452	4.101897410665659
5.491944125057452	4.109968387544033
5.591944125057451	4.1112770308101725
5.691944125057451	4.11127703381094
5.791944125057451	4.11127703381094
5.89194412505745	4.11127703381094
5.99194412505745	4.11127703381094
6.0919441250574495	4.11127703381094
6.191944125057449	4.11127703381094
6.291944125057449	4.11127703381094
6.3919441250574485	4.11127703381094
6.491944125057448	4.11127703381094
6.591944125057448	4.11127703381094
6.691944125057447	4.11127703381094
6.791944125057447	4.11127703381094
6.891944125057447	4.11127703381094
6.991944125057446	4.11127703381094
7.091944125057446	4.11127703381094
7.191944125057446	4.11127703381094
7.291944125057445	4.11127703381094
7.391944125057445	4.11127703381094
7.491944125057445	4.11127703381094
7.591944125057444	4.11127703381094
7.691944125057444	4.11127703381094
7.7919441250574435	4.11127703381094
7.891944125057443	4.11127703381094
7.991944125057443	4.11127703381094
8.091944125057443	4.11127703381094
8.191944125057443	4.11127703381094
8.291944125057443	4.11127703381094
8.391944125057442	4.11127703381094
8.491944125057442	4.11127703381094
8.591944125057442	4.11127703381094
8.691944125057441	4.11127703381094
8.79194412505744	4.11127703381094
8.89194412505744	4.11127703381094
8.99194412505744	4.11127703381094
9.09194412505744	4.11127703381094
9.19194412505744	4.1112773053338385
9.291944125057439	4.111533663659994
9.391944125057439	4.112904795312056
9.491944125057438	4.116450835742173
9.591944125057438	4.123191813503105
9.691944125057438	4.134215941648966
9.791944125057437	4.150993692335407
9.891944125057437	4.175019419863304
9.991944125057437	4.20790596486637
10.091944125057436	4.251373525624926
10.191944125057436	4.3064612429488625
10.291944125057435	4.373830787809089
10.391944125057435	4.453945660515485
10.491944125057435	4.5472223336366255
10.591944125057434	4.654132542915159
10.691944125057434	4.77488440031344
10.791944125057434	4.909671887016409
10.891944125057433	5.058716113480131
10.991944125057433	5.222211245506174
11.091944125057433	5.400194304996422
11.191944125057432	5.592643845397713
11.291944125057432	5.799488237406266
11.391944125057432	6.020694868302222
11.491944125057431	6.256176635833116
11.59194412505743	6.505830852912699
11.69194412505743	6.769499202169685
11.79194412505743	7.047031649981624
11.89194412505743	7.338326901309966
11.99194412505743	7.643218080961453
12.091944125057429	7.961551510844629
12.191944125057429	8.293170754429445
12.291944125057428	8.637955167112734
12.391944125057428	8.995746436818797
12.491944125057428	9.366414669660761
12.591944125057427	9.749822568588247
12.691944125057427	10.14428495385601
12.719825454545456	10.18624489389661
1000012.7198254545	10.18624489389661
