-100000	0
0	0
0.0033333333333333335	0.0012912058082015267
0.008333333333333333	0.00342358335616891
0.01583333333333333	0.007064726695157781
0.02708333333333333	0.013471198046191091
0.043958333333333335	0.024802264364788856
0.06927083333333334	0.04516286214434646
0.10723958333333333	0.0818660744931374
0.16419270833333333	0.14793436522550166
0.24962239583333334	0.26597052983901126
0.3496223958333333	0.42588824742445497
0.4496223958333333	0.6035241115772308
0.5496223958333333	0.7948111413271667
0.6496223958333333	0.9967433692481616
0.7496223958333332	1.2071383133744529
0.8496223958333332	1.4241500578542978
0.9496223958333332	1.6462730436532704
1.0496223958333333	1.8723649886091076
1.1496223958333334	2.1013669472438723
1.2496223958333335	2.3331584377191983
1.3496223958333335	2.5672365510882953
1.4496223958333336	2.802817456985686
1.5496223958333337	3.0392476651618687
1.6496223958333338	3.2759156069288906
1.749622395833334	3.512446713713807
1.849622395833334	3.748476418371202
1.949622395833334	3.983689767747464
2.049622395833334	4.217888942149644
2.149622395833334	4.4509069845712075
2.249622395833334	4.682703910220281
2.349622395833334	4.913359666364276
2.4496223958333343	5.142909678328154
2.5496223958333344	5.371469742385883
2.6496223958333345	5.599271752001517
2.7496223958333346	5.826631022412828
2.8496223958333347	6.053965592585756
2.9496223958333347	6.28178497621281
3.049622395833335	6.510688296962602
3.149622395833335	6.741408082749377
3.249622395833335	6.974810612461452
3.349622395833335	7.2119067030950355
3.449622395833335	7.453869964600213
3.5496223958333353	7.702076222188105
3.6496223958333354	7.958119625830794
3.7496223958333355	8.22376922472021
3.8496223958333355	8.5009309669958
3.9496223958333356	8.791610470980057
4.049622395833335	9.097752900570315
4.149622395833335	9.421083756806231
4.249622395833335	9.762766900171828
4.349622395833334	10.123799634139182
4.449622395833334	10.50501547576307
4.5496223958333335	10.907051428011517
4.649622395833333	11.330721038651292
4.749622395833333	11.77644792220738
4.849622395833332	12.244749731035231
4.949622395833332	12.736042651280455
5.049622395833332	13.250274907876884
5.149622395833331	13.78773445914764
5.249622395833331	14.348276981913008
5.349622395833331	14.931957835151387
5.44962239583333	15.538499661946904
5.54962239583333	16.167484362627896
5.64962239583333	16.818568230741167
5.749622395833329	17.491179237187296
5.849622395833329	18.184915321556943
5.9496223958333285	18.899155660922613
6.049622395833328	19.63325704056415
6.149622395833328	20.386573170554822
6.2496223958333275	21.158453197276053
6.349622395833327	21.94825260363227
6.449622395833327	22.75530849707758
6.549622395833326	23.57895226116813
6.649622395833326	24.418518174652743
6.749622395833326	25.27338915428719
6.849622395833325	26.142954921558385
6.949622395833325	27.026627890093593
7.049622395833325	27.923781314851492
7.149622395833324	28.833851780465245
7.249622395833324	29.756257993915032
7.3496223958333236	30.690483603503612
7.449622395833323	31.636010215233807
7.549622395833323	32.59229418907171
7.6496223958333225	33.558859177277256
7.749622395833322	34.535191568033774
7.849622395833322	35.520938635128864
7.949622395833321	36.5155844671304
8.049622395833321	37.518723263171196
8.14962239583332	38.52999965731106
8.24962239583332	39.548954208551834
8.34962239583332	40.57525902181051
8.44962239583332	41.60848842298686
8.54962239583332	42.64829120155771
8.649622395833319	43.69441199205958
8.749622395833319	44.74642569588343
8.849622395833318	45.80397134864203
8.949622395833318	46.86686820292413
9.049622395833318	47.93470039245975
9.149622395833317	49.00730092889416
9.249622395833317	50.08428547969802
9.349622395833316	51.1654730072293
9.449622395833316	52.250538758631755
9.549622395833316	53.3393135121925
9.649622395833315	54.431510634079196
9.749622395833315	55.526942857293044
9.849622395833315	56.625309385427585
9.949622395833314	57.72650825698227
10.049622395833314	58.83027933947033
10.149622395833314	59.93641275259364
10.249622395833313	61.04472218530242
10.349622395833313	62.154998167611836
10.449622395833313	63.26705493817508
10.549622395833312	64.38069935931702
10.649622395833312	65.49573952191479
10.749622395833311	66.61199394958085
10.849622395833311	67.72925700635527
10.94962239583331	68.84738301082352
11.04962239583331	69.96619511925782
11.14962239583331	71.08551606741277
11.24962239583331	72.20518049250897
11.34962239583331	73.32502231325113
11.449622395833309	74.44487472096284
11.549622395833309	75.56458924879185
11.649622395833308	76.68400813375993
11.749622395833308	77.80300917025544
11.849622395833308	78.92141596796624
11.949622395833307	80.03908467043973
12.049622395833307	81.15586537584835
12.149622395833306	82.27162418907787
12.249622395833306	83.38623800995265
12.349622395833306	84.49957396918867
12.449622395833305	85.61151021441833
12.549622395833305	86.72190454904613
12.649622395833305	87.74159274155019
12.749622395833304	88.5716741972839
12.849622395833304	89.40242302358752
12.949622395833304	90.23383605512919
13.049622395833303	91.28104902618381
13.149622395833303	92.16565940560643
13.249622395833303	93.05299216954538
13.349622395833302	93.94231933204983
13.449622395833302	94.83364004198626
13.549622395833302	95.72590473330122
13.649622395833301	96.62110058355718
13.7496223958333	97.5182915642998
13.8496223958333	98.41747779036237
13.9496223958333	99.31865937657726
14.0496223958333	100.22183643777673
14.1496223958333	101.12700908879339
14.249622395833299	102.03417744446021
14.349622395833299	102.94334161960941
14.449622395833298	103.85450172907359
14.549622395833298	104.76765788768562
14.649622395833298	105.70979513147415
14.749622395833297	106.70136516672567
14.849622395833297	107.69910508965476
14.949622395833297	108.69884667226978
15.049622395833296	108.01476230168193
15.149622395833296	108.74978582311402
15.249622395833295	109.48480934454585
15.349622395833295	110.21983286597754
15.449622395833295	110.95485638740938
15.549622395833294	111.689879908841
15.649622395833294	112.42490343027275
15.749622395833294	113.15992695170469
15.849622395833293	113.89495047313642
15.949622395833293	114.62997399456818
16.049622395833293	115.364997516
16.149622395833294	116.10002103743169
16.249622395833295	116.83504455886361
16.349622395833297	117.57006808029524
16.4496223958333	118.30509160172726
16.5496223958333	119.04011512315878
16.6496223958333	119.77513864459084
16.749622395833303	120.51016216602233
16.849622395833304	121.24556201796092
16.949622395833305	121.98055720453064
17.049622395833307	122.71555239110054
17.14962239583331	123.45054757767018
17.24962239583331	124.18554276424021
17.34962239583331	124.92053795080972
17.449622395833313	125.65530802919828
17.549622395833314	126.3900322478966
17.649622395833315	127.12503702750116
17.749622395833317	127.86004180710576
17.849622395833318	128.59504658671045
17.94962239583332	129.33005136631547
18.04962239583332	130.06505614591967
18.149622395833322	130.80006092552452
18.249622395833324	131.53506570512906
18.349622395833325	132.27007048473396
18.449622395833327	133.0050752643386
18.549622395833328	133.73997333005133
18.64962239583333	134.47500821509067
18.74962239583333	135.21028224553115
18.849622395833332	135.94527992419154
18.949622395833334	136.68027760285193
19.049622395833335	137.41527528151235
19.149622395833337	138.1502729601727
19.249622395833338	138.885270638833
19.34962239583334	139.62026831749355
19.44962239583334	140.35526599615386
19.549622395833342	141.09026367481434
19.649622395833344	141.8252613534744
19.749622395833345	142.56025903213506
19.849622395833347	143.29525671079546
19.949622395833348	144.0302543894559
20.04962239583335	144.76525206811579
20.14962239583335	145.50024974677666
20.249622395833352	146.576636741476
20.349622395833354	147.65515183060901
20.449622395833355	148.56260135956032
20.549622395833357	149.297694335825
20.649622395833358	150.03278731208957
20.74962239583336	150.7678802883539
20.84962239583336	151.50297326461862
20.949622395833362	152.23850066814322
21.049622395833364	152.97339463251146
21.149622395833365	153.7082885968799
21.249622395833367	154.443182561248
21.349622395833368	155.17807652561663
21.44962239583337	155.9125913947843
21.54962239583337	156.64762660752683
21.649622395833372	157.38266182026965
21.749622395833374	158.11769703301223
21.849622395833375	158.85273224575488
21.949622395833376	159.58776745849764
22.049622395833378	160.32280267124028
22.14962239583338	161.05783788398298
22.24962239583338	161.79287309672566
22.349622395833382	162.52790830946822
22.449622395833384	163.26294352221097
22.549622395833385	163.99797873495388
22.649622395833386	164.73301394769643
22.749622395833388	165.46804916043928
22.75	165.47043921637402
1000022.75	165.47043921637402
