-100000	0
1.6167248312692593	0
1.6200581646025927	0.0000002382566531091503
1.6250581646025926	0.000002208183650566618
1.6325581646025926	0.000011695574631014547
1.6438081646025926	0.000049976720697958916
1.6606831646025926	0.00018735288385419492
1.6859956646025926	0.0006470528722687274
1.7239644146025928	0.002109842334109829
1.7809175396025927	0.006570883312699305
1.8663472271025927	0.019749694427612912
1.9663472271025928	0.04729818507875196
2.0663472271025927	0.09009957808589664
2.1663472271025928	0.1490361584227634
2.266347227102593	0.22054462151275714
2.366347227102593	0.3019193442773216
2.466347227102593	0.391523108428482
2.566347227102593	0.4882421837134305
2.666347227102593	0.5912316997803653
2.7663472271025933	0.6998393247409518
2.8663472271025934	0.8135693280935624
2.9663472271025935	0.9317422732701975
3.0663472271025936	1.0535367759626608
3.1663472271025936	1.1780958617914128
3.2663472271025937	1.304566968765002
3.366347227102594	1.4320428738307673
3.466347227102594	1.5596772136515218
3.566347227102594	1.6868807247991346
3.666347227102594	1.8129361099238956
3.766347227102594	1.9371440428999191
3.8663472271025943	2.0588123322915854
3.9663472271025944	2.1773146612793615
4.066347227102594	2.2920736918833664
4.166347227102594	2.4024560848326058
4.266347227102593	2.5078570493885888
4.366347227102593	2.6076427834478197
4.466347227102593	2.701067397320204
4.566347227102592	2.787296539434056
4.666347227102592	2.865394266077907
4.7663472271025915	2.934197464081946
4.866347227102591	2.9921170747063757
4.966347227102591	3.0366743105043787
5.0663472271025904	3.0647499710755155
5.16634722710259	3.0785713979359812
5.26634722710259	3.082690227593839
5.366347227102589	3.082889783629398
5.466347227102589	3.082889783629398
5.566347227102589	3.082889783629398
5.666347227102588	3.082889783629398
5.766347227102588	3.082889783629398
5.866347227102588	3.082889783629398
5.966347227102587	3.082889783629398
6.066347227102587	3.082889783629398
6.1663472271025865	3.082889783629398
6.266347227102586	3.082889783629398
6.366347227102586	3.082889783629398
6.4663472271025855	3.082889783629398
6.566347227102585	3.082889783629398
6.666347227102585	3.082889783629398
6.766347227102584	3.082889783629398
6.866347227102584	3.082889783629398
6.966347227102584	3.082889783629398
7.066347227102583	3.082889783629398
7.166347227102583	3.082889783629398
7.266347227102583	3.082889783629398
7.366347227102582	3.082889783629398
7.466347227102582	3.082889783629398
7.566347227102582	3.082889783629398
7.666347227102581	3.082889783629398
7.766347227102581	3.082889783629398
7.8663472271025805	3.082889783629398
7.96634722710258	3.082889783629398
8.06634722710258	3.082889783629398
8.16634722710258	3.082889783629398
8.26634722710258	3.082889783629398
8.36634722710258	3.082889783629398
8.46634722710258	3.082889783629398
8.566347227102579	3.082889783629398
8.666347227102579	3.082889783629398
8.766347227102578	3.082889783629398
8.866347227102578	3.082889783629398
8.966347227102577	3.082889783629398
9.066347227102577	3.082889783629398
9.166347227102577	3.082889783629398
9.266347227102576	3.082889783629398
9.366347227102576	3.082889783629398
9.466347227102576	3.082889783629398
9.566347227102575	3.082889783629398
9.666347227102575	3.082889783629398
9.766347227102575	3.082889783629398
9.866347227102574	3.082889783629398
9.966347227102574	3.082889783629398
10.066347227102574	3.082898445709238
10.166347227102573	3.08342664562288
10.266347227102573	3.085747888927609
10.366347227102573	3.0914476407840024
10.466347227102572	3.102086415381136
10.566347227102572	3.1195887837876906
10.666347227102571	3.145831348943485
10.766347227102571	3.182764687396558
10.86634722710257	3.2327173608470945
10.96634722710257	3.2977325549289707
11.06634722710257	3.3786402325411045
11.16634722710257	3.475640227784357
11.26634722710257	3.588890484346385
11.366347227102569	3.718440622033388
11.466347227102569	3.8643250900026573
11.566347227102568	4.026372753156899
11.666347227102568	4.204463417798723
11.766347227102568	4.398431300552792
11.866347227102567	4.608088978175157
11.966347227102567	4.8332499804047355
12.066347227102566	5.073667235012084
12.166347227102566	5.329145949566143
12.266347227102566	5.599445193606014
12.366347227102565	5.884371017628426
12.466347227102565	6.183694849243798
12.566347227102565	6.49723959185259
12.666347227102564	6.824818866876642
12.738152727272729	7.014717569647313
1000012.7381527273	7.014717569647313
