-100000	0
2.087660814904556	0
2.0909941482378893	0.00000021189153240028053
2.095994148237889	0.000002153374023950867
2.103494148237889	0.000012162223475852262
2.114744148237889	0.000052317810006354295
2.1316191482378892	0.0001921148420214201
2.1569316482378893	0.0006437090165251245
2.1949003982378894	0.002030074662930476
2.2518535232378896	0.006142207625683051
2.3372832107378896	0.018095440054048915
2.4372832107378897	0.042213277519799246
2.5372832107378898	0.07823248671306161
2.63728321073789	0.12654676497279158
2.73728321073789	0.1870384546719197
2.83728321073789	0.25812834962509196
2.93728321073789	0.337172090532429
3.03728321073789	0.42248820521856695
3.1372832107378903	0.5127782542345275
3.2372832107378904	0.6068903945375707
3.3372832107378905	0.7037465882360626
3.4372832107378906	0.8022979915922671
3.5372832107378906	0.9016856910211964
3.6372832107378907	1.0008191874633752
3.737283210737891	1.0983021275983862
3.837283210737891	1.192937596610734
3.937283210737891	1.2837260256010945
4.037283210737891	1.3697260677257939
4.13728321073789	1.4500497461213384
4.23728321073789	1.5237130189382424
4.33728321073789	1.5894068761469333
4.437283210737889	1.6449250966666844
4.537283210737889	1.6887742586435333
4.6372832107378885	1.7209396866580926
4.737283210737888	1.7418403852200657
4.837283210737888	1.7524407617294744
4.9372832107378875	1.7551554647339271
5.037283210737887	1.7551802621781332
5.137283210737887	1.7551802621781332
5.237283210737886	1.7551802621781332
5.337283210737886	1.7551802621781332
5.437283210737886	1.7551802621781332
5.537283210737885	1.7551802621781332
5.637283210737885	1.7551802621781332
5.737283210737885	1.7551802621781332
5.837283210737884	1.7551802621781332
5.937283210737884	1.7551802621781332
6.0372832107378835	1.7551802621781332
6.137283210737883	1.7551802621781332
6.237283210737883	1.7551802621781332
6.3372832107378825	1.7551802621781332
6.437283210737882	1.7551802621781332
6.537283210737882	1.7551802621781332
6.637283210737881	1.7551802621781332
6.737283210737881	1.7551802621781332
6.837283210737881	1.7551802621781332
6.93728321073788	1.7551802621781332
7.03728321073788	1.7551802621781332
7.13728321073788	1.7551802621781332
7.237283210737879	1.7551802621781332
7.337283210737879	1.7551802621781332
7.437283210737879	1.7551802621781332
7.537283210737878	1.7551802621781332
7.637283210737878	1.7551802621781332
7.7372832107378775	1.7551802621781332
7.837283210737877	1.7551802621781332
7.937283210737877	1.7551802621781332
8.037283210737877	1.7551802621781332
8.137283210737877	1.7551802621781332
8.237283210737877	1.7551802621781332
8.337283210737876	1.7551802621781332
8.437283210737876	1.7551802621781332
8.537283210737876	1.7551802621781332
8.637283210737875	1.7551802621781332
8.737283210737875	1.7551802621781332
8.837283210737874	1.7551802621781332
8.937283210737874	1.7551802621781332
9.037283210737874	1.7551802621781332
9.137283210737873	1.7551802621781332
9.237283210737873	1.7551802621781332
9.337283210737873	1.7551802621781332
9.437283210737872	1.7551802621781332
9.537283210737872	1.7551802621781332
9.637283210737872	1.7551802621781332
9.737283210737871	1.7551802621781332
9.837283210737871	1.7551802621781332
9.93728321073787	1.7551802621781332
10.03728321073787	1.7551802621781332
10.13728321073787	1.7551802621781332
10.23728321073787	1.7551802621781332
10.33728321073787	1.7551802621781332
10.437283210737869	1.7551802621781332
10.537283210737868	1.7551802621781332
10.637283210737868	1.7551802621781332
10.737283210737868	1.7551802621781332
10.837283210737867	1.7551802621781332
10.937283210737867	1.755253288788713
11.037283210737867	1.7565699388794456
11.137283210737866	1.7613317113007028
11.237283210737866	1.7717882402326999
11.337283210737866	1.7904464889958354
11.437283210737865	1.8198963483099495
11.537283210737865	1.862843646178235
11.637283210737865	1.9220484930191704
11.737283210737864	2.000270025659463
11.837283210737864	2.0992727665617488
11.937283210737863	2.2186010315131806
12.037283210737863	2.357493889997148
12.137283210737863	2.5153377410653035
12.237283210737862	2.691616060803194
12.337283210737862	2.885818801410323
12.437283210737862	3.0974104035195267
12.537283210737861	3.325999936344169
12.637283210737861	3.571177425581758
12.73728321073786	3.8307200476236702
12.756480000000002	3.8477312735736
1000012.75648	3.8477312735736
