-100000	0
2.7177916687166697	0
2.721125002050003	0.0000001299117053115747
2.726125002050003	0.0000012189825856476625
2.733625002050003	0.00000639017565467715
2.744875002050003	0.000025914760998953143
2.761750002050003	0.00009487437571217322
2.787062502050003	0.00031868257031843753
2.825031252050003	0.0009950155790961709
2.8819843770500033	0.002925518067182923
2.9674140645500033	0.008214819267187331
3.0674140645500034	0.018313755529413993
3.1674140645500035	0.032461751654546296
3.2674140645500036	0.050130582102639744
3.3674140645500037	0.0705784673052909
3.467414064550004	0.092796939828732
3.567414064550004	0.11565538161332492
3.667414064550004	0.13791037899979858
3.767414064550004	0.15838964879219464
3.867414064550004	0.1761275860991292
3.9674140645500042	0.19047949942271566
4.067414064550004	0.2010800305858125
4.1674140645500035	0.20784305447203755
4.267414064550003	0.21107939834384007
4.367414064550003	0.21172631448584855
4.4674140645500025	0.21172631448584855
4.567414064550002	0.21172631448584855
4.667414064550002	0.21172631448584855
4.767414064550001	0.21172631448584855
4.867414064550001	0.21172631448584855
4.967414064550001	0.21172631448584855
5.06741406455	0.21172631448584855
5.16741406455	0.21172631448584855
5.26741406455	0.21172631448584855
5.367414064549999	0.21172631448584855
5.467414064549999	0.21172631448584855
5.5674140645499985	0.21172631448584855
5.667414064549998	0.21172631448584855
5.767414064549998	0.21172631448584855
5.8674140645499975	0.21172631448584855
5.967414064549997	0.21172631448584855
6.067414064549997	0.21172631448584855
6.167414064549996	0.21172631448584855
6.267414064549996	0.21172631448584855
6.367414064549996	0.21172631448584855
6.467414064549995	0.21172631448584855
6.567414064549995	0.21172631448584855
6.667414064549995	0.21172631448584855
6.767414064549994	0.21172631448584855
6.867414064549994	0.21172631448584855
6.967414064549994	0.21172631448584855
7.067414064549993	0.21172631448584855
7.167414064549993	0.21172631448584855
7.2674140645499925	0.21172631448584855
7.367414064549992	0.21172631448584855
7.467414064549992	0.21172631448584855
7.567414064549991	0.21172631448584855
7.667414064549991	0.21172631448584855
7.767414064549991	0.21172631448584855
7.86741406454999	0.21172631448584855
7.96741406454999	0.21172631448584855
8.06741406454999	0.21172631448584855
8.16741406454999	0.21172631448584855
8.267414064549989	0.21172631448584855
8.367414064549989	0.21172631448584855
8.467414064549988	0.21172631448584855
8.567414064549988	0.21172631448584855
8.667414064549988	0.21172631448584855
8.767414064549987	0.21172631448584855
8.867414064549987	0.21172631448584855
8.967414064549986	0.21172631448584855
9.067414064549986	0.21172631448584855
9.167414064549986	0.21172631448584855
9.267414064549985	0.21172631448584855
9.367414064549985	0.21172631448584855
9.467414064549985	0.21172631448584855
9.567414064549984	0.21172631448584855
9.667414064549984	0.21172631448584855
9.767414064549984	0.21172631448584855
9.867414064549983	0.21172631448584855
9.967414064549983	0.21172631448584855
10.067414064549983	0.21172631448584855
10.167414064549982	0.21172631448584855
10.267414064549982	0.21172631448584855
10.367414064549981	0.21172631448584855
10.467414064549981	0.21172631448584855
10.56741406454998	0.21172631448584855
10.66741406454998	0.21172631448584855
10.76741406454998	0.21172631448584855
10.86741406454998	0.21172631448584855
10.96741406454998	0.21172631448584855
11.067414064549979	0.21172631448584855
11.167414064549979	0.21172631448584855
11.267414064549978	0.21172631448584855
11.367414064549978	0.21172631448584855
11.467414064549978	0.21172631448584855
11.567414064549977	0.21172631448584855
11.667414064549977	0.21172631448584855
11.767414064549977	0.2118159044990254
11.867414064549976	0.21391550972079582
11.967414064549976	0.22162895634527421
12.067414064549975	0.2384828297622726
12.167414064549975	0.267997808400128
12.267414064549975	0.3134751436031583
12.367414064549974	0.3784140305713957
12.467414064549974	0.4661417540808827
12.567414064549974	0.5799599649775647
12.667414064549973	0.7203176572311741
12.767414064549973	0.8746319988636794
12.774807272727275	0.8760255900399604
1000012.7748072727	0.8760255900399604
