-100000	0
6.274534658395742	0
6.277867991729075	0.0000004429296657619942
6.282867991729075	0.000005180457229980051
6.290367991729076	0.000030372892345120633
6.301617991729076	0.00013944403498681183
6.318492991729076	0.0005659319483891415
6.343805491729076	0.002118659324349766
6.381774241729076	0.007533500127295119
6.438727366729076	0.025562470639650076
6.524157054229075	0.07604316044888687
6.624157054229075	0.1666025693775476
6.7241570542290745	0.28732330205754747
6.824157054229074	0.4356283515196776
6.924157054229074	0.6095675359040688
7.024157054229073	0.8073080550629833
7.124157054229073	1.0274238255855683
7.224157054229073	1.268915429008895
7.324157054229072	1.5305341703273885
7.424157054229072	1.8114184018408392
7.524157054229072	2.1107961988599047
7.624157054229071	2.427835473903523
7.724157054229071	2.7619477570556845
7.824157054229071	3.112321346326481
7.92415705422907	3.4783265527336944
8.02415705422907	3.8594357258532876
8.12415705422907	4.255060459617021
8.22415705422907	4.664656918884792
8.324157054229069	5.087783124664582
8.424157054229068	5.523874615048881
8.524157054229068	5.972592740953577
8.624157054229068	6.433394441063109
8.724157054229067	6.905974500776494
8.824157054229067	7.389853517796166
8.924157054229067	7.88472984022477
9.024157054229066	8.390189080812585
9.124157054229066	8.905941804152869
9.224157054229066	9.43161284271939
9.324157054229065	9.966954792575715
9.424157054229065	10.511594844325787
9.524157054229065	11.065399791637017
9.624157054229064	11.627969399305233
9.724157054229064	12.199179159690202
9.824157054229063	12.778575559478504
9.924157054229063	13.366091371958237
10.024157054229063	13.96137376274676
10.124157054229062	14.564156376142824
10.224157054229062	15.174226064771046
10.324157054229062	15.79134124503316
10.424157054229061	16.41530689964493
10.524157054229061	17.04591182544701
10.62415705422906	17.68296776064209
10.72415705422906	18.32631512025074
10.82415705422906	18.975775981998908
10.92415705422906	19.631199507632655
11.02415705422906	20.292443482835015
11.124157054229059	20.959352202464608
11.224157054229059	21.631797422234918
11.324157054229058	22.309639167209998
11.424157054229058	22.992727859565207
11.524157054229057	23.680924520303066
11.624157054229057	24.37406346952847
11.724157054229057	25.071962780964117
11.824157054229056	25.774436863102128
11.924157054229056	26.481255077626127
12.024157054229056	27.192158055999215
12.124157054229055	27.906891186142854
12.224157054229055	28.62511020419078
12.324157054229055	29.346428984475235
12.424157054229054	30.07042220082451
12.524157054229054	30.796632391179116
12.624157054229054	31.52452864012176
12.724157054229053	32.25353408637821
12.76427357073957	32.498884710187895
1000012.7642735707	32.498884710187895
