-100000	0
0	0
0.0033333333333333335	0.0021203795758600276
0.008333333333333333	0.005500585352916673
0.01583333333333333	0.011022277130080532
0.02708333333333333	0.020262050288142753
0.043958333333333335	0.03585638934835107
0.06927083333333334	0.06261244743622434
0.10723958333333333	0.10890286773292047
0.16419270833333333	0.18921541797518548
0.24962239583333334	0.32837647447598045
0.3496223958333333	0.5126242802774397
0.4496223958333333	0.7142212351596479
0.5496223958333333	0.9291549624494655
0.6496223958333333	1.1544663817025822
0.7496223958333332	1.3880036181119126
0.8496223958333332	1.6279460914940251
0.9496223958333332	1.872808007798611
1.0496223958333333	2.12148322236008
1.1496223958333334	2.3729393389369204
1.2496223958333335	2.6276060109231016
1.3496223958333335	2.8850714426655593
1.4496223958333336	3.1444655850188337
1.5496223958333337	3.4050769952739883
1.6496223958333338	3.6662926908397266
1.749622395833334	3.9277698962897163
1.849622395833334	4.189140949182341
1.949622395833334	4.450067738957954
2.049622395833334	4.710388816077957
2.149622395833334	4.97013383519194
2.249622395833334	5.229345086070848
2.349622395833334	5.48809805012164
2.4496223958333343	5.746584834502113
2.5496223958333344	6.005097370615556
2.6496223958333345	6.264033979796665
2.7496223958333346	6.523902915683301
2.8496223958333347	6.7853304901548475
2.9496223958333347	7.049054577342014
3.049622395833335	7.315923327633174
3.149622395833335	7.5869224934922
3.249622395833335	7.8631998057740216
3.349622395833335	8.146038589634001
3.449622395833335	8.43690768949492
3.5496223958333353	8.73738504433125
3.6496223958333354	9.049135302136845
3.7496223958333355	9.373795984026529
3.8496223958333355	9.712845307052234
3.9496223958333356	10.067521680277094
4.049622395833335	10.438557182871222
4.149622395833335	10.826761307065235
4.249622395833335	11.232921918046335
4.349622395833334	11.657783316289054
4.449622395833334	12.102120158623924
4.5496223958333335	12.56641378988351
4.649622395833333	13.0512745134788
4.749622395833333	13.557074173563365
4.849622395833332	14.084081135124073
4.949622395833332	14.63249555214072
5.049622395833332	15.202421757437511
5.149622395833331	15.794083115601191
5.249622395833331	16.407214498689058
5.349622395833331	17.04161038926867
5.44962239583333	17.696873020225954
5.54962239583333	18.372772587904866
5.64962239583333	19.068957114480263
5.749622395833329	19.78500564880862
5.849622395833329	20.520365143388485
5.9496223958333285	21.27451002742373
6.049622395833328	22.04688666926378
6.149622395833328	22.836925542845368
6.2496223958333275	23.644018718155714
6.349622395833327	24.46757891740923
6.449622395833327	25.307053270751474
6.549622395833326	26.161814407878353
6.649622395833326	27.031294135493606
6.749622395833326	27.91492111790979
6.849622395833325	28.81210227010104
6.949622395833325	29.722364251525637
7.049622395833325	30.645069871963987
7.149622395833324	31.57970924957511
7.249622395833324	32.525760994363324
7.3496223958333236	33.48275754588846
7.449622395833323	34.45017203865255
7.549622395833323	35.42750609631902
7.6496223958333225	36.414352496758575
7.749622395833322	37.41024049590284
7.849622395833322	38.41471150696096
7.949622395833321	39.42739123772743
8.049622395833321	40.447799427482934
8.14962239583332	41.475629934722484
8.24962239583332	42.51050221933953
8.34962239583332	43.55200074317455
8.44962239583332	44.59985813034789
8.54962239583332	45.65365082194334
8.649622395833319	46.71313231594179
8.749622395833319	47.77785739607857
8.849622395833318	48.847655235603334
8.949622395833318	49.92208936589663
9.049622395833318	51.00102547227876
9.149622395833317	52.084024364328634
9.249622395833317	53.1709870393058
9.349622395833316	54.26148802955908
9.449622395833316	55.35543794365301
9.549622395833316	56.45259176850809
9.649622395833315	57.55267092043389
9.749622395833315	58.65544108889153
9.849622395833315	59.760666889151146
9.949622395833314	60.868224435424274
10.049622395833314	61.977897605334995
10.149622395833314	63.089496880569094
10.249622395833313	64.20285741062659
10.349622395833313	65.31780454590707
10.449622395833313	66.43415245639002
10.549622395833312	67.55174403812597
10.649622395833312	68.67037288580997
10.749622395833311	69.78988932915617
10.849622395833311	70.9101187677455
10.94962239583331	72.03088496300232
11.04962239583331	73.15204854747871
11.14962239583331	74.27343426125121
11.24962239583331	75.39490561460637
11.34962239583331	76.51631584913814
11.449622395833309	77.63751829377348
11.549622395833309	78.75839888990762
11.649622395833308	79.87881522273372
11.749622395833308	80.99867926575983
11.849622395833308	82.11784464301039
11.949622395833307	83.23619496239064
12.049622395833307	84.35359403051487
12.149622395833306	85.46994892375251
12.249622395833306	86.58516874395804
12.349622395833306	87.69914384109744
12.449622395833305	88.81179967315093
12.549622395833305	89.92300664290916
12.649622395833305	90.95387197739677
12.749622395833304	91.87787198864153
12.849622395833304	92.8018719998858
12.949622395833304	93.72587201113015
13.049622395833303	94.64987202237486
13.149622395833303	95.57387174899776
13.249622395833303	96.49787192045541
13.349622395833302	97.42187195688356
13.449622395833302	98.34587197751527
13.549622395833302	99.26987161461363
13.649622395833301	100.19387173571607
13.7496223958333	101.11787192347325
13.8496223958333	102.04187208790795
13.9496223958333	102.96587204111805
14.0496223958333	103.88987199432823
14.1496223958333	104.8138719475385
14.249622395833299	105.73787190074886
14.349622395833299	106.66187185395876
14.449622395833298	107.58587180716897
14.549622395833298	108.5098717603792
14.649622395833298	109.47329644255888
14.749622395833297	110.47674611443097
14.849622395833297	111.4801961893334
14.949622395833297	112.48364604765453
15.049622395833296	113.21966016257973
15.149622395833296	113.95466016825128
15.249622395833295	114.68966017392336
15.349622395833295	115.42466017959478
15.449622395833295	116.15966018526635
15.549622395833294	116.89466019093797
15.649622395833294	117.62966019660998
15.749622395833294	118.36466020228137
15.849622395833293	119.099660207953
15.949622395833293	119.8346602136245
16.049622395833293	120.56966021929627
16.149622395833294	121.30466022496792
16.249622395833295	122.03966031153983
16.349622395833297	122.77466029234957
16.4496223958333	123.50966027315839
16.5496223958333	124.24466025396846
16.6496223958333	124.97966023477794
16.749622395833303	125.71466021558719
16.849622395833304	126.44966019639661
16.949622395833305	127.18466017720597
17.049622395833307	127.91966015801555
17.14962239583331	128.65466013882494
17.24962239583331	129.38966011963447
17.34962239583331	130.12466010044378
17.449622395833313	130.85966008125334
17.549622395833314	131.59465985483655
17.649622395833315	132.3296598533822
17.749622395833317	133.0646598519278
17.849622395833318	133.7996598504738
17.94962239583332	134.53465984901933
18.04962239583332	135.26965984756524
18.149622395833322	136.0046598461104
18.249622395833324	136.7396598446565
18.349622395833325	137.47465984320195
18.449622395833327	138.2096598417475
18.549622395833328	138.94465973346138
18.64962239583333	139.67965974564842
18.74962239583333	140.41465975783544
18.849622395833332	141.14965977002313
18.949622395833334	141.88465978221038
19.049622395833335	142.61965979439765
19.149622395833337	143.35465980658475
19.249622395833338	144.08965981877176
19.34962239583334	144.8246598309592
19.44962239583334	145.5596598431466
19.549622395833342	146.29465985533335
19.649622395833344	147.02965986752088
19.749622395833345	147.7646598797083
19.849622395833347	148.4996598918954
19.949622395833348	149.23465990408246
20.04962239583335	149.96965991626965
20.14962239583335	150.70465992845666
20.249622395833352	151.78136267863948
20.349622395833354	152.8593628489119
20.449622395833355	153.76715816886428
20.549622395833357	154.502158133331
20.649622395833358	155.2371580977977
20.74962239583336	155.97215806226473
20.84962239583336	156.70715802673146
20.949622395833362	157.44215799119806
21.049622395833364	158.17715795566485
21.149622395833365	158.9121579201318
21.249622395833367	159.6471578845986
21.349622395833368	160.3821578490652
21.44962239583337	161.11715740807543
21.54962239583337	161.85215746865336
21.649622395833372	162.58715752923115
21.749622395833374	163.32215758980922
21.849622395833375	164.05715776066813
21.949622395833376	164.7921577220336
22.049622395833378	165.52715768339857
22.14962239583338	166.2621576447633
22.24962239583338	166.99715760612867
22.349622395833382	167.732157567494
22.449622395833384	168.46715752885896
22.549622395833385	169.20215749022424
22.649622395833386	169.9371574515894
22.749622395833388	170.6721574129543
22.75	170.6749337348349
1000022.75	170.6749337348349
