-100000	0
0	0
0.0033333333333333335	0.0029547359931021053
0.008333333333333333	0.007591955699469926
0.01583333333333333	0.015013724034802608
0.02708333333333333	0.027112404968729277
0.043958333333333335	0.04701992916526318
0.06927083333333334	0.08025183606241637
0.10723958333333333	0.13625723018156793
0.16419270833333333	0.23109796013285536
0.24962239583333334	0.39190717592685986
0.3496223958333333	0.6012183855975708
0.4496223958333333	0.8276205501574072
0.5496223958333333	1.0671829537490345
0.6496223958333333	1.3169886857407571
0.7496223958333332	1.574898025229361
0.8496223958333332	1.839120421819844
0.9496223958333332	2.108257004294756
1.0496223958333333	2.3811046012321495
1.1496223958333334	2.6567118729720387
1.2496223958333335	2.9361405937832625
1.3496223958333335	3.219014076002919
1.4496223958333336	3.5043871288124717
1.5496223958333337	3.791425813891817
1.6496223958333338	4.079660676236453
1.749622395833334	4.36862001977841
1.849622395833334	4.657949169653429
1.949622395833334	4.947432794571347
2.049622395833334	5.2371210618124575
2.149622395833334	5.527031832394997
2.249622395833334	5.817279718496535
2.349622395833334	6.1081146906791
2.4496223958333343	6.399905285955897
2.5496223958333344	6.693118647504094
2.6496223958333345	6.988338754049472
2.7496223958333346	7.286294609076609
2.8496223958333347	7.587783624478154
2.9496223958333347	7.893678663464336
3.049622395833335	8.205025408237114
3.149622395833335	8.522961135250494
3.249622395833335	8.84867299353615
3.349622395833335	9.183454705090426
3.449622395833335	9.528626555309621
3.5496223958333353	9.885514278578725
3.6496223958333354	10.25528139756845
3.7496223958333355	10.638690719909883
3.8496223958333355	11.036538570603364
3.9496223958333356	11.449708671580996
4.049622395833335	11.878930057019257
4.149622395833335	12.32485158979745
4.249622395833335	12.788310066977024
4.349622395833334	13.269961505869608
4.449622395833334	13.770363476708626
4.5496223958333335	14.289875888098173
4.649622395833333	14.828977873806881
4.749622395833333	15.388009434664161
4.849622395833332	15.967018095045676
4.949622395833332	16.56626083567477
5.049622395833332	17.185675310846104
5.149622395833331	17.825217358777124
5.249622395833331	18.484728365820633
5.349622395833331	19.163871411513583
5.44962239583333	19.862445935298574
5.54962239583333	20.580104824543177
5.64962239583333	21.31644318254214
5.749622395833329	22.071062332104756
5.849622395833329	22.84350654696326
5.9496223958333285	23.633296579833615
6.049622395833328	24.439898386870958
6.149622395833328	25.26275596841005
6.2496223958333275	26.101365693573744
6.349622395833327	26.955183645194175
6.449622395833327	27.82367400858073
6.549622395833326	28.706296528114688
6.649622395833326	29.602492943478968
6.749622395833326	30.51174539281043
6.849622395833325	31.433570462877032
6.949622395833325	32.367362877933
7.049622395833325	33.312786869227565
7.149622395833324	34.26924466843242
7.249622395833324	35.23625627232351
7.3496223958333236	36.21333922939067
7.449622395833323	37.20001388924225
7.549622395833323	38.195864270906185
7.6496223958333225	39.200409523227584
7.749622395833322	40.21323933670736
7.849622395833322	41.23395656973183
7.949622395833321	42.26212168607212
8.049622395833321	43.2974185499312
8.14962239583332	44.33934686466819
8.24962239583332	45.387725860433136
8.34962239583332	46.44203297841596
8.44962239583332	47.50209729579344
8.54962239583332	48.567426953582384
8.649622395833319	49.637867101308636
8.749622395833319	50.71294643527038
8.849622395833318	51.7925410707865
8.949622395833318	52.876181388117054
9.049622395833318	53.96378932265192
9.149622395833317	55.05488503123921
9.249622395833317	56.14943553862107
9.349622395833316	57.24696315821665
9.449622395833316	58.34745626331472
9.549622395833316	59.45059761454089
9.649622395833315	60.55616212396735
9.749622395833315	61.66395548183016
9.849622395833315	62.773769552462184
9.949622395833314	63.885398162936276
10.049622395833314	64.9986661874551
10.149622395833314	66.11337652615565
10.249622395833313	67.22935785013162
10.349622395833313	68.34642529009392
10.449622395833313	69.46439910081855
10.549622395833312	70.5831561984454
10.649622395833312	71.70251832834673
10.749622395833311	72.82234311231993
10.849622395833311	73.9425020145544
10.94962239583331	75.062845197226
11.04962239583331	76.1832663361083
11.14962239583331	77.30366325505423
11.24962239583331	78.42393163158874
11.34962239583331	79.54398575527746
11.449622395833309	80.66370645162793
11.549622395833309	81.78303352393151
11.649622395833308	82.90185329962961
11.749622395833308	84.02009857550249
11.849622395833308	85.13770107588752
11.949622395833307	86.2545869006739
12.049622395833307	87.37068433478315
12.149622395833306	88.48593293296348
12.249622395833306	89.60026395508777
12.349622395833306	90.71360541888991
12.449622395833305	91.82589653612318
12.549622395833305	92.93706550413219
12.649622395833305	93.94790516241753
12.749622395833304	94.87226060527249
12.849622395833304	95.79694210639178
12.949622395833304	96.7219501884338
13.049622395833303	97.76032239822868
13.149622395833303	98.71247165244509
13.249622395833303	99.66560800731287
13.349622395833302	100.61937416864986
13.449622395833302	101.57428106975614
13.549622395833302	102.53030253946226
13.649622395833301	103.4866445100981
13.7496223958333	104.44401701546381
13.8496223958333	105.40186800574472
13.9496223958333	106.36158947733568
14.0496223958333	107.3223005019761
14.1496223958333	108.28399691616923
14.249622395833299	109.24605151786606
14.349622395833299	110.20971506794622
14.449622395833298	111.17436523903203
14.549622395833298	112.14000225618881
14.649622395833298	112.72160794369364
14.749622395833297	113.69411062468757
14.849622395833297	114.66140047071478
14.949622395833297	115.62347498209333
15.049622395833296	114.92150960344715
15.149622395833296	115.70260226592949
15.249622395833295	117.71624690857819
15.349622395833295	119.17895808557662
15.449622395833295	119.94970566340115
15.549622395833294	120.71680827077378
15.649622395833294	121.48023026155597
15.749622395833294	122.23993598961006
15.849622395833293	122.99588980879734
15.949622395833293	123.74805607298121
16.049622395833293	124.4963991360219
16.149622395833294	125.24088335178293
16.249622395833295	125.98122774592125
16.349622395833297	126.71787743882464
16.4496223958333	127.45056594619582
16.5496223958333	128.179258668172
16.6496223958333	128.9039210048914
16.749622395833303	129.6245183564906
16.849622395833304	130.34101612310818
16.949622395833305	131.05337970488114
17.049622395833307	131.76157450194688
17.14962239583331	132.46556591444292
17.24962239583331	133.16531934250713
17.34962239583331	133.86080018627652
17.449622395833313	134.5519738458888
17.549622395833314	135.23880572148178
17.649622395833315	135.92126121319248
17.749622395833317	136.59930572115886
17.849622395833318	137.272904645518
17.94962239583332	137.94202338640767
18.04962239583332	138.60662734396567
18.149622395833322	139.2666819183287
18.249622395833324	139.922152509635
18.349622395833325	140.57300451802172
18.449622395833327	141.21920334362662
18.549622395833328	141.7020607397154
18.64962239583333	142.35696499021927
18.74962239583333	143.00615478345995
18.849622395833332	143.649566414544
18.949622395833334	144.28713617858102
19.049622395833335	144.91880037067833
19.149622395833337	145.47636698138368
19.249622395833338	145.98580440840968
19.34962239583334	146.61780118750747
19.44962239583334	147.24397911578617
19.549622395833342	147.8642755938406
19.649622395833344	148.45459398125678
19.749622395833345	149.067329884809
19.849622395833347	149.67419992614742
19.949622395833348	150.12437919981681
20.04962239583335	150.79252485721918
20.14962239583335	150.3475343610099
20.249622395833352	152.30156663582292
20.349622395833354	155.75490308832553
20.449622395833355	153.0286141045082
20.549622395833357	153.52607608116617
20.649622395833358	154.04179807611615
20.74962239583336	154.57599115516797
20.84962239583336	155.12886638413266
20.949622395833362	155.70063482882173
21.049622395833364	156.29150755504406
21.149622395833365	156.9016956286111
21.249622395833367	157.53141011533296
21.349622395833368	158.1808620810204
21.44962239583337	158.85026259148412
21.54962239583337	159.5398227125342
21.649622395833372	160.3501324300171
21.749622395833374	160.93479004859506
21.849622395833375	161.5736558982246
21.949622395833376	162.33289451621096
22.049622395833378	162.9219344437314
22.14962239583338	163.55970907117015
22.24962239583338	164.2466182440582
22.349622395833382	164.98026099057162
22.449622395833384	165.7140147073468
22.549622395833385	166.44788609895235
22.649622395833386	167.1818749776328
22.749622395833388	167.91598115563033
22.75	167.91147487334905
1000022.75	167.91147487334905
