-100000	0
0	0
0.0033333333333333335	0.0037937036657322573
0.008333333333333333	0.009703008620582603
0.01583333333333333	0.019055520200288865
0.02708333333333333	0.034034729704354234
0.043958333333333335	0.05827781157889099
0.06927083333333334	0.09806093396187138
0.10723958333333333	0.1639255358381175
0.16419270833333333	0.2735764592564891
0.24962239583333334	0.4564932058686649
0.3496223958333333	0.6915557510034496
0.4496223958333333	0.9436049257117136
0.5496223958333333	1.2087179198722469
0.6496223958333333	1.4840379759640916
0.7496223958333332	1.7674297290802305
0.8496223958333332	2.0571483441605856
0.9496223958333332	2.3518543184458705
1.0496223958333333	2.650324036546226
1.1496223958333334	2.9516894272938883
1.2496223958333335	3.257684127100779
1.3496223958333335	3.5680291662948216
1.4496223958333336	3.881623011540377
1.5496223958333337	4.197733969989201
1.6496223958333338	4.515735484195204
1.749622395833334	4.83514796711972
1.849622395833334	5.155712901352166
1.949622395833334	5.477455635062927
2.049622395833334	5.800355529152845
2.149622395833334	6.124521580058185
2.249622395833334	6.4502677873118275
2.349622395833334	6.777978151741745
2.4496223958333343	7.108160862608088
2.5496223958333344	7.441358172079238
2.6496223958333345	7.7782170513887685
2.7496223958333346	8.119471578568644
2.8496223958333347	8.465910154037042
2.9496223958333347	8.818428674156149
3.049622395833335	9.178022503334807
3.149622395833335	9.545666095806133
3.249622395833335	9.922404097905455
3.349622395833335	10.30923912756563
3.449622395833335	10.707054377761692
3.5496223958333353	11.116664545953974
3.6496223958333354	11.539019658967069
3.7496223958333355	11.974893220353763
3.8496223958333355	12.42508605412976
3.9496223958333356	12.89029630649661
4.049622395833335	13.371354272484014
4.149622395833335	13.868916015748633
4.249622395833335	14.383558385188318
4.349622395833334	14.91583163032494
4.449622395833334	15.46615518601818
4.5496223958333335	16.03486860618446
4.649622395833333	16.622244848546536
4.749622395833333	17.228603832573157
4.849622395833332	17.853883956840626
4.949622395833332	18.498087473882062
5.049622395833332	19.161276612884837
5.149622395833331	19.843196861461635
5.249622395833331	20.543720558447777
5.349622395833331	21.2625603888253
5.44962239583333	21.999457797938305
5.54962239583333	22.754072689218653
5.64962239583333	23.52602180607445
5.749622395833329	24.314834389289732
5.849622395833329	25.120162276655133
5.9496223958333285	25.94154853562499
6.049622395833328	26.778465433891334
6.149622395833328	27.630455308859258
6.2496223958333275	28.497015402516467
6.349622395833327	29.377644127879883
6.449622395833327	30.271818167911107
6.549622395833326	31.179037072425565
6.649622395833326	32.09882486234
6.749622395833326	33.030714480653
6.849622395833325	33.97413784599557
6.949622395833325	34.928718137646236
7.049622395833325	35.89396275772056
7.149622395833324	36.86935198404222
7.249622395833324	37.85439819281145
7.3496223958333236	38.84868362054639
7.449622395833323	39.851767942763885
7.549622395833323	40.86324361614602
7.6496223958333225	41.88274366079528
7.749622395833322	42.909789610063626
7.849622395833322	43.94405746420556
7.949622395833321	44.98508049515182
8.049622395833321	46.03256439100944
8.14962239583332	47.08609228733358
8.24962239583332	48.14534063865361
8.34962239583332	49.20999661600772
8.44962239583332	50.279689942294695
8.54962239583332	51.35415015489567
8.649622395833319	52.43302840504658
8.749622395833319	53.51606269060566
8.849622395833318	54.602950962496024
8.949622395833318	55.69340860630688
9.049622395833318	56.78720757454963
9.149622395833317	57.88401951640355
9.249622395833317	58.98369898271261
9.349622395833316	60.08587396559816
9.449622395833316	61.1904674820592
9.549622395833316	62.29714156922737
9.649622395833315	63.40578272776768
9.749622395833315	64.57811910974118
9.849622395833315	65.87479006282442
9.949622395833314	67.21523591741291
10.049622395833314	68.55370425105647
10.149622395833314	69.88907372816887
10.249622395833313	71.22848945710444
10.349622395833313	72.56565295207113
10.449622395833313	73.90242504513616
10.549622395833312	75.2413166555966
10.649622395833312	76.58012920171987
10.749622395833311	77.91529913729954
10.849622395833311	79.24818468028889
10.94962239583331	80.58169094513309
11.04962239583331	81.91073352277354
11.14962239583331	83.23709736767276
11.24962239583331	84.5678426307694
11.34962239583331	85.88765126036513
11.449622395833309	87.21620573270617
11.549622395833309	88.53795835472215
11.649622395833308	89.86432363554242
11.749622395833308	91.19341463978618
11.849622395833308	92.51398437245612
11.949622395833307	93.82017853124809
12.049622395833307	95.13391121895448
12.149622395833306	96.44817350905055
12.249622395833306	97.8139546443452
12.349622395833306	99.1441764145955
12.449622395833305	100.45407773932777
12.549622395833305	101.78818551562048
12.649622395833305	102.55897219672045
12.749622395833304	103.65566630224724
12.849622395833304	104.74726448632808
12.949622395833304	105.82275398727815
13.049622395833303	106.99287930239265
13.149622395833303	108.06755695088998
13.249622395833303	109.13207576060084
13.349622395833302	110.18643722729364
13.449622395833302	111.23589116880055
13.549622395833302	112.26770130972305
13.649622395833301	113.30093918744687
13.7496223958333	114.30991838156781
13.8496223958333	115.30867076895696
13.9496223958333	116.30665230960489
14.0496223958333	117.2835892252283
14.1496223958333	118.24417219316456
14.249622395833299	119.22583284032129
14.349622395833299	120.18280130787232
14.449622395833298	121.1406948376304
14.549622395833298	121.75068567364652
14.649622395833298	122.77498493029216
14.749622395833297	123.81644519323189
14.849622395833297	124.85992842691472
14.949622395833297	125.89417921846797
15.049622395833296	126.52284095329051
15.149622395833296	127.45553714283992
15.249622395833295	128.38837905117293
15.349622395833295	129.39441754474873
15.449622395833295	130.31452881821997
15.549622395833294	131.2675088556655
15.649622395833294	132.2211172453624
15.749622395833294	133.1753571955358
15.849622395833293	134.13023191441178
15.949622395833293	135.08574461021624
16.049622395833293	136.0172988572042
16.149622395833294	136.97485297983278
16.249622395833295	137.8914222917017
16.349622395833297	138.81521246875153
16.4496223958333	139.76423436850942
16.5496223958333	140.69005037200344
16.6496223958333	141.635801142233
16.749622395833303	142.5651295697705
16.849622395833304	143.46301059177267
16.949622395833305	144.4018195758891
17.049622395833307	145.33999344261844
17.14962239583331	146.10097269878716
17.24962239583331	147.0344325634693
17.34962239583331	147.96770678524047
17.449622395833313	148.90078794998323
17.549622395833314	149.83366864358038
17.649622395833315	150.75077241399035
17.749622395833317	151.61687610837214
17.849622395833318	152.54995400773123
17.94962239583332	153.4467410390621
18.04962239583332	154.3799840027172
18.149622395833322	155.31331987404187
18.249622395833324	156.24674863039752
18.349622395833325	157.18027024914582
18.449622395833327	158.11388470764743
18.549622395833328	159.0475919832644
18.64962239583333	159.98139205335755
18.74962239583333	160.91528489528866
18.849622395833332	161.84927048641936
18.949622395833334	162.7833488041107
19.049622395833335	163.71751982572428
19.149622395833337	164.65178352862102
19.249622395833338	165.5861398901635
19.34962239583334	166.52058888771208
19.44962239583334	167.45513049862848
19.549622395833342	168.38976470027407
19.649622395833344	169.32449147001083
19.749622395833345	170.2593107851986
19.849622395833347	171.19422262320094
19.949622395833348	172.12922696137758
20.04962239583335	173.06432377709112
20.14962239583335	173.99951304770215
20.249622395833352	174.79270458139882
20.349622395833354	175.56647147604906
20.449622395833355	177.16094818659116
20.549622395833357	177.94555491351554
20.649622395833358	178.69050938392994
20.74962239583336	179.17229538008885
20.84962239583336	179.8876566696964
20.949622395833362	180.31202497576433
21.049622395833364	180.9992490398322
21.149622395833365	181.66821663603164
21.249622395833367	182.18742180614865
21.349622395833368	182.8254053871933
21.44962239583337	183.44500875002674
21.54962239583337	184.03655777920522
21.649622395833372	184.40177512549218
21.749622395833374	184.9997921299861
21.849622395833375	185.48613158281543
21.949622395833376	186.08777635756766
22.049622395833378	186.68659294062687
22.14962239583338	187.14827741720748
22.24962239583338	187.69600864422458
22.349622395833382	188.34392128096505
22.449622395833384	188.98224012521356
22.549622395833385	189.59486576232618
22.649622395833386	190.1812688514582
22.749622395833388	190.74092009385146
22.75	190.75412019044205
1000022.75	190.75412019044205
