-100000	0
0	0
0.0033333333333333335	0.004627100793948969
0.008333333333333333	0.011784372895998428
0.01583333333333333	0.02306967024268293
0.02708333333333333	0.04093377774114458
0.043958333333333335	0.06955790491970584
0.06927083333333334	0.11594741674740523
0.10723958333333333	0.19178236981625266
0.16419270833333333	0.3164385035087174
0.24962239583333334	0.5218930309155005
0.3496223958333333	0.7834187450663789
0.4496223958333333	1.0619531889443132
0.5496223958333333	1.3534703749937962
0.6496223958333333	1.6552550805161488
0.7496223958333332	1.9652013240707178
0.8496223958333332	2.2815835726241622
0.9496223958333332	2.6030823852518807
1.0496223958333333	2.928483049115698
1.1496223958333334	3.25703274805673
1.2496223958333335	3.5909817611542505
1.3496223958333335	3.9302583539276803
1.4496223958333336	4.273602970657175
1.5496223958333337	4.620055987702836
1.6496223958333338	4.968938782943676
1.749622395833334	5.319802806633206
1.849622395833334	5.6723678324763025
1.949622395833334	6.026564215966881
2.049622395833334	6.382431099051091
2.149622395833334	6.740100609518755
2.249622395833334	7.099875559738856
2.349622395833334	7.462188557002299
2.4496223958333343	7.8275488131577635
2.5496223958333344	8.196554717409613
2.6496223958333345	8.569898491009948
2.7496223958333346	8.948279600042904
2.8496223958333347	9.33252226579969
2.9496223958333347	9.723474812291947
3.049622395833335	10.1219959420906
3.149622395833335	10.528982307315935
3.249622395833335	10.945358702493937
3.349622395833335	11.372035886945675
3.449622395833335	11.809936847304
3.5496223958333353	12.259939528327584
3.6496223958333354	12.722871956271828
3.7496223958333355	13.199532042767252
3.8496223958333355	13.690694954810784
3.9496223958333356	14.197045544830363
4.049622395833335	14.719239909686443
4.149622395833335	15.257832870222304
4.249622395833335	15.81330265069016
4.349622395833334	16.38592222091282
4.449622395833334	16.97609285703311
4.5496223958333335	17.584086884494027
4.649622395833333	18.210027661016582
4.749622395833333	18.85395066018819
4.849622395833332	19.51582640880189
4.949622395833332	20.195666878287554
5.049622395833332	20.89340969074721
5.149622395833331	21.606928381175766
5.249622395833331	22.333436272023206
5.349622395833331	23.072602205199033
5.44962239583333	23.82436820730475
5.54962239583333	24.587962972979568
5.64962239583333	25.363607390384473
5.749622395833329	26.149761203515265
5.849622395833329	26.947303871861664
5.9496223958333285	27.7543475702897
6.049622395833328	28.572699953519546
6.149622395833328	29.400186644754246
6.2496223958333275	30.235393909171105
6.349622395833327	31.08122323857988
6.449622395833327	31.935153230007263
6.549622395833326	32.79672728136515
6.649622395833326	33.66432350161993
6.749622395833326	34.54279412779138
6.849622395833325	35.425838050684526
6.949622395833325	36.31274478476497
7.049622395833325	37.20567121874424
7.149622395833324	38.11019591857042
7.249622395833324	39.014386426444105
7.3496223958333236	39.92356324186674
7.449622395833323	40.841947752412985
7.549622395833323	41.757477446569894
7.6496223958333225	42.67197805509546
7.749622395833322	43.59545875110182
7.849622395833322	44.51499587714445
7.949622395833321	45.43810973222588
8.049622395833321	46.35733566194003
8.14962239583332	47.27620691581646
8.24962239583332	48.195822310521066
8.34962239583332	49.09421256590092
8.44962239583332	50.017918022011585
8.54962239583332	50.93042712087522
8.649622395833319	51.85023150784865
8.749622395833319	52.75722529586733
8.849622395833318	53.67074742822618
8.949622395833318	54.571012536649846
9.049622395833318	55.472952348288786
9.149622395833317	56.38171303571675
9.249622395833317	57.2749588081694
9.349622395833316	58.174672603669045
9.449622395833316	59.06063078508392
9.549622395833316	59.96103662161912
9.649622395833315	60.85505936950138
9.749622395833315	60.905662616164065
9.849622395833315	60.72824048713783
9.949622395833314	60.543819793532556
10.049622395833314	60.381660977643286
10.149622395833314	60.21148903174248
10.249622395833313	60.064422356671386
10.349622395833313	59.908417911160754
10.449622395833313	59.77627438211142
10.549622395833312	59.634356882617794
10.649622395833312	59.499261101412735
10.749622395833311	59.370987038496295
10.849622395833311	59.249534693868284
10.94962239583331	59.134904067528765
11.04962239583331	59.027095159477696
11.14962239583331	58.94544133172916
11.24962239583331	58.85154280702051
11.34962239583331	58.76444666192334
11.449622395833309	58.68415289643785
11.549622395833309	58.630831941410705
11.649622395833308	58.564331455307375
11.749622395833308	58.50461411947406
11.849622395833308	58.47224165762783
11.949622395833307	58.42622071686652
12.049622395833307	58.38696380544404
12.149622395833306	58.35447092336054
12.249622395833306	58.352481148259834
12.349622395833306	58.37213498568385
12.449622395833305	58.443443907076876
12.549622395833305	58.56640791243842
12.649622395833305	58.641168950429865
12.749622395833304	58.79534839769565
12.849622395833304	58.93925180199494
12.949622395833304	59.0728791633276
13.049622395833303	59.1962304816935
13.149622395833303	59.309305757092794
13.249622395833303	59.412104989525375
13.349622395833302	59.504628178991624
13.449622395833302	59.586875325490986
13.549622395833302	59.658846429023825
13.649622395833301	59.72054148959003
13.7496223958333	59.77196050718955
13.8496223958333	59.81310348182244
13.9496223958333	59.843970413488776
14.0496223958333	59.86456130218838
14.1496223958333	59.87487614792145
14.249622395833299	61.19738121434201
14.349622395833299	63.7099167088181
14.449622395833298	66.22012026174738
14.549622395833298	68.72591522946033
14.649622395833298	71.2016090552467
14.749622395833297	73.67829708604444
14.849622395833297	76.53116226792426
14.949622395833297	78.78668708931129
15.049622395833296	78.46461702243118
15.149622395833296	78.37898778146027
15.249622395833295	78.29819407023486
15.349622395833295	78.22283013592555
15.449622395833295	78.1534902257022
15.549622395833294	78.09076858673536
15.649622395833294	78.03525946619509
15.749622395833294	77.98755711125197
15.849622395833293	77.9482557690761
15.949622395833293	77.91794968683759
16.049622395833293	77.89723311170688
16.149622395833294	77.88670029085417
16.249622395833295	77.88694547144974
16.349622395833297	77.89856290066386
16.4496223958333	77.92214682566686
16.5496223958333	77.95829149362898
16.6496223958333	78.0075911517205
16.749622395833303	78.07064004711161
16.849622395833304	77.40053133217826
16.949622395833305	75.92097646174588
17.049622395833307	74.36426188623177
17.14962239583331	72.73100329365046
17.24962239583331	71.02181637201552
17.34962239583331	69.23731680934152
17.449622395833313	67.3781202936422
17.549622395833314	65.4448425129316
17.649622395833315	65.43245425254449
17.749622395833317	65.43214145038505
17.849622395833318	65.43182864822563
17.94962239583332	65.4315158460661
18.04962239583332	65.43120304390666
18.149622395833322	65.43089024174735
18.249622395833324	65.43057743958786
18.349622395833325	65.43026463742841
18.449622395833327	65.42995183526887
18.549622395833328	65.42963903310957
18.64962239583333	65.42932623095018
18.74962239583333	65.42901342879074
18.849622395833332	65.4287006266313
18.949622395833334	65.42838782447184
19.049622395833335	65.42807502231233
19.149622395833337	65.42776222015297
19.249622395833338	65.42744941799367
19.34962239583334	65.42713661583419
19.44962239583334	65.42682381367477
19.549622395833342	65.42651101151532
19.649622395833344	65.42619820935585
19.749622395833345	65.42588540719645
19.849622395833347	65.42557260503696
19.949622395833348	65.42525980287755
20.04962239583335	65.42494700071798
20.14962239583335	65.42463419855862
20.249622395833352	65.42435769362613
20.349622395833354	65.42438914016708
20.449622395833355	65.42442058670788
20.549622395833357	65.42445203324888
20.649622395833358	65.4244834797897
20.74962239583336	65.42451492633066
20.84962239583336	65.42454637287146
20.949622395833362	65.42457781941225
21.049622395833364	65.42460926595317
21.149622395833365	65.42464071249418
21.249622395833367	65.424672159035
21.349622395833368	65.4247036055759
21.44962239583337	65.42473505211669
21.54962239583337	65.42476649865753
21.649622395833372	65.42479794519856
21.749622395833374	65.42482939173944
21.849622395833375	65.42486083828021
21.949622395833376	65.42489228482108
22.049622395833378	65.42492373136206
22.14962239583338	65.42495517790294
22.24962239583338	65.42498662444376
22.349622395833382	65.42501807098478
22.449622395833384	65.42504951752562
22.549622395833385	65.42508096406654
22.649622395833386	65.42511241060735
22.749622395833388	65.42514385714829
22.75	65.41691243992734
1000022.75	65.41691243992734
