-100000	0
0	0
0.0033333333333333335	0.0062936178477946345
0.008333333333333333	0.01596666416722337
0.01583333333333333	0.031001759323200172
0.02708333333333333	0.05468728145743336
0.043958333333333335	0.09216642353439654
0.06927083333333334	0.15191948029961452
0.10723958333333333	0.2479814723773124
0.16419270833333333	0.4032267939317169
0.24962239583333334	0.6548130303455091
0.3496223958333333	0.970541016543216
0.4496223958333333	1.3036121105007423
0.5496223958333333	1.6501287955625377
0.6496223958333333	2.0073387820620545
0.7496223958333332	2.373075071066658
0.8496223958333332	2.745737601882616
0.9496223958333332	3.1240024902374297
1.0496223958333333	3.5067524442156137
1.1496223958333334	3.893184663991734
1.2496223958333335	4.28535775504893
1.3496223958333335	4.683525912145319
1.4496223958333336	5.086941882479827
1.5496223958333337	5.494969353609099
1.6496223958333338	5.907183394622916
1.749622395833334	6.323303412117909
1.849622395833334	6.743275289804518
1.949622395833334	7.167066174927306
2.049622395833334	7.594803682659814
2.149622395833334	8.026680077645118
2.249622395833334	8.462937719462438
2.349622395833334	8.904000788388334
2.4496223958333343	9.350189908767481
2.5496223958333344	9.802007029403937
2.6496223958333345	10.259996411066144
2.7496223958333346	10.724689652475847
2.8496223958333347	11.196716922264674
2.9496223958333347	11.676749640313906
3.049622395833335	12.165310290571917
3.149622395833335	12.663088850444836
3.249622395833335	13.170748951708795
3.349622395833335	13.68882988094604
3.449622395833335	14.217966359325649
3.5496223958333353	14.758782869971663
3.6496223958333354	15.311737892664453
3.7496223958333355	15.877401118905652
3.8496223958333355	16.456251321371106
3.9496223958333356	17.048723065719997
4.049622395833335	17.655142154093706
4.149622395833335	18.275875703021395
4.249622395833335	18.91122095509217
4.349622395833334	19.561358415139615
4.449622395833334	20.226483307622985
4.5496223958333335	20.90672777156378
4.649622395833333	21.60209774243994
4.749622395833333	22.312667783758112
4.849622395833332	23.038398934343814
4.949622395833332	23.779208663229237
5.049622395833332	24.534974803070234
5.149622395833331	25.305496063263554
5.249622395833331	26.090649427770753
5.349622395833331	26.890175562657827
5.44962239583333	27.703910224029254
5.54962239583333	28.5315268337996
5.64962239583333	29.372754484118193
5.749622395833329	30.227255727529883
5.849622395833329	31.094739726725493
5.9496223958333285	31.97481332373612
6.049622395833328	32.86713867845525
6.149622395833328	33.77132410800837
6.2496223958333275	34.68708204283479
6.349622395833327	35.613952456499746
6.449622395833327	36.551690291161975
6.549622395833326	37.49985087092546
6.649622395833326	38.45799646234793
6.749622395833326	39.425786026670536
6.849622395833325	40.40282150559371
6.949622395833325	41.38874017914043
7.049622395833325	42.38317110757458
7.149622395833324	43.38574625491566
7.249622395833324	44.396137086215965
7.3496223958333236	45.413874023389816
7.449622395833323	46.43878193480057
7.549622395833323	47.470360378901134
7.6496223958333225	48.508427585085435
7.749622395833322	49.552503581697415
7.849622395833322	50.60242498725569
7.949622395833321	51.65778923162549
8.049622395833321	52.718277912250926
8.14962239583332	53.78360598375698
8.24962239583332	54.85345754888274
8.34962239583332	55.92757188833615
8.44962239583332	57.005685953854105
8.54962239583332	58.08777455509291
8.649622395833319	59.17337875988875
8.749622395833319	60.2623903784734
8.849622395833318	61.35450837872273
8.949622395833318	62.449674786278884
9.049622395833318	63.54754511281061
9.149622395833317	64.64786760975727
9.249622395833317	65.75040888214188
9.349622395833316	66.85497893441652
9.449622395833316	67.96147613135525
9.549622395833316	69.06957095355453
9.649622395833315	70.17907639830756
9.65	70.18326862269114
1000009.65	70.18326862269114
