-100000	0
0	0
0.0033333333333333335	0.007126431553987751
0.008333333333333333	0.01804869727385664
0.01583333333333333	0.034979474240266
0.02708333333333333	0.06156305628450257
0.043958333333333335	0.10343315873313783
0.06927083333333334	0.16989823480237767
0.10723958333333333	0.2761692326264772
0.16419270833333333	0.44684772398316536
0.24962239583333334	0.7218773722092025
0.3496223958333333	1.065364779847686
0.4496223958333333	1.4264546039345576
0.5496223958333333	1.8012643296525777
0.6496223958333333	2.1871484323650408
0.7496223958333332	2.581896634138939
0.8496223958333332	2.9839169676504858
0.9496223958333332	3.3918732396910074
1.0496223958333333	3.804678452246797
1.1496223958333334	4.221538358525104
1.2496223958333335	4.644059182194426
1.3496223958333335	5.072651669868874
1.4496223958333336	5.506985333381727
1.5496223958333337	5.946886613429805
1.6496223958333338	6.39222407406528
1.749622395833334	6.842872981102231
1.849622395833334	7.298896253313577
1.949622395833334	7.760337347553031
2.049622395833334	8.227474600827499
2.149622395833334	8.700504413674473
2.249622395833334	9.179656832184312
2.349622395833334	9.665220433901311
2.4496223958333343	10.157488732348796
2.5496223958333344	10.656925877253737
2.6496223958333345	11.163879246582834
2.7496223958333346	11.678776871618593
2.8496223958333347	12.201989818490999
2.9496223958333347	12.733960079887199
3.049622395833335	13.275138649742674
3.149622395833335	13.825967818182018
3.249622395833335	14.386820668953805
3.349622395833335	14.95815854632338
3.449622395833335	15.540312051765358
3.5496223958333353	16.13372259943473
3.6496223958333354	16.738693812377928
3.7496223958333355	17.355577528399433
3.8496223958333355	17.984744467255588
3.9496223958333356	18.626356493224556
4.049622395833335	19.280695844915307
4.149622395833335	19.94798275851393
4.249622395833335	20.62838680903415
4.349622395833334	21.322142146429822
4.449622395833334	22.029276307960554
4.5496223958333335	22.749713051129895
4.649622395833333	23.48363568417797
4.749622395833333	24.23106063469649
4.849622395833332	24.991961709821048
4.949622395833332	25.766219628623187
5.049622395833332	26.553800238380028
5.149622395833331	27.35434961055417
5.249622395833331	28.16794884875562
5.349622395833331	28.994391087705093
5.44962239583333	29.833518581768892
5.54962239583333	30.68506868710622
5.64962239583333	31.548837252878624
5.749622395833329	32.424523294906955
5.849622395833329	33.31188450652541
5.9496223958333285	34.210599904969946
6.049622395833328	35.12038771742436
6.149622395833328	36.04086505286471
6.2496223958333275	36.971807888351044
6.349622395833327	37.91284794510696
6.449622395833327	38.86374876772606
6.549622395833326	39.82415146258473
6.649622395833326	40.79368276984726
6.749622395833326	41.77206311588682
6.849622395833325	42.75886662991988
6.949622395833325	43.75387984716254
7.049622395833325	44.756721570335166
7.149622395833324	45.767109928656275
7.249622395833324	46.78469067746384
7.3496223958333236	47.809118855873336
7.449622395833323	48.84011736956434
7.549622395833323	49.87735711636999
7.6496223958333225	50.92055888724428
7.749622395833322	51.96938671550598
7.849622395833322	53.02354211051557
7.949622395833321	54.08275936823171
8.049622395833321	55.14674128723387
8.14962239583332	56.21525578683602
8.24962239583332	57.28800998552549
8.34962239583332	58.364750021279995
8.44962239583332	59.44515796372009
8.54962239583332	60.529158812758766
8.649622395833319	61.61656142171443
8.749622395833319	62.707129610653496
8.849622395833318	63.80059561463702
8.949622395833318	64.89683691250812
9.049622395833318	65.99559425661718
9.149622395833317	67.09664084221993
9.249622395833317	68.1997591203132
9.349622395833316	69.30474846330961
9.449622395833316	70.4114680089933
9.549622395833316	71.5197148819636
9.649622395833315	72.62932555147314
9.65	72.63351733885774
1000009.65	72.63351733885774
