-100000	0
0	0
0.0033333333333333335	0.007959333637083739
0.008333333333333333	0.020131139980421677
0.01583333333333333	0.03898600390947434
0.02708333333333333	0.06846648452381952
0.043958333333333335	0.11474644864401023
0.06927083333333334	0.1879483171660024
0.10723958333333333	0.3044432284685373
0.16419270833333333	0.49074373954425915
0.24962239583333334	0.7894704733008067
0.3496223958333333	1.1610708365310773
0.4496223958333333	1.5506491818751542
0.5496223958333333	1.954332242756936
0.6496223958333333	2.369467748551182
0.7496223958333332	2.7938608595479066
0.8496223958333332	3.225859134416508
0.9496223958333332	3.6641896732368133
1.0496223958333333	4.107769730111173
1.1496223958333334	4.5557755122394425
1.2496223958333335	5.009386847435319
1.3496223958333335	5.469227028869152
1.4496223958333336	5.935305984580172
1.5496223958333337	6.40771601627984
1.6496223958333338	6.886653597243993
1.749622395833334	7.37227907630652
1.849622395833334	7.864667353930658
1.949622395833334	8.363989223131526
2.049622395833334	8.870550245445557
2.149622395833334	9.384614789541583
2.249622395833334	9.906476210537209
2.349622395833334	10.436160291597899
2.4496223958333343	10.97411633883904
2.5496223958333344	11.52058142588908
2.6496223958333345	12.07585650220653
2.7496223958333346	12.640214373732238
2.8496223958333347	13.213919862662578
2.9496223958333347	13.797187856720312
3.049622395833335	14.39029359787402
3.149622395833335	14.993493186525338
3.249622395833335	15.60705815400637
3.349622395833335	16.231222216370004
3.449622395833335	16.866197692173955
3.5496223958333353	17.51214366273822
3.6496223958333354	18.16930364832719
3.7496223958333355	18.837814896856553
3.8496223958333355	19.517879934998223
3.9496223958333356	20.209468617738832
4.049622395833335	20.912843804869794
4.149622395833335	21.628052143049036
4.249622395833335	22.355145676982037
4.349622395833334	23.09411272990591
4.449622395833334	23.845069009001897
4.5496223958333335	24.607937460378885
4.649622395833333	25.382777251885788
4.749622395833333	26.169488755814697
4.849622395833332	26.968051482863434
4.949622395833332	27.778376151641087
5.049622395833332	28.600356116508244
5.149622395833331	29.433911827629974
5.249622395833331	30.278824240898743
5.349622395833331	31.134944158344798
5.44962239583333	32.002070932162454
5.54962239583333	32.880162812356296
5.64962239583333	33.7690805291418
5.749622395833329	34.66846672780603
5.849622395833329	35.577915619549046
5.9496223958333285	36.49747836867146
6.049622395833328	37.426842457374576
6.149622395833328	38.36572887215626
6.2496223958333275	39.313809678890166
6.349622395833327	40.2709206174636
6.449622395833327	41.23674060703408
6.549622395833326	42.21118049818965
6.649622395833326	43.193805029432795
6.749622395833326	44.184309033369615
6.849622395833325	45.18238065057593
6.949622395833325	46.187793906851674
7.049622395833325	47.20020544826389
7.149622395833324	48.219514040988535
7.249622395833324	49.24535168582012
7.3496223958333236	50.27740727558003
7.449622395833323	51.315395594733154
7.549622395833323	52.35898781433343
7.6496223958333225	53.408007539314575
7.749622395833322	54.462096945349145
7.849622395833322	55.52111055571056
7.949622395833321	56.584709227020646
8.049622395833321	57.65270532954547
8.14962239583332	58.72483226434413
8.24962239583332	59.800825773229775
8.34962239583332	60.88049671442694
8.44962239583332	61.96356095661699
8.54962239583332	63.0498419173805
8.649622395833319	64.1392524463237
8.749622395833319	65.23154940362991
8.849622395833318	66.32651247238321
8.949622395833318	67.42397197043407
9.049622395833318	68.52380532475053
9.149622395833317	69.62571728197489
9.249622395833317	70.72951966407561
9.349622395833316	71.83505875028034
9.449622395833316	72.94213803598426
9.549622395833316	74.05059412234252
9.649622395833315	75.16026767726484
9.749622395833315	75.1644517013429
9.849622395833315	75.1644517013429
9.949622395833314	75.1644517013429
10.049622395833314	75.1644517013429
10.149622395833314	75.1644517013429
10.249622395833313	75.1644517013429
10.349622395833313	75.1644517013429
10.449622395833313	75.1644517013429
10.549622395833312	75.1644517013429
10.649622395833312	75.1644517013429
10.749622395833311	75.1644517013429
10.849622395833311	75.1644517013429
10.94962239583331	75.1644517013429
11.04962239583331	75.1644517013429
11.14962239583331	75.1644517013429
11.24962239583331	75.1644517013429
11.34962239583331	75.1644517013429
11.449622395833309	75.1644517013429
11.549622395833309	75.1644517013429
11.649622395833308	75.1644517013429
11.749622395833308	75.1644517013429
11.849622395833308	75.1644517013429
11.949622395833307	75.1644517013429
12.049622395833307	75.1644517013429
12.149622395833306	75.1644517013429
12.249622395833306	75.1644517013429
12.349622395833306	75.1644517013429
12.449622395833305	75.1644517013429
12.549622395833305	75.1644517013429
12.649622395833305	75.1644517013429
12.749622395833304	75.1644517013429
12.849622395833304	75.1644517013429
12.949622395833304	75.1644517013429
13.049622395833303	75.1644517013429
13.149622395833303	75.1644517013429
13.249622395833303	75.1644517013429
13.349622395833302	75.1644517013429
13.449622395833302	75.1644517013429
13.549622395833302	75.1644517013429
13.649622395833301	75.1644517013429
13.7496223958333	75.1644517013429
13.8496223958333	75.1644517013429
13.9496223958333	75.1644517013429
14.0496223958333	75.1644517013429
14.1496223958333	75.1644517013429
14.249622395833299	75.1644517013429
14.349622395833299	75.1644517013429
14.449622395833298	75.1644517013429
14.549622395833298	75.1644517013429
14.649622395833298	75.1644517013429
14.749622395833297	75.1644517013429
14.849622395833297	75.1644517013429
14.949622395833297	75.1644517013429
15.049622395833296	75.1644517013429
15.149622395833296	75.1644517013429
15.249622395833295	75.1644517013429
15.349622395833295	75.1644517013429
15.449622395833295	75.1644517013429
15.549622395833294	75.1644517013429
15.649622395833294	75.1644517013429
15.749622395833294	75.1644517013429
15.849622395833293	75.1644517013429
15.949622395833293	75.1644517013429
16.049622395833293	75.1644517013429
16.149622395833294	75.1644517013429
16.249622395833295	75.1644517013429
16.349622395833297	75.1644517013429
16.4496223958333	75.1644517013429
16.5496223958333	75.1644517013429
16.6496223958333	75.1644517013429
16.749622395833303	75.1644517013429
16.849622395833304	75.1644517013429
16.949622395833305	75.1644517013429
17.049622395833307	75.1644517013429
17.14962239583331	75.1644517013429
17.24962239583331	75.1644517013429
17.34962239583331	75.1644517013429
17.449622395833313	75.1644517013429
17.549622395833314	75.1644517013429
17.649622395833315	75.1644517013429
17.749622395833317	75.1644517013429
17.849622395833318	75.1644517013429
17.94962239583332	75.1644517013429
18.04962239583332	75.1644517013429
18.149622395833322	75.1644517013429
18.249622395833324	75.1644517013429
18.349622395833325	75.1644517013429
18.449622395833327	75.1644517013429
18.549622395833328	75.1644517013429
18.64962239583333	75.1644517013429
18.74962239583333	75.1644517013429
18.849622395833332	75.1644517013429
18.949622395833334	75.1644517013429
19.049622395833335	75.1644517013429
19.149622395833337	75.1644517013429
19.249622395833338	75.1644517013429
19.34962239583334	75.1644517013429
19.44962239583334	75.1644517013429
19.549622395833342	75.1644517013429
19.649622395833344	75.1644517013429
19.749622395833345	75.1644517013429
19.849622395833347	75.1644517013429
19.949622395833348	75.1644517013429
20.04962239583335	75.1644517013429
20.14962239583335	75.1644517013429
20.249622395833352	75.1644517013429
20.349622395833354	75.1644517013429
20.449622395833355	75.1644517013429
20.549622395833357	75.1644517013429
20.649622395833358	75.1644517013429
20.74962239583336	75.1644517013429
20.84962239583336	75.1644517013429
20.949622395833362	75.1644517013429
21.049622395833364	75.1644517013429
21.149622395833365	75.1644517013429
21.249622395833367	75.1644517013429
21.349622395833368	75.1644517013429
21.44962239583337	75.1644517013429
21.54962239583337	75.1644517013429
21.649622395833372	75.1644517013429
21.749622395833374	75.1644517013429
21.849622395833375	75.1644517013429
21.949622395833376	75.1644517013429
22.049622395833378	75.1644517013429
22.14962239583338	75.1644517013429
22.24962239583338	75.1644517013429
22.349622395833382	75.1644517013429
22.449622395833384	75.1644517013429
22.549622395833385	75.1644517013429
22.649622395833386	75.1644517013429
22.749622395833388	75.1644517013429
22.84962239583339	75.1644517013429
22.94962239583339	75.1644517013429
23.049622395833392	75.1644517013429
23.149622395833394	75.1644517013429
23.249622395833395	75.1644517013429
23.349622395833396	75.1644517013429
23.449622395833398	75.1644517013429
23.5496223958334	75.1644517013429
23.6496223958334	75.1644517013429
23.749622395833402	75.1644517013429
23.849622395833403	75.1644517013429
23.949622395833405	75.1644517013429
24.049622395833406	75.1644517013429
24.149622395833408	75.1644517013429
24.24962239583341	75.1644517013429
24.34962239583341	75.1644517013429
24.449622395833412	75.1644517013429
24.549622395833413	75.16464431833829
24.649622395833415	75.24106291724608
24.749622395833416	75.32485294043097
24.849622395833418	75.40864296361582
24.94962239583342	75.49243298680081
25.04962239583342	75.57622300998564
25.149622395833422	75.66001301983366
25.201984251968504	75.70305577975965
1000025.201984252	75.70305577975965
