-100000	0
0	0
0.0033333333333333335	0.00879227066714614
0.008333333333333333	0.022218127628835904
0.01583333333333333	0.04302113245834569
0.02708333333333333	0.07539821234447316
0.043958333333333335	0.12613481281139835
0.06927083333333334	0.20612253629832195
0.10723958333333333	0.332893534463371
0.16419270833333333	0.5348027037761882
0.24962239583333334	0.8573381518814894
0.3496223958333333	1.2573147798318791
0.4496223958333333	1.6757474257127598
0.5496223958333333	2.1087513873053583
0.6496223958333333	2.553639115209596
0.7496223958333332	3.0081529932188182
0.8496223958333332	3.4706979947750867
0.9496223958333332	3.939993930892038
1.0496223958333333	4.414938718478452
1.1496223958333334	4.894711906460094
1.2496223958333335	5.380211051877208
1.3496223958333335	5.872138916517809
1.4496223958333336	6.370842007968643
1.5496223958333337	6.876655675596967
1.6496223958333338	7.389895618453034
1.749622395833334	7.91077636648022
1.849622395833334	8.439617436599173
1.949622395833334	8.976663198930268
2.049622395833334	9.52223367768928
2.149622395833334	10.076706062253447
2.249622395833334	10.640246645060772
2.349622395833334	11.213061767731467
2.4496223958333343	11.795300736816758
2.5496223958333344	12.38724598043234
2.6496223958333345	12.989054465720482
2.7496223958333346	13.600905613439526
2.8496223958333347	14.222906548610739
2.9496223958333347	14.855271216983597
3.049622395833335	15.498124974996882
3.149622395833335	16.151556900381514
3.249622395833335	16.8156687162334
3.349622395833335	17.490562335896634
3.449622395833335	18.17632689352678
3.5496223958333353	18.873003361185496
3.6496223958333354	19.580580148373205
3.7496223958333355	20.29913772018717
3.8496223958333355	21.02869731052187
3.9496223958333356	21.769252511291032
4.049622395833335	22.52076655741885
4.149622395833335	23.28324641802137
4.249622395833335	24.056709335049685
4.349622395833334	24.841040226614776
4.449622395833334	25.636154364834212
4.5496223958333335	26.44207120841123
4.649622395833333	27.25862799300447
4.749622395833333	28.085810156900077
4.849622395833332	28.923404812852194
4.949622395833332	29.77132888935954
5.049622395833332	30.62942835740083
5.149622395833331	31.497571755751597
5.249622395833331	32.37566258894138
5.349622395833331	33.26349208358376
5.44962239583333	34.16099935383314
5.54962239583333	35.0678610555754
5.64962239583333	35.98417974838914
5.749622395833329	36.909636620533064
5.849622395833329	37.8439321379098
5.9496223958333285	38.786855645033945
6.049622395833328	39.73822428231065
6.149622395833328	40.69773154720899
6.2496223958333275	41.6653413995646
6.349622395833327	42.6407362163445
6.449622395833327	43.62377074296782
6.549622395833326	44.61405975021779
6.649622395833326	45.61152887274993
6.749622395833326	46.61586009098592
6.849622395833325	47.62694247716459
6.949622395833325	48.644403315248226
7.049622395833325	49.667976848570945
7.149622395833324	50.697533560382304
7.249622395833324	51.73272965283954
7.3496223958333236	52.77347636783687
7.449622395833323	53.819462848064155
7.549622395833323	54.87047490564361
7.6496223958333225	55.926221020954955
7.749622395833322	56.98654641360729
7.849622395833322	58.0511518333937
7.949622395833321	59.119884064146135
8.049622395833321	60.19250444408397
8.14962239583332	61.268811846428775
8.24962239583332	62.34855298060151
8.34962239583332	63.4315569393846
8.44962239583332	64.51753221305303
8.54962239583332	65.60640602315604
8.649622395833319	66.69807951237331
8.749622395833319	67.79233449059038
8.849622395833318	68.88897139538413
8.949622395833318	69.98781830323766
9.049622395833318	71.08874130147913
9.149622395833317	72.19153384476488
9.249622395833317	73.29602904722977
9.349622395833316	74.40205888198108
9.449622395833316	75.50946699272075
9.549622395833316	76.61810407733573
9.649622395833315	77.7278079599816
9.749622395833315	77.73200010144636
9.849622395833315	77.73200010144636
9.949622395833314	77.73200010144636
10.049622395833314	77.73200010144636
10.149622395833314	77.73200010144636
10.249622395833313	77.73200010144636
10.349622395833313	77.73200010144636
10.449622395833313	77.73200010144636
10.549622395833312	77.73200010144636
10.649622395833312	77.73200010144636
10.749622395833311	77.73200010144636
10.849622395833311	77.73200010144636
10.94962239583331	77.73200010144636
11.04962239583331	77.73200010144636
11.14962239583331	77.73200010144636
11.24962239583331	77.73200010144636
11.34962239583331	77.73200010144636
11.449622395833309	77.73200010144636
11.549622395833309	77.73200010144636
11.649622395833308	77.73200010144636
11.749622395833308	77.73200010144636
11.849622395833308	77.73200010144636
11.949622395833307	77.73200010144636
12.049622395833307	77.73200010144636
12.149622395833306	77.73200010144636
12.249622395833306	77.73200010144636
12.349622395833306	77.73200010144636
12.449622395833305	77.73200010144636
12.549622395833305	77.73200010144636
12.649622395833305	77.73200010144636
12.749622395833304	77.73200010144636
12.849622395833304	77.73200010144636
12.949622395833304	77.73200010144636
13.049622395833303	77.73200010144636
13.149622395833303	77.73200010144636
13.249622395833303	77.73200010144636
13.349622395833302	77.73200010144636
13.449622395833302	77.73200010144636
13.549622395833302	77.73200010144636
13.649622395833301	77.73200010144636
13.7496223958333	77.73200010144636
13.8496223958333	77.73200010144636
13.9496223958333	77.73200010144636
14.0496223958333	77.73200010144636
14.1496223958333	77.73200010144636
14.249622395833299	77.73200010144636
14.349622395833299	77.73200010144636
14.449622395833298	77.73200010144636
14.549622395833298	77.73200010144636
14.649622395833298	77.73200010144636
14.749622395833297	77.73200010144636
14.849622395833297	77.73200010144636
14.949622395833297	77.73200010144636
15.049622395833296	77.73200010144636
15.149622395833296	77.73200010144636
15.249622395833295	77.73200010144636
15.349622395833295	77.73200010144636
15.449622395833295	77.73200010144636
15.549622395833294	77.73200010144636
15.649622395833294	77.73200010144636
15.749622395833294	77.73200010144636
15.849622395833293	77.73200010144636
15.949622395833293	77.73200010144636
16.049622395833293	77.73200010144636
16.149622395833294	77.73200010144636
16.249622395833295	77.73200010144636
16.349622395833297	77.73200010144636
16.4496223958333	77.73200010144636
16.5496223958333	77.73200010144636
16.6496223958333	77.73200010144636
16.749622395833303	77.73200010144636
16.849622395833304	77.73200010144636
16.949622395833305	77.73200010144636
17.049622395833307	77.73200010144636
17.14962239583331	77.73200010144636
17.24962239583331	77.73200010144636
17.34962239583331	77.73200010144636
17.449622395833313	77.73200010144636
17.549622395833314	77.73200010144636
17.649622395833315	77.73200010144636
17.749622395833317	77.73200010144636
17.849622395833318	77.73200010144636
17.94962239583332	77.73200010144636
18.04962239583332	77.73200010144636
18.149622395833322	77.73200010144636
18.249622395833324	77.73200010144636
18.349622395833325	77.73200010144636
18.449622395833327	77.73200010144636
18.549622395833328	77.73200010144636
18.64962239583333	77.73200010144636
18.74962239583333	77.73200010144636
18.849622395833332	77.73200010144636
18.949622395833334	77.73200010144636
19.049622395833335	77.73200010144636
19.149622395833337	77.73200010144636
19.249622395833338	77.73200010144636
19.34962239583334	77.73200010144636
19.44962239583334	77.73200010144636
19.549622395833342	77.73200010144636
19.649622395833344	77.73200010144636
19.749622395833345	77.73200010144636
19.849622395833347	77.73200010144636
19.949622395833348	77.73200010144636
20.04962239583335	77.73200010144636
20.14962239583335	77.73200010144636
20.249622395833352	77.73200010144636
20.349622395833354	77.73200010144636
20.449622395833355	77.73200010144636
20.549622395833357	77.73200010144636
20.649622395833358	77.73200010144636
20.74962239583336	77.73200010144636
20.84962239583336	77.73200010144636
20.949622395833362	77.73200010144636
21.049622395833364	77.73200010144636
21.149622395833365	77.73200010144636
21.249622395833367	77.73200010144636
21.349622395833368	77.73200010144636
21.44962239583337	77.73200010144636
21.54962239583337	77.73200010144636
21.649622395833372	77.73200010144636
21.749622395833374	77.73200010144636
21.849622395833375	77.73200010144636
21.949622395833376	77.73200010144636
22.049622395833378	77.73200010144636
22.14962239583338	77.73200010144636
22.24962239583338	77.73200010144636
22.349622395833382	77.73200010144636
22.449622395833384	77.73200010144636
22.549622395833385	77.73200010144636
22.649622395833386	77.73200010144636
22.749622395833388	77.73200010144636
22.84962239583339	77.73200010144636
22.94962239583339	77.73200010144636
23.049622395833392	77.73200010144636
23.149622395833394	77.73200010144636
23.249622395833395	77.73200010144636
23.349622395833396	77.73200010144636
23.449622395833398	77.73200010144636
23.5496223958334	77.73200010144636
23.6496223958334	77.73200010144636
23.749622395833402	77.73200010144636
23.849622395833403	77.73200010144636
23.949622395833405	77.73200010144636
24.049622395833406	77.73200010144636
24.149622395833408	77.73200010144636
24.24962239583341	77.73200010144636
24.34962239583341	77.73200010144636
24.449622395833412	77.73200010144636
24.549622395833413	77.74722019029072
24.649622395833415	77.84032038748127
24.749622395833416	77.93342039861398
24.849622395833418	78.02652040974723
24.94962239583342	78.11962042087985
25.04962239583342	78.21272039090657
25.149622395833422	78.30582027289451
25.204188976377953	78.35559553607322
1000025.2041889763	78.35559553607322
