-100000	0
0	0
0.0033333333333333335	0.00962503069796629
0.008333333333333333	0.024328038914986572
0.01583333333333333	0.04708320944118493
0.02708333333333333	0.08237794770554269
0.043958333333333335	0.13757499431947548
0.06927083333333334	0.22428306368014087
0.10723958333333333	0.36130833312424376
0.16419270833333333	0.5789216594147331
0.24962239583333334	0.9254915264227908
0.3496223958333333	1.3540957417673312
0.4496223958333333	1.8016932700727941
0.5496223958333333	2.264282640745848
0.6496223958333333	2.7391719326510375
0.7496223958333332	3.2241715335553174
0.8496223958333332	3.717645392457398
0.9496223958333332	4.218324640351041
1.0496223958333333	4.725065564372474
1.1496223958333334	5.237042310589455
1.2496223958333335	5.7550421366001006
1.3496223958333335	6.279823790502765
1.4496223958333336	6.81190584473489
1.5496223958333337	7.351727823272895
1.6496223958333338	7.899738859017017
1.749622395833334	8.456370133600505
1.849622395833334	9.021930004609647
1.949622395833334	9.596755828770744
2.049622395833334	10.181143549403705
2.149622395833334	10.775403622800503
2.249622395833334	11.37984151710802
2.349622395833334	11.994521809618256
2.4496223958333343	12.619647463707638
2.5496223958333344	13.255342373298106
2.6496223958333345	13.901782746292309
2.7496223958333346	14.559010524349636
2.8496223958333347	15.227125939515156
2.9496223958333347	15.906174176994867
3.049622395833335	16.596184651764645
3.149622395833335	17.297166771015632
3.249622395833335	18.009110557748475
3.349622395833335	18.731997931431778
3.449622395833335	19.465792282948378
3.5496223958333353	20.21040437828338
3.6496223958333354	20.965764817733927
3.7496223958333355	21.731871216903762
3.8496223958333355	22.50864450195098
3.9496223958333356	23.29594809165487
4.049622395833335	24.093676420571274
4.149622395833335	24.901691835148686
4.249622395833335	25.719893288800083
4.349622395833334	26.54817823244935
4.449622395833334	27.38637993321733
4.5496223958333335	28.234369897152877
4.649622395833333	29.092027818433472
4.749622395833333	29.959172468105248
4.849622395833332	30.83564503579484
4.949622395833332	31.721296109852922
5.049622395833332	32.61596384286803
5.149622395833331	33.519437210831306
5.249622395833331	34.431460600410546
5.349622395833331	35.35203280025617
5.44962239583333	36.28089097329315
5.54962239583333	37.217875875943335
5.64962239583333	38.16295479218522
5.749622395833329	39.115800922547386
5.849622395833329	40.076214412508996
5.9496223958333285	41.043975427621184
6.049622395833328	42.01896899168915
6.149622395833328	43.00087198761555
6.2496223958333275	43.98961150165487
6.349622395833327	44.98509651042628
6.449622395833327	45.98695860048356
6.549622395833326	46.9950952039397
6.649622395833326	48.009216589648744
6.749622395833326	49.02919172135815
6.849622395833325	50.05475215377067
6.949622395833325	51.085761063356635
7.049622395833325	52.121947850389375
7.149622395833324	53.16319363362022
7.249622395833324	54.20923553989319
7.3496223958333236	55.25996343021023
7.449622395833323	56.31507596303808
7.549622395833323	57.3744965261671
7.6496223958333225	58.437919246088434
7.749622395833322	59.50527609109665
7.849622395833322	60.576260825035426
7.949622395833321	61.65080699633937
8.049622395833321	62.7286007618503
8.14962239583332	63.80960295983747
8.24962239583332	64.89352637106443
8.34962239583332	65.98028340276505
8.44962239583332	67.0696448231208
8.54962239583332	68.16144286943708
8.649622395833319	69.25565294525265
8.749622395833319	70.35209124000357
8.849622395833318	71.45058855227049
8.949622395833318	72.55108197726894
9.049622395833318	73.65329343896677
9.149622395833317	74.75712138740144
9.249622395833317	75.86241536119104
9.349622395833316	76.96903465479659
9.449622395833316	78.0768737159834
9.549622395833316	79.18576126402886
9.649622395833315	80.29558853269963
9.749622395833315	80.2997801436176
9.849622395833315	80.2997801436176
9.949622395833314	80.2997801436176
10.049622395833314	80.2997801436176
10.149622395833314	80.2997801436176
10.249622395833313	80.2997801436176
10.349622395833313	80.2997801436176
10.449622395833313	80.2997801436176
10.549622395833312	80.2997801436176
10.649622395833312	80.2997801436176
10.749622395833311	80.2997801436176
10.849622395833311	80.2997801436176
10.94962239583331	80.2997801436176
11.04962239583331	80.2997801436176
11.14962239583331	80.2997801436176
11.24962239583331	80.2997801436176
11.34962239583331	80.2997801436176
11.449622395833309	80.2997801436176
11.549622395833309	80.2997801436176
11.649622395833308	80.2997801436176
11.749622395833308	80.2997801436176
11.849622395833308	80.2997801436176
11.949622395833307	80.2997801436176
12.049622395833307	80.2997801436176
12.149622395833306	80.2997801436176
12.249622395833306	80.2997801436176
12.349622395833306	80.2997801436176
12.449622395833305	80.2997801436176
12.549622395833305	80.2997801436176
12.649622395833305	80.2997801436176
12.749622395833304	80.2997801436176
12.849622395833304	80.2997801436176
12.949622395833304	80.2997801436176
13.049622395833303	80.2997801436176
13.149622395833303	80.2997801436176
13.249622395833303	80.2997801436176
13.349622395833302	80.2997801436176
13.449622395833302	80.2997801436176
13.549622395833302	80.2997801436176
13.649622395833301	80.2997801436176
13.7496223958333	80.2997801436176
13.8496223958333	80.2997801436176
13.9496223958333	80.2997801436176
14.0496223958333	80.2997801436176
14.1496223958333	80.2997801436176
14.249622395833299	80.2997801436176
14.349622395833299	80.2997801436176
14.449622395833298	80.2997801436176
14.549622395833298	80.2997801436176
14.649622395833298	80.2997801436176
14.749622395833297	80.2997801436176
14.849622395833297	80.2997801436176
14.949622395833297	80.2997801436176
15.049622395833296	80.2997801436176
15.149622395833296	80.2997801436176
15.249622395833295	80.2997801436176
15.349622395833295	80.2997801436176
15.449622395833295	80.2997801436176
15.549622395833294	80.2997801436176
15.649622395833294	80.2997801436176
15.749622395833294	80.2997801436176
15.849622395833293	80.2997801436176
15.949622395833293	80.2997801436176
16.049622395833293	80.2997801436176
16.149622395833294	80.2997801436176
16.249622395833295	80.2997801436176
16.349622395833297	80.2997801436176
16.4496223958333	80.2997801436176
16.5496223958333	80.2997801436176
16.6496223958333	80.2997801436176
16.749622395833303	80.2997801436176
16.849622395833304	80.2997801436176
16.949622395833305	80.2997801436176
17.049622395833307	80.2997801436176
17.14962239583331	80.2997801436176
17.24962239583331	80.2997801436176
17.34962239583331	80.2997801436176
17.449622395833313	80.2997801436176
17.549622395833314	80.2997801436176
17.649622395833315	80.2997801436176
17.749622395833317	80.2997801436176
17.849622395833318	80.2997801436176
17.94962239583332	80.2997801436176
18.04962239583332	80.2997801436176
18.149622395833322	80.2997801436176
18.249622395833324	80.2997801436176
18.349622395833325	80.2997801436176
18.449622395833327	80.2997801436176
18.549622395833328	80.2997801436176
18.64962239583333	80.2997801436176
18.74962239583333	80.2997801436176
18.849622395833332	80.2997801436176
18.949622395833334	80.2997801436176
19.049622395833335	80.2997801436176
19.149622395833337	80.2997801436176
19.249622395833338	80.2997801436176
19.34962239583334	80.2997801436176
19.44962239583334	80.2997801436176
19.549622395833342	80.2997801436176
19.649622395833344	80.2997801436176
19.749622395833345	80.2997801436176
19.849622395833347	80.2997801436176
19.949622395833348	80.2997801436176
20.04962239583335	80.2997801436176
20.14962239583335	80.2997801436176
20.249622395833352	80.2997801436176
20.349622395833354	80.2997801436176
20.449622395833355	80.2997801436176
20.549622395833357	80.2997801436176
20.649622395833358	80.2997801436176
20.74962239583336	80.2997801436176
20.84962239583336	80.2997801436176
20.949622395833362	80.2997801436176
21.049622395833364	80.2997801436176
21.149622395833365	80.2997801436176
21.249622395833367	80.2997801436176
21.349622395833368	80.2997801436176
21.44962239583337	80.2997801436176
21.54962239583337	80.2997801436176
21.649622395833372	80.2997801436176
21.749622395833374	80.2997801436176
21.849622395833375	80.2997801436176
21.949622395833376	80.2997801436176
22.049622395833378	80.2997801436176
22.14962239583338	80.2997801436176
22.24962239583338	80.2997801436176
22.349622395833382	80.2997801436176
22.449622395833384	80.2997801436176
22.549622395833385	80.2997801436176
22.649622395833386	80.2997801436176
22.749622395833388	80.2997801436176
22.84962239583339	80.2997801436176
22.94962239583339	80.2997801436176
23.049622395833392	80.2997801436176
23.149622395833394	80.2997801436176
23.249622395833395	80.2997801436176
23.349622395833396	80.2997801436176
23.449622395833398	80.2997801436176
23.5496223958334	80.2997801436176
23.6496223958334	80.2997801436176
23.749622395833402	80.2997801436176
23.849622395833403	80.2997801436176
23.949622395833405	80.2997801436176
24.049622395833406	80.2997801436176
24.149622395833408	80.2997801436176
24.24962239583341	80.2997801436176
24.34962239583341	80.2997801436176
24.449622395833412	80.2997801436176
24.549622395833413	80.33942286886627
24.649622395833415	80.43252295669413
24.749622395833416	80.52562297602609
24.849622395833418	80.6187229953585
24.94962239583342	80.71182293429706
25.04962239583342	80.8049228018556
25.149622395833422	80.89802285148683
25.2063937007874	80.94985068947456
1000025.2063937008	80.94985068947456
