-100000	0
6.13760289524436	0
6.140936228577693	0.0000006797846092248896
6.145936228577693	0.000006447844517961395
6.153436228577693	0.00003471235497925311
6.164686228577693	0.0001512966977176478
6.181561228577693	0.0005943089378846539
6.206873728577693	0.0021861931962601716
6.244842478577693	0.0077050042230852175
6.301795603577693	0.026174074095781437
6.3872252910776925	0.07888988897933634
6.487225291077692	0.17447637280575173
6.587225291077692	0.30272260312637894
6.6872252910776915	0.4606368451406202
6.787225291077691	0.6459484476750105
6.887225291077691	0.8567862401592883
6.98722529107769	1.0915362760821645
7.08722529107769	1.3488884522798041
7.18722529107769	1.6276700112494753
7.287225291077689	1.9268086120612897
7.387225291077689	2.2453283529424106
7.487225291077689	2.5823866488084044
7.587225291077688	2.937208140614563
7.687225291077688	3.309018000242686
7.787225291077688	3.696996636358712
7.887225291077687	4.100580407080206
7.987225291077687	4.519074641006671
8.087225291077687	4.951986387836032
8.187225291077686	5.398668520685429
8.287225291077686	5.858664425768264
8.387225291077685	6.331426756440816
8.487225291077685	6.816578325043114
8.587225291077685	7.313572764645528
8.687225291077684	7.821969592606375
8.787225291077684	8.341389553880342
8.887225291077684	8.871413166973452
8.987225291077683	9.411715925378196
9.087225291077683	9.961930694985174
9.187225291077683	10.521733192335592
9.287225291077682	11.090827238788105
9.387225291077682	11.668894221385402
9.487225291077682	12.255705942596217
9.587225291077681	12.85095315492499
9.68722529107768	13.454490776709559
9.78722529107768	14.066001580575236
9.88722529107768	14.68529969849028
9.98722529107768	15.312131115479493
10.08722529107768	15.94625684744144
10.187225291077679	16.587487970277742
10.287225291077679	17.235588137689135
10.387225291077678	17.89037287995248
10.487225291077678	18.55164149391512
10.587225291077678	19.219203132892304
10.687225291077677	19.89290305459721
10.787225291077677	20.572561733102717
10.887225291077677	21.258016787897827
10.987225291077676	21.94912173342784
11.087225291077676	22.64570709595971
11.187225291077675	23.347619533827146
11.287225291077675	24.054701798722014
11.387225291077675	24.766777660798738
11.487225291077674	25.483676696219263
11.587225291077674	26.205213482693306
11.687225291077674	26.93117691210638
11.787225291077673	27.661358397551144
11.887225291077673	28.39551876797567
11.987225291077673	29.133386375727603
12.087225291077672	29.874714273190484
12.187225291077672	30.619182663537934
12.287225291077672	31.366450503038962
12.387225291077671	32.116159488099555
12.48722529107767	32.86793860231751
12.58722529107767	33.62137424348632
12.68722529107767	34.37603349729924
12.756229268073966	34.857242836344746
1000012.756229268	34.857242836344746
