-100000	0
0	0
0.0033333333333333335	0.010464838335499545
0.008333333333333333	0.026466577323198955
0.01583333333333333	0.0511723966861212
0.02708333333333333	0.08940290334736321
0.043958333333333335	0.14901811510091986
0.06927083333333334	0.24245446566509657
0.10723958333333333	0.38980497354717736
0.16419270833333333	0.6231817273234512
0.24962239583333334	0.9938750919065407
0.3496223958333333	1.451283657035832
0.4496223958333333	1.9282083675988424
0.5496223958333333	2.4207015508754686
0.6496223958333333	2.925954300683993
0.7496223958333332	3.4417309354906855
0.8496223958333332	3.966470501798594
0.9496223958333332	4.49884416425474
1.0496223958333333	5.03769680809354
1.1496223958333334	5.58218274006398
1.2496223958333335	6.133125560514875
1.3496223958333335	6.6914004462341286
1.4496223958333336	7.257570681829339
1.5496223958333337	7.832219294337014
1.6496223958333338	8.415766543499693
1.749622395833334	9.00865323259981
1.849622395833334	9.611278435050771
1.949622395833334	10.223987585969821
2.049622395833334	10.847089618335184
2.149622395833334	11.480852658957343
2.249622395833334	12.12549616725168
2.349622395833334	12.781159281089904
2.4496223958333343	13.448012180183095
2.5496223958333344	14.126068124474317
2.6496223958333345	14.81545435976877
2.7496223958333346	15.516204523559955
2.8496223958333347	16.228280514601106
2.9496223958333347	16.951650490781084
3.049622395833335	17.686284755789163
3.149622395833335	18.4321334821839
3.249622395833335	19.189023414188508
3.349622395833335	19.956911562781183
3.449622395833335	20.73576637336254
3.5496223958333353	21.525304483589487
3.6496223958333354	22.325440202611023
3.7496223958333355	23.136092705894278
3.8496223958333355	23.957051638446437
3.9496223958333356	24.788134470118433
4.049622395833335	25.629165847854775
4.149622395833335	26.47988296476301
4.249622395833335	27.34020734617568
4.349622395833334	28.209840441928225
4.449622395833334	29.088708869140692
4.5496223958333335	29.976494265450672
4.649622395833333	30.873145229821038
4.749622395833333	31.77836149163723
4.849622395833332	32.691934431762654
4.949622395833332	33.61379233455842
5.049622395833332	34.54366860378392
5.149622395833331	35.481346414644676
5.249622395833331	36.42664065463111
5.349622395833331	37.37931114675757
5.44962239583333	38.339166674186345
5.54962239583333	39.30597441037153
5.64962239583333	40.279674398686396
5.749622395833329	41.25995254553529
5.849622395833329	42.246730725626854
5.9496223958333285	43.23971751742533
6.049622395833328	44.2388152152866
6.149622395833328	45.24377066314905
6.2496223958333275	46.25443979863046
6.349622395833327	47.27063406639647
6.449622395833327	48.29214867570536
6.549622395833326	49.31884557331685
6.649622395833326	50.3504892677813
6.749622395833326	51.386950981659744
6.849622395833325	52.4279459295874
6.949622395833325	53.47349306098889
7.049622395833325	54.52325079579252
7.149622395833324	55.57717848264301
7.249622395833324	56.63505077468247
7.3496223958333236	57.696684824160705
7.449622395833323	58.76202033218946
7.549622395833323	59.830766701429305
7.6496223958333225	60.90288741847946
7.749622395833322	61.97810134343672
7.849622395833322	63.05634265962644
7.949622395833321	64.13746094507317
8.049622395833321	65.22127706153229
8.14962239583332	66.30765929839694
8.24962239583332	67.39645734854487
8.34962239583332	68.48754613007058
8.44962239583332	69.5807149707163
8.54962239583332	70.6758605400958
8.649622395833319	71.77296816440817
8.749622395833319	72.87190712151101
8.849622395833318	73.9725709150692
8.949622395833318	75.07480815132121
9.049622395833318	76.17847680742858
9.149622395833317	77.28346376583917
9.249622395833317	78.38965947605548
9.349622395833316	79.4969192660815
9.449622395833316	80.60516517043426
9.549622395833316	81.71427568576532
9.649622395833315	82.82413879420076
9.749622395833315	82.82834259402655
9.849622395833315	82.82834259402655
9.949622395833314	82.82834259402655
10.049622395833314	82.82834259402655
10.149622395833314	82.82834259402655
10.249622395833313	82.82834259402655
10.349622395833313	82.82834259402655
10.449622395833313	82.82834259402655
10.549622395833312	82.82834259402655
10.649622395833312	82.82834259402655
10.749622395833311	82.82834259402655
10.849622395833311	82.82834259402655
10.94962239583331	82.82834259402655
11.04962239583331	82.82834259402655
11.14962239583331	82.82834259402655
11.24962239583331	82.82834259402655
11.34962239583331	82.82834259402655
11.449622395833309	82.82834259402655
11.549622395833309	82.82834259402655
11.649622395833308	82.82834259402655
11.749622395833308	82.82834259402655
11.849622395833308	82.82834259402655
11.949622395833307	82.82834259402655
12.049622395833307	82.82834259402655
12.149622395833306	82.82834259402655
12.249622395833306	82.82834259402655
12.349622395833306	82.82834259402655
12.449622395833305	82.82834259402655
12.549622395833305	82.82834259402655
12.649622395833305	82.82834259402655
12.749622395833304	82.82834259402655
12.849622395833304	82.82834259402655
12.949622395833304	82.82834259402655
13.049622395833303	82.82834259402655
13.149622395833303	82.82834259402655
13.249622395833303	82.82834259402655
13.349622395833302	82.82834259402655
13.449622395833302	82.82834259402655
13.549622395833302	82.82834259402655
13.649622395833301	82.82834259402655
13.7496223958333	82.82834259402655
13.8496223958333	82.82834259402655
13.9496223958333	82.82834259402655
14.0496223958333	82.82834259402655
14.1496223958333	82.82834259402655
14.249622395833299	82.82834259402655
14.349622395833299	82.82834259402655
14.449622395833298	82.82834259402655
14.549622395833298	82.82834259402655
14.649622395833298	82.82834259402655
14.749622395833297	82.82834259402655
14.849622395833297	82.82834259402655
14.949622395833297	82.82834259402655
15.049622395833296	82.82834259402655
15.149622395833296	82.82834259402655
15.249622395833295	82.82834259402655
15.349622395833295	82.82834259402655
15.449622395833295	82.82834259402655
15.549622395833294	82.82834259402655
15.649622395833294	82.82834259402655
15.749622395833294	82.82834259402655
15.849622395833293	82.82834259402655
15.949622395833293	82.82834259402655
16.049622395833293	82.82834259402655
16.149622395833294	82.82834259402655
16.249622395833295	82.82834259402655
16.349622395833297	82.82834259402655
16.4496223958333	82.82834259402655
16.5496223958333	82.82834259402655
16.6496223958333	82.82834259402655
16.749622395833303	82.82834259402655
16.849622395833304	82.82834259402655
16.949622395833305	82.82834259402655
17.049622395833307	82.82834259402655
17.14962239583331	82.82834259402655
17.24962239583331	82.82834259402655
17.34962239583331	82.82834259402655
17.449622395833313	82.82834259402655
17.549622395833314	82.82834259402655
17.649622395833315	82.82834259402655
17.749622395833317	82.82834259402655
17.849622395833318	82.82834259402655
17.94962239583332	82.82834259402655
18.04962239583332	82.82834259402655
18.149622395833322	82.82834259402655
18.249622395833324	82.82834259402655
18.349622395833325	82.82834259402655
18.449622395833327	82.82834259402655
18.549622395833328	82.82834259402655
18.64962239583333	82.82834259402655
18.74962239583333	82.82834259402655
18.849622395833332	82.82834259402655
18.949622395833334	82.82834259402655
19.049622395833335	82.82834259402655
19.149622395833337	82.82834259402655
19.249622395833338	82.82834259402655
19.34962239583334	82.82834259402655
19.44962239583334	82.82834259402655
19.549622395833342	82.82834259402655
19.649622395833344	82.82834259402655
19.749622395833345	82.82834259402655
19.849622395833347	82.82834259402655
19.949622395833348	82.82834259402655
20.04962239583335	82.82834259402655
20.14962239583335	82.82834259402655
20.249622395833352	82.82834259402655
20.349622395833354	82.82834259402655
20.449622395833355	82.82834259402655
20.549622395833357	82.82834259402655
20.649622395833358	82.82834259402655
20.74962239583336	82.82834259402655
20.84962239583336	82.82834259402655
20.949622395833362	82.82834259402655
21.049622395833364	82.82834259402655
21.149622395833365	82.82834259402655
21.249622395833367	82.82834259402655
21.349622395833368	82.82834259402655
21.44962239583337	82.82834259402655
21.54962239583337	82.82834259402655
21.649622395833372	82.82834259402655
21.749622395833374	82.82834259402655
21.849622395833375	82.82834259402655
21.949622395833376	82.82834259402655
22.049622395833378	82.82834259402655
22.14962239583338	82.82834259402655
22.24962239583338	82.82834259402655
22.349622395833382	82.82834259402655
22.449622395833384	82.82834259402655
22.549622395833385	82.82834259402655
22.649622395833386	82.82834259402655
22.749622395833388	82.82834259402655
22.84962239583339	82.82834259402655
22.94962239583339	82.82834259402655
23.049622395833392	82.82834259402655
23.149622395833394	82.82834259402655
23.249622395833395	82.82834259402655
23.349622395833396	82.82834259402655
23.449622395833398	82.82834259402655
23.5496223958334	82.82834259402655
23.6496223958334	82.82834259402655
23.749622395833402	82.82834259402655
23.849622395833403	82.82834259402655
23.949622395833405	82.82834259402655
24.049622395833406	82.82834259402655
24.149622395833408	82.82834259402655
24.24962239583341	82.82834259402655
24.34962239583341	82.82834259402655
24.449622395833412	82.82834259402655
24.549622395833413	82.89240350824971
24.649622395833415	82.98550314793845
24.749622395833416	83.07860321523374
24.849622395833418	83.17170289741549
24.94962239583342	83.26480253897871
25.04962239583342	83.35790254953763
25.149622395833422	83.45100256009712
25.20859842519685	83.50488380951259
1000025.2085984251	83.50488380951259
