-100000	0
0	0
0.0033333333333333335	0.01131345630311169
0.008333333333333333	0.028596789518081575
0.01583333333333333	0.05522799020777785
0.02708333333333333	0.09636013926177041
0.043958333333333335	0.16040944871928922
0.06927083333333334	0.2606048765065163
0.10723958333333333	0.4183673445197976
0.16419270833333333	0.667599005268778
0.24962239583333334	1.062446467416993
0.3496223958333333	1.5487800066948574
0.4496223958333333	2.055191939348185
0.5496223958333333	2.5777390518203314
0.6496223958333333	3.1135249662265165
0.7496223958333332	3.660264002936368
0.8496223958333332	4.216410758143987
0.9496223958333332	4.78065152744016
1.0496223958333333	5.351785748673993
1.1496223958333334	5.92899061628175
1.2496223958333335	6.513157729150531
1.3496223958333335	7.105352044362327
1.4496223958333336	7.706096191303656
1.5496223958333337	8.315953250544194
1.6496223958333338	8.935389641454668
1.749622395833334	9.564811079629987
1.849622395833334	10.204638935945288
1.949622395833334	10.855180343968309
2.049622395833334	11.516732485690332
2.149622395833334	12.189468602685402
2.249622395833334	12.873591068878875
2.349622395833334	13.569230798754548
2.4496223958333343	14.27645974157407
2.5496223958333344	14.995306589857359
2.6496223958333345	15.725781996138108
2.7496223958333346	16.467856300594892
2.8496223958333347	17.221461782683164
2.9496223958333347	17.986576911005013
3.049622395833335	18.76305364073061
3.149622395833335	19.55077111882938
3.249622395833335	20.3495470262028
3.349622395833335	21.1592401217351
3.449622395833335	21.97965429180639
3.5496223958333353	22.8105971697836
3.6496223958333354	23.651893437620664
3.7496223958333355	24.50328773147846
3.8496223958333355	25.364624448844786
3.9496223958333356	26.235607820074314
4.049622395833335	27.116041243452035
4.149622395833335	28.005686946542
4.249622395833335	28.904354688805654
4.349622395833334	29.81182597563042
4.449622395833334	30.72779955571816
4.5496223958333335	31.652099026873227
4.649622395833333	32.58441520575772
4.749622395833333	33.524603781996674
4.849622395833332	34.47239011512816
4.949622395833332	35.42757822077526
5.049622395833332	36.38981966641092
5.149622395833331	37.358976892664295
5.249622395833331	38.334915355350255
5.349622395833331	39.31728711548056
5.44962239583333	40.306031177164414
5.54962239583333	41.300773838012766
5.64962239583333	42.30145375652161
5.749622395833329	43.30777326617834
5.849622395833329	44.31956192591031
5.9496223958333285	45.336721637176275
6.049622395833328	46.358911836780095
6.149622395833328	47.38609930862142
6.2496223958333275	48.41798109582559
6.349622395833327	49.4544550469061
6.449622395833327	50.49533179771998
6.549622395833326	51.540407517675916
6.649622395833326	52.58955465931946
6.749622395833326	53.642538478493016
6.849622395833325	54.699289389185616
6.949622395833325	55.75959369821502
7.049622395833325	56.82331807958624
7.149622395833324	57.89033432376336
7.249622395833324	58.96043500302074
7.3496223958333236	60.033574918545455
7.449622395833323	61.109495871621554
7.549622395833323	62.188179821069994
7.6496223958333225	63.269392067731495
7.749622395833322	64.35307179525279
7.849622395833322	65.43907728615083
7.949622395833321	66.52728073007717
8.049622395833321	67.61754457556317
8.14962239583332	68.70977099573216
8.24962239583332	69.8038270979209
8.34962239583332	70.89962191504812
8.44962239583332	71.9970456704497
8.54962239583332	73.09600048379798
8.649622395833319	74.1963568063035
8.749622395833319	75.29811455303091
8.849622395833318	76.40115426565494
8.949622395833318	77.5053758686111
9.049622395833318	78.61068438883532
9.149622395833317	79.71698656949694
9.249622395833317	80.82422434945504
9.349622395833316	81.93224070931149
9.449622395833316	83.04098222803134
9.549622395833316	84.15036174443831
9.649622395833315	85.26030080641175
9.749622395833315	85.26449274224586
9.849622395833315	85.26449274224586
9.949622395833314	85.26449274224586
10.049622395833314	85.26449274224586
10.149622395833314	85.26449274224586
10.249622395833313	85.26449274224586
10.349622395833313	85.26449274224586
10.449622395833313	85.26449274224586
10.549622395833312	85.26449274224586
10.649622395833312	85.26449274224586
10.749622395833311	85.26449274224586
10.849622395833311	85.26449274224586
10.94962239583331	85.26449274224586
11.04962239583331	85.26449274224586
11.14962239583331	85.26449274224586
11.24962239583331	85.26449274224586
11.34962239583331	85.26449274224586
11.449622395833309	85.26449274224586
11.549622395833309	85.26449274224586
11.649622395833308	85.26449274224586
11.749622395833308	85.26449274224586
11.849622395833308	85.26449274224586
11.949622395833307	85.26449274224586
12.049622395833307	85.26449274224586
12.149622395833306	85.26449274224586
12.249622395833306	85.26449274224586
12.349622395833306	85.26449274224586
12.449622395833305	85.26449274224586
12.549622395833305	85.26449274224586
12.649622395833305	85.26449274224586
12.749622395833304	85.26449274224586
12.849622395833304	85.26449274224586
12.949622395833304	85.26449274224586
13.049622395833303	85.26449274224586
13.149622395833303	85.26449274224586
13.249622395833303	85.26449274224586
13.349622395833302	85.26449274224586
13.449622395833302	85.26449274224586
13.549622395833302	85.26449274224586
13.649622395833301	85.26449274224586
13.7496223958333	85.26449274224586
13.8496223958333	85.26449274224586
13.9496223958333	85.26449274224586
14.0496223958333	85.26449274224586
14.1496223958333	85.26449274224586
14.249622395833299	85.26449274224586
14.349622395833299	85.26449274224586
14.449622395833298	85.26449274224586
14.549622395833298	85.26449274224586
14.649622395833298	85.26449274224586
14.749622395833297	85.26449274224586
14.849622395833297	85.26449274224586
14.949622395833297	85.26449274224586
15.049622395833296	85.26449274224586
15.149622395833296	85.26449274224586
15.249622395833295	85.26449274224586
15.349622395833295	85.26449274224586
15.449622395833295	85.26449274224586
15.549622395833294	85.26449274224586
15.649622395833294	85.26449274224586
15.749622395833294	85.26449274224586
15.849622395833293	85.26449274224586
15.949622395833293	85.26449274224586
16.049622395833293	85.26449274224586
16.149622395833294	85.26449274224586
16.249622395833295	85.26449274224586
16.349622395833297	85.26449274224586
16.4496223958333	85.26449274224586
16.5496223958333	85.26449274224586
16.6496223958333	85.26449274224586
16.749622395833303	85.26449274224586
16.849622395833304	85.26449274224586
16.949622395833305	85.26449274224586
17.049622395833307	85.26449274224586
17.14962239583331	85.26449274224586
17.24962239583331	85.26449274224586
17.34962239583331	85.26449274224586
17.449622395833313	85.26449274224586
17.549622395833314	85.26449274224586
17.649622395833315	85.26449274224586
17.749622395833317	85.26449274224586
17.849622395833318	85.26449274224586
17.94962239583332	85.26449274224586
18.04962239583332	85.26449274224586
18.149622395833322	85.26449274224586
18.249622395833324	85.26449274224586
18.349622395833325	85.26449274224586
18.449622395833327	85.26449274224586
18.549622395833328	85.26449274224586
18.64962239583333	85.26449274224586
18.74962239583333	85.26449274224586
18.849622395833332	85.26449274224586
18.949622395833334	85.26449274224586
19.049622395833335	85.26449274224586
19.149622395833337	85.26449274224586
19.249622395833338	85.26449274224586
19.34962239583334	85.26449274224586
19.44962239583334	85.26449274224586
19.549622395833342	85.26449274224586
19.649622395833344	85.26449274224586
19.749622395833345	85.26449274224586
19.849622395833347	85.26449274224586
19.949622395833348	85.26449274224586
20.04962239583335	85.26449274224586
20.14962239583335	85.26449274224586
20.249622395833352	85.26449274224586
20.349622395833354	85.26449274224586
20.449622395833355	85.26449274224586
20.549622395833357	85.26449274224586
20.649622395833358	85.26449274224586
20.74962239583336	85.26449274224586
20.84962239583336	85.26449274224586
20.949622395833362	85.26449274224586
21.049622395833364	85.26449274224586
21.149622395833365	85.26449274224586
21.249622395833367	85.26449274224586
21.349622395833368	85.26449274224586
21.44962239583337	85.26449274224586
21.54962239583337	85.26449274224586
21.649622395833372	85.26449274224586
21.749622395833374	85.26449274224586
21.849622395833375	85.26449274224586
21.949622395833376	85.26449274224586
22.049622395833378	85.26449274224586
22.14962239583338	85.26449274224586
22.24962239583338	85.26449274224586
22.349622395833382	85.26449274224586
22.449622395833384	85.26449274224586
22.549622395833385	85.26449274224586
22.649622395833386	85.26449274224586
22.749622395833388	85.26449274224586
22.84962239583339	85.26449274224586
22.94962239583339	85.26449274224586
23.049622395833392	85.26449274224586
23.149622395833394	85.26449274224586
23.249622395833395	85.26449274224586
23.349622395833396	85.26449274224586
23.449622395833398	85.26449274224586
23.5496223958334	85.26449274224586
23.6496223958334	85.26449274224586
23.749622395833402	85.26449274224586
23.849622395833403	85.26449274224586
23.949622395833405	85.26449274224586
24.049622395833406	85.26449274224586
24.149622395833408	85.26449274224586
24.24962239583341	85.26449274224586
24.34962239583341	85.26449274224586
24.449622395833412	85.26567753840276
24.549622395833413	85.35298125139094
24.649622395833415	85.44608135578432
24.749622395833416	85.53918128612536
24.849622395833418	85.63228106704842
24.94962239583342	85.7253810774216
25.04962239583342	85.81848108779448
25.149622395833422	85.91158109816725
25.2108031496063	85.96751407483164
1000025.2108031496	85.96751407483164
