-100000	0
0	0
0.0033333333333333335	0.012151167122779227
0.008333333333333333	0.030691039904812617
0.01583333333333333	0.059227308040707846
0.02708333333333333	0.10325680805309438
0.043958333333333335	0.1717651865426659
0.06927083333333334	0.27877546700224093
0.10723958333333333	0.4469296665632577
0.16419270833333333	0.7119768534198064
0.24962239583333334	1.1311273131858315
0.3496223958333333	1.6463632359855727
0.4496223958333333	2.182279004304271
0.5496223958333333	2.7348030219318984
0.6496223958333333	3.301091660693472
0.7496223958333332	3.878956882967426
0.8496223958333332	4.466653027729006
0.9496223958333332	5.062756175730552
1.0496223958333333	5.666163737576808
1.1496223958333334	6.276032685803612
1.2496223958333335	6.893506425615539
1.3496223958333335	7.519691386029482
1.4496223958333336	8.155051992112876
1.5496223958333337	8.800137527085024
1.6496223958333338	9.455288107238294
1.749622395833334	10.120928819982804
1.849622395833334	10.797413383977318
1.949622395833334	11.484981755661178
2.049622395833334	12.183893607282696
2.149622395833334	12.894250984147435
2.249622395833334	13.616235341516855
2.349622395833334	14.349922676076094
2.4496223958333343	15.095310753927448
2.5496223958333344	15.852374459739568
2.6496223958333345	16.62108725185414
2.7496223958333346	17.401426533331822
2.8496223958333347	18.1932647631908
2.9496223958333347	18.996444113779372
3.049622395833335	19.810808349848195
3.149622395833335	20.636204844499492
3.249622395833335	21.47238132098467
3.349622395833335	22.319247769550955
3.449622395833335	23.17644550021523
3.5496223958333353	24.043806310987218
3.6496223958333354	24.921173053977782
3.7496223958333355	25.8081270489312
3.8496223958333355	26.704643916444546
3.9496223958333356	27.61024289935323
4.049622395833335	28.52485099309801
4.149622395833335	29.44812098192562
4.249622395833335	30.379774900959376
4.349622395833334	31.319698963855068
4.449622395833334	32.26741436216634
4.5496223958333335	33.22291757035311
4.649622395833333	34.18573848738065
4.749622395833333	35.155759412183734
4.849622395833332	36.132808948121856
4.949622395833332	37.116491453761356
5.049622395833332	38.10667483717412
5.149622395833331	39.10301286181103
5.249622395833331	40.10538639046482
5.349622395833331	41.11350159539882
5.44962239583333	42.12716706043236
5.54962239583333	43.14618684969177
5.64962239583333	44.170303007321394
5.749622395833329	45.199373006143944
5.849622395833329	46.23314592003452
5.9496223958333285	47.27146702753165
6.049622395833328	48.314128289300825
6.149622395833328	49.3609182943174
6.2496223958333275	50.41172619012988
6.349622395833327	51.46637423310006
6.449622395833327	52.52464520446569
6.549622395833326	53.586404785976185
6.649622395833326	54.651408974464445
6.749622395833326	55.71956727867987
6.849622395833325	56.79074176774336
6.949622395833325	57.86475167430032
7.049622395833325	58.941493667217806
7.149622395833324	60.020768535096785
7.249622395833324	61.10251196303
7.3496223958333236	62.186553516724544
7.449622395833323	63.2727698504454
7.549622395833323	64.36108388476748
7.6496223958333225	65.45128275194746
7.749622395833322	66.54336245863932
7.849622395833322	67.63712883339919
7.949622395833321	68.73251866490966
8.049622395833321	69.8294126955004
8.14962239583332	70.92772380832231
8.24962239583332	72.02732707900502
8.34962239583332	73.12815020589369
8.44962239583332	74.23013279579995
8.54962239583332	75.33314309470991
8.649622395833319	76.43709583795896
8.749622395833319	77.54196003607952
8.849622395833318	78.64764836176406
8.949622395833318	79.75411041168576
9.049622395833318	80.86126077848932
9.149622395833317	81.96903848592163
9.249622395833317	83.07738097992133
9.349622395833316	84.18621570849761
9.449622395833316	85.29552179358538
9.549622395833316	86.40522406828165
9.649622395833315	87.51524976770128
9.749622395833315	87.51944216250483
9.849622395833315	87.51944216250483
9.949622395833314	87.51944216250483
10.049622395833314	87.51944216250483
10.149622395833314	87.51944216250483
10.249622395833313	87.51944216250483
10.349622395833313	87.51944216250483
10.449622395833313	87.51944216250483
10.549622395833312	87.51944216250483
10.649622395833312	87.51944216250483
10.749622395833311	87.51944216250483
10.849622395833311	87.51944216250483
10.94962239583331	87.51944216250483
11.04962239583331	87.51944216250483
11.14962239583331	87.51944216250483
11.24962239583331	87.51944216250483
11.34962239583331	87.51944216250483
11.449622395833309	87.51944216250483
11.549622395833309	87.51944216250483
11.649622395833308	87.51944216250483
11.749622395833308	87.51944216250483
11.849622395833308	87.51944216250483
11.949622395833307	87.51944216250483
12.049622395833307	87.51944216250483
12.149622395833306	87.51944216250483
12.249622395833306	87.51944216250483
12.349622395833306	87.51944216250483
12.449622395833305	87.51944216250483
12.549622395833305	87.51944216250483
12.649622395833305	87.51944216250483
12.749622395833304	87.51944216250483
12.849622395833304	87.51944216250483
12.949622395833304	87.51944216250483
13.049622395833303	87.51944216250483
13.149622395833303	87.51944216250483
13.249622395833303	87.51944216250483
13.349622395833302	87.51944216250483
13.449622395833302	87.51944216250483
13.549622395833302	87.51944216250483
13.649622395833301	87.51944216250483
13.7496223958333	87.51944216250483
13.8496223958333	87.51944216250483
13.9496223958333	87.51944216250483
14.0496223958333	87.51944216250483
14.1496223958333	87.51944216250483
14.249622395833299	87.51944216250483
14.349622395833299	87.51944216250483
14.449622395833298	87.51944216250483
14.549622395833298	87.51944216250483
14.649622395833298	87.51944216250483
14.749622395833297	87.51944216250483
14.849622395833297	87.51944216250483
14.949622395833297	87.51944216250483
15.049622395833296	87.51944216250483
15.149622395833296	87.51944216250483
15.249622395833295	87.51944216250483
15.349622395833295	87.51944216250483
15.449622395833295	87.51944216250483
15.549622395833294	87.51944216250483
15.649622395833294	87.51944216250483
15.749622395833294	87.51944216250483
15.849622395833293	87.51944216250483
15.949622395833293	87.51944216250483
16.049622395833293	87.51944216250483
16.149622395833294	87.51944216250483
16.249622395833295	87.51944216250483
16.349622395833297	87.51944216250483
16.4496223958333	87.51944216250483
16.5496223958333	87.51944216250483
16.6496223958333	87.51944216250483
16.749622395833303	87.51944216250483
16.849622395833304	87.51944216250483
16.949622395833305	87.51944216250483
17.049622395833307	87.51944216250483
17.14962239583331	87.51944216250483
17.24962239583331	87.51944216250483
17.34962239583331	87.51944216250483
17.449622395833313	87.51944216250483
17.549622395833314	87.51944216250483
17.649622395833315	87.51944216250483
17.749622395833317	87.51944216250483
17.849622395833318	87.51944216250483
17.94962239583332	87.51944216250483
18.04962239583332	87.51944216250483
18.149622395833322	87.51944216250483
18.249622395833324	87.51944216250483
18.349622395833325	87.51944216250483
18.449622395833327	87.51944216250483
18.549622395833328	87.51944216250483
18.64962239583333	87.51944216250483
18.74962239583333	87.51944216250483
18.849622395833332	87.51944216250483
18.949622395833334	87.51944216250483
19.049622395833335	87.51944216250483
19.149622395833337	87.51944216250483
19.249622395833338	87.51944216250483
19.34962239583334	87.51944216250483
19.44962239583334	87.51944216250483
19.549622395833342	87.51944216250483
19.649622395833344	87.51944216250483
19.749622395833345	87.51944216250483
19.849622395833347	87.51944216250483
19.949622395833348	87.51944216250483
20.04962239583335	87.51944216250483
20.14962239583335	87.51944216250483
20.249622395833352	87.51944216250483
20.349622395833354	87.51944216250483
20.449622395833355	87.51944216250483
20.549622395833357	87.51944216250483
20.649622395833358	87.51944216250483
20.74962239583336	87.51944216250483
20.84962239583336	87.51944216250483
20.949622395833362	87.51944216250483
21.049622395833364	87.51944216250483
21.149622395833365	87.51944216250483
21.249622395833367	87.51944216250483
21.349622395833368	87.51944216250483
21.44962239583337	87.51944216250483
21.54962239583337	87.51944216250483
21.649622395833372	87.51944216250483
21.749622395833374	87.51944216250483
21.849622395833375	87.51944216250483
21.949622395833376	87.51944216250483
22.049622395833378	87.51944216250483
22.14962239583338	87.51944216250483
22.24962239583338	87.51944216250483
22.349622395833382	87.51944216250483
22.449622395833384	87.51944216250483
22.549622395833385	87.51944216250483
22.649622395833386	87.51944216250483
22.749622395833388	87.51944216250483
22.84962239583339	87.51944216250483
22.94962239583339	87.51944216250483
23.049622395833392	87.51944216250483
23.149622395833394	87.51944216250483
23.249622395833395	87.51944216250483
23.349622395833396	87.51944216250483
23.449622395833398	87.51944216250483
23.5496223958334	87.51944216250483
23.6496223958334	87.51944216250483
23.749622395833402	87.51944216250483
23.849622395833403	87.51944216250483
23.949622395833405	87.51944216250483
24.049622395833406	87.51944216250483
24.149622395833408	87.51944216250483
24.24962239583341	87.51944216250483
24.34962239583341	87.51944216250483
24.449622395833412	87.53925301790785
24.549622395833413	87.6323532291716
24.649622395833415	87.7254530161939
24.749622395833416	87.81855311067729
24.849622395833418	87.91165310798438
24.94962239583342	88.00475310529153
25.04962239583342	88.09785310259853
25.149622395833422	88.19095309990568
25.213007874015748	88.24893868044843
1000025.213007874	88.24893868044843
