-100000	0
0	0
0.0033333333333333335	0.012989339464283505
0.008333333333333333	0.03278646246725216
0.01583333333333333	0.06324337133974849
0.02708333333333333	0.11019530292476191
0.043958333333333335	0.18316964205887148
0.06927083333333334	0.29707695344106433
0.10723958333333333	0.47565850075506
0.16419270833333333	0.7565583986919397
0.24962239583333334	1.1999857277513999
0.3496223958333333	1.7443455958246683
0.4496223958333333	2.3098765040506657
0.5496223958333333	2.8925334466915884
0.6496223958333333	3.4893681828080614
0.7496223958333332	4.0983413807557305
0.8496223958333332	4.717552563390051
0.9496223958333332	5.345586288008328
1.0496223958333333	5.981284112643253
1.1496223958333334	6.623723147256719
1.2496223958333335	7.274290774501552
1.3496223958333335	7.934083544433733
1.4496223958333336	8.603486117685627
1.5496223958333337	9.282888604554826
1.6496223958333338	9.972644698448681
1.749622395833334	10.673054459868164
1.849622395833334	11.384438677147791
1.949622395833334	12.106915916458957
2.049622395833334	12.840623244082694
2.149622395833334	13.58573259425986
2.249622395833334	14.342264861104253
2.349622395833334	15.110268994064276
2.4496223958333343	15.88972215019109
2.5496223958333344	16.680565788005094
2.6496223958333345	17.482725612794532
2.7496223958333346	18.296138972173488
2.8496223958333347	19.120654686404723
2.9496223958333347	19.956101325588932
3.049622395833335	20.802301830205906
3.149622395833335	21.659052450907897
3.249622395833335	22.52613491806174
3.349622395833335	23.403313996675493
3.449622395833335	24.29040611237825
3.5496223958333353	25.18703823155474
3.6496223958333354	26.093181472807654
3.7496223958333355	27.008379962705916
3.8496223958333355	27.932548479156864
3.9496223958333356	28.86532549753806
4.049622395833335	29.80642673141554
4.149622395833335	30.755749446858648
4.249622395833335	31.712826060568734
4.349622395833334	32.67761080595831
4.449622395833334	33.64964120206443
4.5496223958333335	34.62878955665178
4.649622395833333	35.61481143594647
4.749622395833333	36.6073264566888
4.849622395833332	37.606317846830216
4.949622395833332	38.61133889695699
5.049622395833332	39.62230437048163
5.149622395833331	40.63887161879156
5.249622395833331	41.66091211564711
5.349622395833331	42.688136756518794
5.44962239583333	43.720324550542934
5.54962239583333	44.75732839192854
5.64962239583333	45.79885901351798
5.749622395833329	46.84482472063325
5.849622395833329	47.894906673754875
5.9496223958333285	48.94901397890822
6.049622395833328	50.00695078482294
6.149622395833328	51.068500647292105
6.2496223958333275	52.133537142855175
6.349622395833327	53.201804996778876
6.449622395833327	54.27317813502515
6.549622395833326	55.34756529688861
6.649622395833326	56.42466380252401
6.749622395833326	57.50445128387772
6.849622395833325	58.58684022391858
6.949622395833325	59.671592737338344
7.049622395833325	60.758586267877156
7.149622395833324	61.84768606133802
7.249622395833324	62.93873892894485
7.3496223958333236	64.03162698514906
7.449622395833323	65.12632311729388
7.549622395833323	66.22261695450975
7.6496223958333225	67.32037477848861
7.749622395833322	68.4196019349286
7.849622395833322	69.52016958324782
7.949622395833321	70.62188465698041
8.049622395833321	71.72476581988822
8.14962239583332	72.82872261965497
8.24962239583332	73.93354629678169
8.34962239583332	75.03924068082243
8.44962239583332	76.1457573263661
8.54962239583332	77.25290144210628
8.649622395833319	78.3606221139184
8.749622395833319	79.46893008996568
8.849622395833318	80.57770801193537
8.949622395833318	81.68679773354904
9.049622395833318	82.79605482293002
9.149622395833317	83.90539477046799
9.249622395833317	85.01497730586844
9.349622395833316	86.12485944457048
9.449622395833316	87.2348978632244
9.549622395833316	88.34496794087822
9.649622395833315	89.45508822028167
9.749622395833315	89.4592911497215
9.849622395833315	89.4592911497215
9.949622395833314	89.4592911497215
10.049622395833314	89.4592911497215
10.149622395833314	89.4592911497215
10.249622395833313	89.4592911497215
10.349622395833313	89.4592911497215
10.449622395833313	89.4592911497215
10.549622395833312	89.4592911497215
10.649622395833312	89.4592911497215
10.749622395833311	89.4592911497215
10.849622395833311	89.4592911497215
10.94962239583331	89.4592911497215
11.04962239583331	89.4592911497215
11.14962239583331	89.4592911497215
11.24962239583331	89.4592911497215
11.34962239583331	89.4592911497215
11.449622395833309	89.4592911497215
11.549622395833309	89.4592911497215
11.649622395833308	89.4592911497215
11.749622395833308	89.4592911497215
11.849622395833308	89.4592911497215
11.949622395833307	89.4592911497215
12.049622395833307	90.02833866781539
12.149622395833306	90.59953866711977
12.249622395833306	91.17073866642407
12.349622395833306	91.74193866572837
12.449622395833305	92.31313866503272
12.549622395833305	92.88433866433705
12.649622395833305	92.9436144978685
12.749622395833304	92.9436144978685
12.849622395833304	92.9436144978685
12.949622395833304	92.9436144978685
13.049622395833303	92.9436144978685
13.149622395833303	92.9436144978685
13.249622395833303	92.9436144978685
13.349622395833302	92.9436144978685
13.449622395833302	92.9436144978685
13.549622395833302	92.9436144978685
13.649622395833301	92.9436144978685
13.7496223958333	92.9436144978685
13.8496223958333	92.9436144978685
13.9496223958333	92.9436144978685
14.0496223958333	92.9436144978685
14.1496223958333	92.9436144978685
14.249622395833299	92.9436144978685
14.349622395833299	92.9436144978685
14.449622395833298	92.9436144978685
14.549622395833298	92.9436144978685
14.649622395833298	92.9436144978685
14.749622395833297	92.9436144978685
14.849622395833297	92.9436144978685
14.949622395833297	92.9436144978685
15.049622395833296	92.9436144978685
15.149622395833296	92.9436144978685
15.249622395833295	92.9436144978685
15.349622395833295	92.9436144978685
15.449622395833295	92.9436144978685
15.549622395833294	92.9436144978685
15.649622395833294	92.9436144978685
15.749622395833294	92.9436144978685
15.849622395833293	92.9436144978685
15.949622395833293	92.9436144978685
16.049622395833293	92.9436144978685
16.149622395833294	92.9436144978685
16.249622395833295	92.9436144978685
16.349622395833297	92.9436144978685
16.4496223958333	92.9436144978685
16.5496223958333	92.9436144978685
16.6496223958333	92.9436144978685
16.749622395833303	92.9436144978685
16.849622395833304	92.9436144978685
16.949622395833305	92.9436144978685
17.049622395833307	92.9436144978685
17.14962239583331	92.9436144978685
17.24962239583331	92.9436144978685
17.34962239583331	92.9436144978685
17.449622395833313	92.9436144978685
17.549622395833314	92.9436144978685
17.649622395833315	92.9436144978685
17.749622395833317	92.9436144978685
17.849622395833318	92.9436144978685
17.94962239583332	92.9436144978685
18.04962239583332	92.9436144978685
18.149622395833322	92.9436144978685
18.249622395833324	92.9436144978685
18.349622395833325	92.9436144978685
18.449622395833327	92.9436144978685
18.549622395833328	92.9436144978685
18.64962239583333	92.9436144978685
18.74962239583333	92.9436144978685
18.849622395833332	92.9436144978685
18.949622395833334	92.9436144978685
19.049622395833335	92.9436144978685
19.149622395833337	92.9436144978685
19.249622395833338	92.9436144978685
19.34962239583334	92.9436144978685
19.44962239583334	92.9436144978685
19.549622395833342	92.9436144978685
19.649622395833344	92.9436144978685
19.749622395833345	92.9436144978685
19.849622395833347	92.9436144978685
19.949622395833348	92.9436144978685
20.04962239583335	92.9436144978685
20.14962239583335	92.9436144978685
20.249622395833352	92.9436144978685
20.349622395833354	92.9436144978685
20.449622395833355	92.9436144978685
20.549622395833357	92.9436144978685
20.649622395833358	92.9436144978685
20.74962239583336	92.9436144978685
20.84962239583336	92.9436144978685
20.949622395833362	92.9436144978685
21.049622395833364	92.9436144978685
21.149622395833365	92.9436144978685
21.249622395833367	92.9436144978685
21.349622395833368	92.9436144978685
21.44962239583337	92.9436144978685
21.54962239583337	92.9436144978685
21.649622395833372	92.9436144978685
21.749622395833374	92.9436144978685
21.849622395833375	92.9436144978685
21.949622395833376	92.9436144978685
22.049622395833378	92.9436144978685
22.14962239583338	92.9436144978685
22.24962239583338	92.9436144978685
22.349622395833382	92.9436144978685
22.449622395833384	92.9436144978685
22.549622395833385	92.9436144978685
22.649622395833386	92.9436144978685
22.749622395833388	92.9436144978685
22.84962239583339	92.9436144978685
22.94962239583339	92.9436144978685
23.049622395833392	92.9436144978685
23.149622395833394	92.9436144978685
23.249622395833395	92.9436144978685
23.349622395833396	92.9436144978685
23.449622395833398	92.9436144978685
23.5496223958334	92.9436144978685
23.6496223958334	92.9436144978685
23.749622395833402	92.9436144978685
23.849622395833403	92.9436144978685
23.949622395833405	92.9436144978685
24.049622395833406	92.9436144978685
24.149622395833408	92.9436144978685
24.24962239583341	92.9436144978685
24.34962239583341	92.9436144978685
24.449622395833412	92.98784770788339
24.549622395833413	93.08094739575493
24.649622395833415	93.17404702502549
24.749622395833416	93.26714812638193
24.849622395833418	93.36024808401508
24.94962239583342	93.45334804164791
25.04962239583342	93.546447999281
25.149622395833422	93.6395479569139
25.215212598425197	93.69958589565697
1000025.2152125984	93.69958589565697
