-100000	0
0	0
0.0033333333333333335	0.014642430246454428
0.008333333333333333	0.036937080742555424
0.01583333333333333	0.07123748059640725
0.02708333333333333	0.12408335068992746
0.043958333333333335	0.2061006322943377
0.06927083333333334	0.3339723847303081
0.10723958333333333	0.5340557253634878
0.16419270833333333	0.8483077772184403
0.24962239583333334	1.3434318501594351
0.3496223958333333	1.95047769457108
0.4496223958333333	2.5805751763551035
0.5496223958333333	3.22932179275861
0.6496223958333333	3.8935290504219577
0.7496223958333332	4.570884417179031
0.8496223958333332	5.259484200989817
0.9496223958333332	5.95779506904906
1.0496223958333333	6.664558394505754
1.1496223958333334	7.378802576481274
1.2496223958333335	8.101760979464778
1.3496223958333335	8.834190087472903
1.4496223958333336	9.57644904988638
1.5496223958333337	10.328949807533673
1.6496223958333338	11.091863356481404
1.749622395833334	11.86564976087111
1.849622395833334	12.650610881044601
1.949622395833334	13.446829683929192
2.049622395833334	14.25431886347677
2.149622395833334	15.073256746814264
2.249622395833334	15.903447547649279
2.349622395833334	16.745026217040042
2.4496223958333343	17.598122745165256
2.5496223958333344	18.46249309638776
2.6496223958333345	19.33819557946175
2.7496223958333346	20.225149203590806
2.8496223958333347	21.123094779919775
2.9496223958333347	22.031679118979188
3.049622395833335	22.951070799052676
3.149622395833335	23.880943823040084
3.249622395833335	24.8210378075798
3.349622395833335	25.771118734299634
3.449622395833335	26.730985972880838
3.5496223958333353	27.70033421234588
3.6496223958333354	28.67899145746982
3.7496223958333355	29.66660745009302
3.8496223958333355	30.663018470278445
3.9496223958333356	31.667995882183742
4.049622395833335	32.68126748794524
4.149622395833335	33.70255689925607
4.249622395833335	34.73156000384546
4.349622395833334	35.76797422780939
4.449622395833334	36.81162117286823
4.5496223958333335	37.86223337471219
4.649622395833333	38.919560294759734
4.749622395833333	39.983352699822404
4.849622395833332	41.053341166912844
4.949622395833332	42.129241390885234
5.049622395833332	43.21100185496106
5.149622395833331	44.298198738115644
5.249622395833331	45.390705832448546
5.349622395833331	46.488282550885295
5.44962239583333	47.59062583447064
5.54962239583333	48.697524622583586
5.64962239583333	49.80895481343987
5.749622395833329	50.92457251832755
5.849622395833329	52.04429179067478
5.9496223958333285	53.167735512581245
6.049622395833328	54.29487466130183
6.149622395833328	55.425351153330745
6.2496223958333275	56.55921608252119
6.349622395833327	57.69623165934143
6.449622395833327	58.836291747546525
6.549622395833326	59.979113184951096
6.649622395833326	61.12464647632494
6.749622395833326	62.27271236677087
6.849622395833325	63.423057676518305
6.949622395833325	64.57567490560712
7.049622395833325	65.73040461235198
7.149622395833324	66.88713057333945
7.249622395833324	68.0457393212489
7.3496223958333236	69.20606698025676
7.449622395833323	70.36799557487196
7.549622395833323	71.53143947045274
7.6496223958333225	72.69621229994324
7.749622395833322	73.86221262884301
7.849622395833322	75.02945684843394
7.949622395833321	76.19757516314326
8.049622395833321	77.3666716634822
8.14962239583332	78.5367957564671
8.24962239583332	79.70778766797557
8.34962239583332	80.87944208844331
8.44962239583332	82.05168964488502
8.54962239583332	83.22448436216489
8.649622395833319	84.39760577859539
8.749622395833319	85.57112527926793
8.849622395833318	86.74483315765036
8.949622395833318	87.9185324087371
9.049622395833318	89.0922236238712
9.149622395833317	90.26588119354726
9.249622395833317	91.43952968450418
9.349622395833316	92.61319378975404
9.449622395833316	93.78684759046303
9.549622395833316	94.96049457569931
9.649622395833315	96.13413496225927
9.749622395833315	97.11167513332971
9.849622395833315	98.08847562226876
9.949622395833314	99.0652756261838
10.049622395833314	100.0420756300985
10.149622395833314	101.0188756340136
10.249622395833313	101.99567563792831
10.349622395833313	102.97247564184325
10.449622395833313	103.949275645758
10.549622395833312	104.92607564967294
10.649622395833312	105.90287565358764
10.749622395833311	106.87967565750266
10.849622395833311	107.8564756614175
10.94962239583331	108.83327566533252
11.04962239583331	109.81007566924742
11.14962239583331	110.78687567316217
11.24962239583331	111.76367567707695
11.34962239583331	112.74047568099184
11.449622395833309	113.71727568490681
11.549622395833309	114.69407610858183
11.649622395833308	115.67087596996787
11.749622395833308	116.64767583135391
11.849622395833308	117.62447569274003
11.949622395833307	118.60127650225756
12.049622395833307	119.6075667481141
12.149622395833306	120.61396674548043
12.249622395833306	121.62036674284663
12.349622395833306	122.62676674021293
12.449622395833305	123.63316673757939
12.549622395833305	124.6395665612725
12.649622395833305	124.74400509184824
12.749622395833304	124.74400509184824
12.849622395833304	124.74400509184824
12.949622395833304	124.74400509184824
13.049622395833303	124.74400509184824
13.149622395833303	124.74400509184824
13.249622395833303	124.74400509184824
13.349622395833302	124.74400509184824
13.449622395833302	124.74400509184824
13.549622395833302	124.74400509184824
13.649622395833301	124.74400509184824
13.7496223958333	124.74400509184824
13.8496223958333	124.74400509184824
13.9496223958333	124.74400509184824
14.0496223958333	124.74400509184824
14.1496223958333	124.74400509184824
14.249622395833299	124.74400509184824
14.349622395833299	124.74400509184824
14.449622395833298	124.74400509184824
14.549622395833298	124.74400509184824
14.649622395833298	124.74400509184824
14.749622395833297	124.74400509184824
14.849622395833297	124.74400509184824
14.949622395833297	124.74400509184824
15.049622395833296	124.74400509184824
15.149622395833296	124.74400509184824
15.249622395833295	124.74400509184824
15.349622395833295	124.74400509184824
15.449622395833295	124.74400509184824
15.549622395833294	124.74400509184824
15.649622395833294	124.74400509184824
15.749622395833294	124.74400509184824
15.849622395833293	124.74400509184824
15.949622395833293	124.74400509184824
16.049622395833293	124.74400509184824
16.149622395833294	124.74400509184824
16.249622395833295	124.74400509184824
16.349622395833297	124.74400509184824
16.4496223958333	124.74400509184824
16.5496223958333	124.74400509184824
16.6496223958333	124.74400509184824
16.749622395833303	124.74400509184824
16.849622395833304	124.74400509184824
16.949622395833305	124.74400509184824
17.049622395833307	124.74400509184824
17.14962239583331	124.74400509184824
17.24962239583331	124.74400509184824
17.34962239583331	124.74400509184824
17.449622395833313	124.74400509184824
17.549622395833314	124.74400509184824
17.649622395833315	124.74400509184824
17.749622395833317	124.74400509184824
17.849622395833318	124.74400509184824
17.94962239583332	124.74400509184824
18.04962239583332	124.74400509184824
18.149622395833322	124.74400509184824
18.249622395833324	124.74400509184824
18.349622395833325	124.74400509184824
18.449622395833327	124.74400509184824
18.549622395833328	124.74400509184824
18.64962239583333	124.74400509184824
18.74962239583333	124.74400509184824
18.849622395833332	124.74400509184824
18.949622395833334	124.74400509184824
19.049622395833335	124.74400509184824
19.149622395833337	124.74400509184824
19.249622395833338	124.74400509184824
19.34962239583334	124.74400509184824
19.44962239583334	124.74400509184824
19.549622395833342	124.74400509184824
19.649622395833344	124.74400509184824
19.749622395833345	124.74400509184824
19.849622395833347	124.74400509184824
19.949622395833348	124.74400509184824
20.04962239583335	124.74400509184824
20.14962239583335	124.74400509184824
20.249622395833352	124.74400509184824
20.349622395833354	124.74400509184824
20.449622395833355	124.74400509184824
20.549622395833357	124.74400509184824
20.649622395833358	124.74400509184824
20.74962239583336	124.74400509184824
20.84962239583336	124.74400509184824
20.949622395833362	124.74400509184824
21.049622395833364	124.74400509184824
21.149622395833365	124.74400509184824
21.249622395833367	124.74400509184824
21.349622395833368	124.74400509184824
21.44962239583337	124.74400509184824
21.54962239583337	124.74400509184824
21.649622395833372	124.74400509184824
21.749622395833374	124.74400509184824
21.849622395833375	124.74400509184824
21.949622395833376	124.74400509184824
22.049622395833378	124.74400509184824
22.14962239583338	124.74400509184824
22.24962239583338	124.74400509184824
22.349622395833382	124.74400509184824
22.449622395833384	124.74400509184824
22.549622395833385	124.74400509184824
22.649622395833386	124.74400509184824
22.749622395833388	124.74400509184824
22.84962239583339	124.74400509184824
22.94962239583339	124.74400509184824
23.049622395833392	124.74400509184824
23.149622395833394	124.74400509184824
23.249622395833395	124.74400509184824
23.349622395833396	124.74400509184824
23.449622395833398	124.74400509184824
23.5496223958334	124.74400509184824
23.6496223958334	124.74400509184824
23.749622395833402	124.74400509184824
23.849622395833403	124.74400509184824
23.949622395833405	124.74400509184824
24.049622395833406	124.74400509184824
24.149622395833408	124.74400509184824
24.24962239583341	124.74400509184824
24.34962239583341	124.74400509184824
24.449622395833412	124.81725728863343
24.549622395833413	124.91567771451624
24.649622395833415	125.01409748510032
24.749622395833416	125.11251721603882
24.849622395833418	125.2109375422641
24.94962239583342	125.30935731393457
25.04962239583342	125.4077770856056
25.149622395833422	125.50619685727621
25.217543307086615	125.57189882117156
1000025.2175433071	125.57189882117156
