-100000	0
0	0
0.0033333333333333335	0.015578580670491707
0.008333333333333333	0.03927755501277532
0.01583333333333333	0.07575593218710151
0.02708333333333333	0.13193882799789605
0.043958333333333335	0.21900516881740056
0.06927083333333334	0.35449559163632455
0.10723958333333333	0.5661832865845103
0.16419270833333333	0.8981317336264675
0.24962239583333334	1.4203137646351247
0.3496223958333333	2.059678876435771
0.4496223958333333	2.722678035928002
0.5496223958333333	3.404848755449729
0.6496223958333333	4.102943583913793
0.7496223958333332	4.814598011397709
0.8496223958333332	5.537860991866122
0.9496223958333332	6.271156108549021
1.0496223958333333	7.013212534040018
1.1496223958333334	7.762980709712253
1.2496223958333335	8.52104369908292
1.3496223958333335	9.287958559443899
1.4496223958333336	10.064010882746413
1.5496223958333337	10.8495935502486
1.6496223958333338	11.644876744921124
1.749622395833334	12.45030085172376
1.849622395833334	13.265999961539666
1.949622395833334	14.092078860627247
2.049622395833334	14.928707493947007
2.149622395833334	15.775931795716817
2.249622395833334	16.633749028872845
2.349622395833334	17.502135555538054
2.4496223958333343	18.3812250164322
2.5496223958333344	19.270738059624378
2.6496223958333345	20.17078007208568
2.7496223958333346	21.08138444801813
2.8496223958333347	22.002229159974238
2.9496223958333347	22.933076658572237
3.049622395833335	23.87389841178639
3.149622395833335	24.824351785327377
3.249622395833335	25.784444990010726
3.349622395833335	26.753890860658018
3.449622395833335	27.73246220316277
3.5496223958333353	28.719879645682084
3.6496223958333354	29.715956966258673
3.7496223958333355	30.72046492878245
3.8496223958333355	31.733117403742018
3.9496223958333356	32.75369709088213
4.049622395833335	33.78194745656677
4.149622395833335	34.81761114384005
4.249622395833335	35.86044760722945
4.349622395833334	36.91016164645839
4.449622395833334	37.96658271596206
4.5496223958333335	39.029451490533674
4.649622395833333	40.098530171459174
4.749622395833333	41.1735756322212
4.849622395833332	42.254170015693404
4.949622395833332	43.34031104601541
5.049622395833332	44.431919098242524
5.149622395833331	45.528602716839146
5.249622395833331	46.630135089653336
5.349622395833331	47.73631913659324
5.44962239583333	48.84693766828767
5.54962239583333	49.96181624485825
5.64962239583333	51.08075244144492
5.749622395833329	52.203557712947855
5.849622395833329	53.33004591119803
5.9496223958333285	54.460048612133974
6.049622395833328	55.59334381960212
6.149622395833328	56.729792347812435
6.2496223958333275	57.86924939254152
6.349622395833327	59.011465075535746
6.449622395833327	60.15639865660934
6.549622395833326	61.30388118450898
6.649622395833326	62.45373322969905
6.749622395833326	63.605910986186124
6.849622395833325	64.76017564427417
6.949622395833325	65.91642728109696
7.049622395833325	67.07453351394106
7.149622395833324	68.23435752196981
7.249622395833324	69.39582764947185
7.3496223958333236	70.55880230120485
7.449622395833323	71.72316083379428
7.549622395833323	72.88879048208877
7.6496223958333225	74.05553811884276
7.749622395833322	75.2233528720006
7.849622395833322	76.39218306694346
7.949622395833321	77.56178816028614
8.049622395833321	78.7320809939526
8.14962239583332	79.90318566348893
8.24962239583332	81.07499781218398
8.34962239583332	82.24729776294942
8.44962239583332	83.42005530174785
8.54962239583332	84.59311420471924
8.649622395833319	85.76640173124001
8.749622395833319	86.93994904395261
8.849622395833318	88.11364847196734
8.949622395833318	89.28733623748754
9.049622395833318	90.46101549541262
9.149622395833317	91.63468458492532
9.249622395833317	92.80834504351954
9.349622395833316	93.98199886174262
9.449622395833316	95.155644240526
9.549622395833316	96.32928573638765
9.649622395833315	97.50292779196796
9.749622395833315	98.4804696245866
9.849622395833315	99.45726897647667
9.949622395833314	100.4340696588722
10.049622395833314	101.41087097394883
10.149622395833314	102.38767099351506
10.249622395833313	103.36447101308106
10.349622395833313	104.3412710326473
10.449622395833313	105.31807105221326
10.549622395833312	106.29487107177928
10.649622395833312	107.27167109134542
10.749622395833311	108.24847111091164
10.849622395833311	109.22527113047755
10.94962239583331	110.20207115004375
11.04962239583331	111.1788721579527
11.14962239583331	112.15567188221766
11.24962239583331	113.13247160648241
11.34962239583331	114.10927133074723
11.449622395833309	115.08607105501216
11.549622395833309	116.06287013547185
11.649622395833308	117.03967043750445
11.749622395833308	118.01647073953679
11.849622395833308	118.99327217295604
11.949622395833307	119.97007245547684
12.049622395833307	120.97635970233111
12.149622395833306	121.98275969357182
12.249622395833306	122.98915968481272
12.349622395833306	123.99555967605335
12.449622395833305	125.00195966729433
12.549622395833305	126.00835888331132
12.649622395833305	126.11279900292733
12.749622395833304	126.11279900292733
12.849622395833304	126.11279900292733
12.949622395833304	126.11279900292733
13.049622395833303	126.11279900292733
13.149622395833303	126.11279900292733
13.249622395833303	126.11279900292733
13.349622395833302	126.11279900292733
13.449622395833302	126.11279900292733
13.549622395833302	126.11279900292733
13.649622395833301	126.11279900292733
13.7496223958333	126.11279900292733
13.8496223958333	126.11279900292733
13.9496223958333	126.11279900292733
14.0496223958333	126.11279900292733
14.1496223958333	126.11279900292733
14.249622395833299	126.11279900292733
14.349622395833299	126.11279900292733
14.449622395833298	126.11279900292733
14.549622395833298	126.11279900292733
14.649622395833298	126.11279900292733
14.749622395833297	126.11279900292733
14.849622395833297	126.11279900292733
14.949622395833297	126.11279900292733
15.049622395833296	126.11279900292733
15.149622395833296	126.11279900292733
15.249622395833295	126.11279900292733
15.349622395833295	126.11279900292733
15.449622395833295	126.11279900292733
15.549622395833294	126.11279900292733
15.649622395833294	126.11279900292733
15.749622395833294	126.11279900292733
15.849622395833293	126.11279900292733
15.949622395833293	126.11279900292733
16.049622395833293	126.11279900292733
16.149622395833294	126.11279900292733
16.249622395833295	126.11279900292733
16.349622395833297	126.11279900292733
16.4496223958333	126.11279900292733
16.5496223958333	126.11279900292733
16.6496223958333	126.11279900292733
16.749622395833303	126.11279900292733
16.849622395833304	126.11279900292733
16.949622395833305	126.11279900292733
17.049622395833307	126.11279900292733
17.14962239583331	126.11279900292733
17.24962239583331	126.11279900292733
17.34962239583331	126.11279900292733
17.449622395833313	126.11279900292733
17.549622395833314	126.11279900292733
17.649622395833315	126.11279900292733
17.749622395833317	126.11279900292733
17.849622395833318	126.11279900292733
17.94962239583332	126.11279900292733
18.04962239583332	126.11279900292733
18.149622395833322	126.11279900292733
18.249622395833324	126.11279900292733
18.349622395833325	126.11279900292733
18.449622395833327	126.11279900292733
18.549622395833328	126.11279900292733
18.64962239583333	126.11279900292733
18.74962239583333	126.11279900292733
18.849622395833332	126.11279900292733
18.949622395833334	126.11279900292733
19.049622395833335	126.11279900292733
19.149622395833337	126.11279900292733
19.249622395833338	126.11279900292733
19.34962239583334	126.11279900292733
19.44962239583334	126.11279900292733
19.549622395833342	126.11279900292733
19.649622395833344	126.11279900292733
19.749622395833345	126.11279900292733
19.849622395833347	126.11279900292733
19.949622395833348	126.11279900292733
20.04962239583335	126.11279900292733
20.14962239583335	126.11279900292733
20.249622395833352	126.11279900292733
20.349622395833354	126.11279900292733
20.449622395833355	126.11279900292733
20.549622395833357	126.11279900292733
20.649622395833358	126.11279900292733
20.74962239583336	126.11279900292733
20.84962239583336	126.11279900292733
20.949622395833362	126.11279900292733
21.049622395833364	126.11279900292733
21.149622395833365	126.11279900292733
21.249622395833367	126.11279900292733
21.349622395833368	126.11279900292733
21.44962239583337	126.11279900292733
21.54962239583337	126.11279900292733
21.649622395833372	126.11279900292733
21.749622395833374	126.11279900292733
21.849622395833375	126.11279900292733
21.949622395833376	126.11279900292733
22.049622395833378	126.11279900292733
22.14962239583338	126.11279900292733
22.24962239583338	126.11279900292733
22.349622395833382	126.11279900292733
22.449622395833384	126.11279900292733
22.549622395833385	126.11279900292733
22.649622395833386	126.11279900292733
22.749622395833388	126.11279900292733
22.84962239583339	126.11279900292733
22.94962239583339	126.11279900292733
23.049622395833392	126.11279900292733
23.149622395833394	126.11279900292733
23.249622395833395	126.11279900292733
23.349622395833396	126.11279900292733
23.449622395833398	126.11279900292733
23.5496223958334	126.11279900292733
23.6496223958334	126.11279900292733
23.749622395833402	126.11279900292733
23.849622395833403	126.11279900292733
23.949622395833405	126.11279900292733
24.049622395833406	126.11279900292733
24.149622395833408	126.11279900292733
24.24962239583341	126.11279900292733
24.34962239583341	126.11717526484128
24.449622395833412	126.21308060573244
24.549622395833413	126.31150085937499
24.649622395833415	126.40992006957174
24.749622395833416	126.50833941328547
24.849622395833418	126.60676021963724
24.94962239583342	126.70518018723831
25.04962239583342	126.80360015483951
25.149622395833422	126.90202012244049
25.21987401574803	126.97001474895718
1000025.2198740158	126.97001474895718
