-100000	0
0	0
0.0033333333333333335	0.016515792954631563
0.008333333333333333	0.041627993681035674
0.01583333333333333	0.08030263503798468
0.02708333333333333	0.13985731316992892
0.043958333333333335	0.23200969100658203
0.06927083333333334	0.37516239704818855
0.10723958333333333	0.5984432439740078
0.16419270833333333	0.9480085419119296
0.24962239583333334	1.4971076631433107
0.3496223958333333	2.168548285852604
0.4496223958333333	2.864146549291107
0.5496223958333333	3.5793863713427805
0.6496223958333333	4.310929201914553
0.7496223958333332	5.0564395656562615
0.8496223958333332	5.813882086579388
0.9496223958333332	6.581665492528595
1.0496223958333333	7.358463454838297
1.1496223958333334	8.143176908485344
1.2496223958333335	8.935822343366933
1.3496223958333335	9.736648824215349
1.4496223958333336	10.545958528223457
1.5496223958333337	11.364068856298378
1.6496223958333338	12.191202528520414
1.749622395833334	13.027644125095541
1.849622395833334	13.873625068141083
1.949622395833334	14.729244369722409
2.049622395833334	15.594634444516696
2.149622395833334	16.469830649841157
2.249622395833334	17.354790148006646
2.349622395833334	18.249561158557245
2.4496223958333343	19.154160907706903
2.5496223958333344	20.068371365971068
2.6496223958333345	20.992309911583597
2.7496223958333346	21.926020232935446
2.8496223958333347	22.869189618417078
2.9496223958333347	23.82148378019478
3.049622395833335	24.783066927271552
3.149622395833335	25.753558650302985
3.249622395833335	26.732991622051827
3.349622395833335	27.72116924399502
3.449622395833335	28.717748671862662
3.5496223958333353	29.722531195114275
3.6496223958333354	30.735299964584847
3.7496223958333355	31.755841583326472
3.8496223958333355	32.78392176010139
3.9496223958333356	33.81931286708949
4.049622395833335	34.861782954819546
4.149622395833335	35.91109249260248
4.249622395833335	36.96702071409318
4.349622395833334	38.029293088668474
4.449622395833334	39.097772099935185
4.5496223958333335	40.172176879454035
4.649622395833333	41.25228375121553
4.749622395833333	42.337881981931815
4.849622395833332	43.42859559687277
4.949622395833332	44.52438491790437
5.049622395833332	45.62517416705335
5.149622395833331	46.73063977807452
5.249622395833331	47.84049106028283
5.349622395833331	48.95462373166934
5.44962239583333	50.07282910738501
5.54962239583333	51.194906561357875
5.64962239583333	52.32067937753167
5.749622395833329	53.44996760504962
5.849622395833329	54.58258560211044
5.9496223958333285	55.7183706759759
6.049622395833328	56.85716923320111
6.149622395833328	57.998799140222836
6.2496223958333275	59.143146870565914
6.349622395833327	60.289993039877956
6.449622395833327	61.43925754683136
6.549622395833326	62.59083028289896
6.649622395833326	63.74452312195206
6.749622395833326	64.90020232740002
6.849622395833325	66.05771484088187
6.949622395833325	67.21699902355222
7.049622395833325	68.3779072729364
7.149622395833324	69.5402948345494
7.249622395833324	70.70411275791223
7.3496223958333236	71.86923024316921
7.449622395833323	73.03552163638356
7.549622395833323	74.2028965884031
7.6496223958333225	75.37120100876898
7.749622395833322	76.54037530395891
7.849622395833322	77.71037167024589
7.949622395833321	78.88095446692992
8.049622395833321	80.05212462165258
8.14962239583332	81.22399454498635
8.24962239583332	82.3963023300348
8.34962239583332	83.56892696182763
8.44962239583332	84.74197775662111
8.54962239583332	85.9152790837163
8.649622395833319	87.08871452277823
8.749622395833319	88.26227903194993
8.849622395833318	89.4359688767774
8.949622395833318	90.60964885180182
9.049622395833318	91.78332040458315
9.149622395833317	92.95697765894388
9.249622395833317	94.13062950676375
9.349622395833316	95.30428281004296
9.449622395833316	96.47792676180374
9.549622395833316	97.65156863893372
9.649622395833315	98.82520844196745
9.749622395833315	99.8027551985755
9.849622395833315	100.77955564855574
9.949622395833314	101.75635609853562
10.049622395833314	102.73315755465366
10.149622395833314	103.70995588047917
10.249622395833313	104.68675328322885
10.349622395833313	105.66355317161216
10.449622395833313	106.64035305999543
10.549622395833312	107.61715294837899
10.649622395833312	108.59395105813884
10.749622395833311	109.57075171943697
10.849622395833311	110.54755238073446
10.94962239583331	111.52435304203227
11.04962239583331	112.50115586931642
11.14962239583331	113.47795565593727
11.24962239583331	114.45475544255792
11.34962239583331	115.43155522917876
11.449622395833309	116.40835501579939
11.549622395833309	117.38515480242027
11.649622395833308	118.36195458904115
11.749622395833308	119.33875078346829
11.849622395833308	120.31555376387288
11.949622395833307	121.29235212440287
12.049622395833307	122.29864310468938
12.149622395833306	123.30504313438986
12.249622395833306	124.3114431640905
12.349622395833306	125.31784319379106
12.449622395833305	126.32424322349179
12.549622395833305	127.33064440088592
12.649622395833305	127.4350827921597
12.749622395833304	127.4350827921597
12.849622395833304	127.4350827921597
12.949622395833304	127.4350827921597
13.049622395833303	127.4350827921597
13.149622395833303	127.4350827921597
13.249622395833303	127.4350827921597
13.349622395833302	127.4350827921597
13.449622395833302	127.4350827921597
13.549622395833302	127.4350827921597
13.649622395833301	127.4350827921597
13.7496223958333	127.4350827921597
13.8496223958333	127.4350827921597
13.9496223958333	127.4350827921597
14.0496223958333	127.4350827921597
14.1496223958333	127.4350827921597
14.249622395833299	127.4350827921597
14.349622395833299	127.4350827921597
14.449622395833298	127.4350827921597
14.549622395833298	127.4350827921597
14.649622395833298	127.4350827921597
14.749622395833297	127.4350827921597
14.849622395833297	127.4350827921597
14.949622395833297	127.4350827921597
15.049622395833296	127.4350827921597
15.149622395833296	127.4350827921597
15.249622395833295	127.4350827921597
15.349622395833295	127.4350827921597
15.449622395833295	127.4350827921597
15.549622395833294	127.4350827921597
15.649622395833294	127.4350827921597
15.749622395833294	127.4350827921597
15.849622395833293	127.4350827921597
15.949622395833293	127.4350827921597
16.049622395833293	127.4350827921597
16.149622395833294	127.4350827921597
16.249622395833295	127.4350827921597
16.349622395833297	127.4350827921597
16.4496223958333	127.4350827921597
16.5496223958333	127.4350827921597
16.6496223958333	127.4350827921597
16.749622395833303	127.4350827921597
16.849622395833304	127.4350827921597
16.949622395833305	127.4350827921597
17.049622395833307	127.4350827921597
17.14962239583331	127.4350827921597
17.24962239583331	127.4350827921597
17.34962239583331	127.4350827921597
17.449622395833313	127.4350827921597
17.549622395833314	127.4350827921597
17.649622395833315	127.4350827921597
17.749622395833317	127.4350827921597
17.849622395833318	127.4350827921597
17.94962239583332	127.4350827921597
18.04962239583332	127.4350827921597
18.149622395833322	127.4350827921597
18.249622395833324	127.4350827921597
18.349622395833325	127.4350827921597
18.449622395833327	127.4350827921597
18.549622395833328	127.4350827921597
18.64962239583333	127.4350827921597
18.74962239583333	127.4350827921597
18.849622395833332	127.4350827921597
18.949622395833334	127.4350827921597
19.049622395833335	127.4350827921597
19.149622395833337	127.4350827921597
19.249622395833338	127.4350827921597
19.34962239583334	127.4350827921597
19.44962239583334	127.4350827921597
19.549622395833342	127.4350827921597
19.649622395833344	127.4350827921597
19.749622395833345	127.4350827921597
19.849622395833347	127.4350827921597
19.949622395833348	127.4350827921597
20.04962239583335	127.4350827921597
20.14962239583335	127.4350827921597
20.249622395833352	127.4350827921597
20.349622395833354	127.4350827921597
20.449622395833355	127.4350827921597
20.549622395833357	127.4350827921597
20.649622395833358	127.4350827921597
20.74962239583336	127.4350827921597
20.84962239583336	127.4350827921597
20.949622395833362	127.4350827921597
21.049622395833364	127.4350827921597
21.149622395833365	127.4350827921597
21.249622395833367	127.4350827921597
21.349622395833368	127.4350827921597
21.44962239583337	127.4350827921597
21.54962239583337	127.4350827921597
21.649622395833372	127.4350827921597
21.749622395833374	127.4350827921597
21.849622395833375	127.4350827921597
21.949622395833376	127.4350827921597
22.049622395833378	127.4350827921597
22.14962239583338	127.4350827921597
22.24962239583338	127.4350827921597
22.349622395833382	127.4350827921597
22.449622395833384	127.4350827921597
22.549622395833385	127.4350827921597
22.649622395833386	127.4350827921597
22.749622395833388	127.4350827921597
22.84962239583339	127.4350827921597
22.94962239583339	127.4350827921597
23.049622395833392	127.4350827921597
23.149622395833394	127.4350827921597
23.249622395833395	127.4350827921597
23.349622395833396	127.4350827921597
23.449622395833398	127.4350827921597
23.5496223958334	127.4350827921597
23.6496223958334	127.4350827921597
23.749622395833402	127.4350827921597
23.849622395833403	127.4350827921597
23.949622395833405	127.4350827921597
24.049622395833406	127.4350827921597
24.149622395833408	127.4350827921597
24.24962239583341	127.4350827921597
24.34962239583341	127.46395754512373
24.449622395833412	127.56237695680264
24.549622395833413	127.66079548807672
24.649622395833415	127.7592162601886
24.749622395833416	127.8576364840449
24.849622395833418	127.95605569573584
24.94962239583342	128.0544759539018
25.04962239583342	128.15289621206819
25.149622395833422	128.25131653661572
25.22114566284779	128.32111246721632
1000025.2211456628	128.32111246721632
