-100000	0
0	0
0.0033333333333333335	0.017453050789302694
0.008333333333333333	0.043998304197878785
0.01583333333333333	0.08488814648069039
0.02708333333333333	0.14779770893983038
0.043958333333333335	0.24502968399973385
0.06927083333333334	0.39585749307818197
0.10723958333333333	0.6307531935380772
0.16419270833333333	0.9979579969612858
0.24962239583333334	1.5739896211326598
0.3496223958333333	2.277516181696102
0.4496223958333333	3.0056742764983815
0.5496223958333333	3.753849259910145
0.6496223958333333	4.518660736719235
0.7496223958333332	5.29765370361889
0.8496223958333332	6.088819798539742
0.9496223958333332	6.8905208771217135
1.0496223958333333	7.701384963152033
1.1496223958333334	8.520255278697283
1.2496223958333335	9.346561311039547
1.3496223958333335	10.180468950994774
1.4496223958333336	11.022215425509668
1.5496223958333337	11.872077053985775
1.6496223958333338	12.730361310552473
1.749622395833334	13.597179232791891
1.849622395833334	14.472707009528884
1.949622395833334	15.357106655663156
2.049622395833334	16.250522176111726
2.149622395833334	17.153004246328706
2.249622395833334	18.06439721138475
2.349622395833334	18.984797649231044
2.4496223958333343	19.914230348039165
2.5496223958333344	20.85248194238661
2.6496223958333345	21.79967072840093
2.7496223958333346	22.755843537380986
2.8496223958333347	23.72072554573504
2.9496223958333347	24.694048105817945
3.049622395833335	25.675859527525823
3.149622395833335	26.66577467457983
3.249622395833335	27.66389929438423
3.349622395833335	28.67010175082524
3.449622395833335	29.684016732971287
3.5496223958333353	30.7054680553879
3.6496223958333354	31.73423935807574
3.7496223958333355	32.77015385343803
3.8496223958333355	33.81298076284692
3.9496223958333356	34.86250888429411
4.049622395833335	35.918525253606056
4.149622395833335	36.98081346381751
4.249622395833335	38.049162418761156
4.349622395833334	39.1233821603433
4.449622395833334	40.203221708053675
4.5496223958333335	41.28848628151538
4.649622395833333	42.37892482310451
4.749622395833333	43.47440017930316
4.849622395833332	44.57457342206255
4.949622395833332	45.6793489746807
5.049622395833332	46.7886637296286
5.149622395833331	47.90222796605432
5.249622395833331	49.01978397664109
5.349622395833331	50.14118673602768
5.44962239583333	51.26632503455888
5.54962239583333	52.39495551997468
5.64962239583333	53.526936556256935
5.749622395833329	54.66207108034318
5.849622395833329	55.80020340636909
5.9496223958333285	56.94120088203764
6.049622395833328	58.084889198520145
6.149622395833328	59.2311241020344
6.2496223958333275	60.37978656338293
6.349622395833327	61.530661549582696
6.449622395833327	62.68366029093109
6.549622395833326	63.838684345556196
6.649622395833326	64.99561398198313
6.749622395833326	66.15423670250276
6.849622395833325	67.31449424772579
6.949622395833325	68.47634139399885
7.049622395833325	69.63960644887275
7.149622395833324	70.80413235382873
7.249622395833324	71.96988764737905
7.3496223958333236	73.13673819565166
7.449622395833323	74.30460008163446
7.549622395833323	75.47338693313769
7.6496223958333225	76.64293541031988
7.749622395833322	77.81319665132717
7.849622395833322	78.98418802123355
7.949622395833321	80.15573126830044
8.049622395833321	81.32773305237698
8.14962239583332	82.50022653595995
8.24962239583332	83.67309101305348
8.34962239583332	84.84619319558597
8.44962239583332	86.0195580080234
8.54962239583332	87.19312830152153
8.649622395833319	88.36678284264119
8.749622395833319	89.54048059890661
8.849622395833318	90.7141557715445
8.949622395833318	91.88782316737695
9.049622395833318	93.06148321866986
9.149622395833317	94.23513605711206
9.249622395833317	95.40878547247657
9.349622395833316	96.58243331092726
9.449622395833316	97.75607894487939
9.549622395833316	98.92972237431349
9.649622395833315	100.10336359920969
9.749622395833315	101.08090668793352
9.849622395833315	102.05770669419415
9.949622395833314	103.034506700455
10.049622395833314	104.01130670671566
10.149622395833314	104.98810715657962
10.249622395833313	105.96490694979096
10.349622395833313	106.9417073447543
10.449622395833313	107.91850725094855
10.549622395833312	108.89530715714284
10.649622395833312	109.87210682979483
10.749622395833311	110.8489068374489
10.849622395833311	111.82570684510299
10.94962239583331	112.80250685275712
11.04962239583331	113.7793068604113
11.14962239583331	114.75610686806529
11.24962239583331	115.73290687571958
11.34962239583331	116.70970688337363
11.449622395833309	117.68650689102753
11.549622395833309	118.6633068986817
11.649622395833308	119.64010735298073
11.749622395833308	120.6169066577047
11.849622395833308	121.59370724289005
11.949622395833307	122.57050710371833
12.049622395833307	123.57679517583873
12.149622395833306	124.58319517035511
12.249622395833306	125.58959516487154
12.349622395833306	126.5959951593876
12.449622395833305	127.60239515390408
12.549622395833305	128.60879502778116
12.649622395833305	128.71323523880466
12.749622395833304	128.71323523880466
12.849622395833304	128.71323523880466
12.949622395833304	128.71323523880466
13.049622395833303	128.71323523880466
13.149622395833303	128.71323523880466
13.249622395833303	128.71323523880466
13.349622395833302	128.71323523880466
13.449622395833302	128.71323523880466
13.549622395833302	128.71323523880466
13.649622395833301	128.71323523880466
13.7496223958333	128.71323523880466
13.8496223958333	128.71323523880466
13.9496223958333	128.71323523880466
14.0496223958333	128.71323523880466
14.1496223958333	128.71323523880466
14.249622395833299	128.71323523880466
14.349622395833299	128.71323523880466
14.449622395833298	128.71323523880466
14.549622395833298	128.71323523880466
14.649622395833298	128.71323523880466
14.749622395833297	128.71323523880466
14.849622395833297	128.71323523880466
14.949622395833297	128.71323523880466
15.049622395833296	128.71323523880466
15.149622395833296	128.71323523880466
15.249622395833295	128.71323523880466
15.349622395833295	128.71323523880466
15.449622395833295	128.71323523880466
15.549622395833294	128.71323523880466
15.649622395833294	128.71323523880466
15.749622395833294	128.71323523880466
15.849622395833293	128.71323523880466
15.949622395833293	128.71323523880466
16.049622395833293	128.71323523880466
16.149622395833294	128.71323523880466
16.249622395833295	128.71323523880466
16.349622395833297	128.71323523880466
16.4496223958333	128.71323523880466
16.5496223958333	128.71323523880466
16.6496223958333	128.71323523880466
16.749622395833303	128.71323523880466
16.849622395833304	128.71323523880466
16.949622395833305	128.71323523880466
17.049622395833307	128.71323523880466
17.14962239583331	128.71323523880466
17.24962239583331	128.71323523880466
17.34962239583331	128.71323523880466
17.449622395833313	128.71323523880466
17.549622395833314	128.71323523880466
17.649622395833315	128.71323523880466
17.749622395833317	128.71323523880466
17.849622395833318	128.71323523880466
17.94962239583332	128.71323523880466
18.04962239583332	128.71323523880466
18.149622395833322	128.71323523880466
18.249622395833324	128.71323523880466
18.349622395833325	128.71323523880466
18.449622395833327	128.71323523880466
18.549622395833328	128.71323523880466
18.64962239583333	128.71323523880466
18.74962239583333	128.71323523880466
18.849622395833332	128.71323523880466
18.949622395833334	128.71323523880466
19.049622395833335	128.71323523880466
19.149622395833337	128.71323523880466
19.249622395833338	128.71323523880466
19.34962239583334	128.71323523880466
19.44962239583334	128.71323523880466
19.549622395833342	128.71323523880466
19.649622395833344	128.71323523880466
19.749622395833345	128.71323523880466
19.849622395833347	128.71323523880466
19.949622395833348	128.71323523880466
20.04962239583335	128.71323523880466
20.14962239583335	128.71323523880466
20.249622395833352	128.71323523880466
20.349622395833354	128.71323523880466
20.449622395833355	128.71323523880466
20.549622395833357	128.71323523880466
20.649622395833358	128.71323523880466
20.74962239583336	128.71323523880466
20.84962239583336	128.71323523880466
20.949622395833362	128.71323523880466
21.049622395833364	128.71323523880466
21.149622395833365	128.71323523880466
21.249622395833367	128.71323523880466
21.349622395833368	128.71323523880466
21.44962239583337	128.71323523880466
21.54962239583337	128.71323523880466
21.649622395833372	128.71323523880466
21.749622395833374	128.71323523880466
21.849622395833375	128.71323523880466
21.949622395833376	128.71323523880466
22.049622395833378	128.71323523880466
22.14962239583338	128.71323523880466
22.24962239583338	128.71323523880466
22.349622395833382	128.71323523880466
22.449622395833384	128.71323523880466
22.549622395833385	128.71323523880466
22.649622395833386	128.71323523880466
22.749622395833388	128.71323523880466
22.84962239583339	128.71323523880466
22.94962239583339	128.71323523880466
23.049622395833392	128.71323523880466
23.149622395833394	128.71323523880466
23.249622395833395	128.71323523880466
23.349622395833396	128.71323523880466
23.449622395833398	128.71323523880466
23.5496223958334	128.71323523880466
23.6496223958334	128.71323523880466
23.749622395833402	128.71323523880466
23.849622395833403	128.71323523880466
23.949622395833405	128.71323523880466
24.049622395833406	128.71323523880466
24.149622395833408	128.71323523880466
24.24962239583341	128.71323523880466
24.34962239583341	128.76912146960157
24.449622395833412	128.867541485716
24.549622395833413	128.96596168869132
24.649622395833415	129.06438160388433
24.749622395833416	129.16280151907716
24.849622395833418	129.26122216863055
24.94962239583342	129.35964227378867
25.04962239583342	129.45806197585907
25.149622395833422	129.5564818095958
25.222356792144026	129.62747095272155
1000025.2223567922	129.62747095272155
