-100000	0
0	0
0.0033333333333333335	0.018389840956288716
0.008333333333333333	0.046388326318443064
0.01583333333333333	0.08947251767282166
0.02708333333333333	0.15567112955333243
0.043958333333333335	0.25789366182041046
0.06927083333333334	0.41628511919981165
0.10723958333333333	0.6627077978022112
0.16419270833333333	1.0473973390117302
0.24962239583333334	1.6500500112908898
0.3496223958333333	2.3851876060733623
0.4496223958333333	3.1453426816201917
0.5496223958333333	3.925825970570936
0.6496223958333333	4.7232029801384074
0.7496223958333332	5.534965089376326
0.8496223958333332	6.359064684655049
0.9496223958333332	7.193831785515389
1.0496223958333333	8.037863751402037
1.1496223958333334	8.889976306165327
1.2496223958333335	9.74906911233119
1.3496223958333335	10.615116458101388
1.4496223958333336	11.48853137143654
1.5496223958333337	12.369383121509445
1.6496223958333338	13.257879689435672
1.749622395833334	14.154139441302299
1.849622395833334	15.05839101654775
1.949622395833334	15.970775702149673
2.049622395833334	16.8913775097053
2.149622395833334	17.820258035462803
2.249622395833334	18.757281469206447
2.349622395833334	19.7025328625264
2.4496223958333343	20.65606041619974
2.5496223958333344	21.617783970696294
2.6496223958333345	22.587631126224625
2.7496223958333346	23.565530852404077
2.8496223958333347	24.551343105880793
2.9496223958333347	25.544817128205956
3.049622395833335	26.54604766296045
3.149622395833335	27.554900114928536
3.249622395833335	28.571155846218442
3.349622395833335	29.5946623642439
3.449622395833335	30.625211938211457
3.5496223958333353	31.66261376506284
3.6496223958333354	32.7067007293459
3.7496223958333355	33.757282247081115
3.8496223958333355	34.814154875037545
3.9496223958333356	35.87712623542413
4.049622395833335	36.946000016825714
4.149622395833335	38.02057466780902
4.249622395833335	39.10066002646007
4.349622395833334	40.18595483440212
4.449622395833334	41.27642465308078
4.5496223958333335	42.37181503828752
4.649622395833333	43.471917212593134
4.749622395833333	44.576607544226746
4.849622395833332	45.685571029987074
4.949622395833332	46.798688940511916
5.049622395833332	47.915893118805265
5.149622395833331	49.03693361496341
5.249622395833331	50.16156569784287
5.349622395833331	51.289630499523035
5.44962239583333	52.42107536656008
5.54962239583333	53.55567305995098
5.64962239583333	54.693262114644
5.749622395833329	55.83367872064464
5.849622395833329	56.97679632958993
5.9496223958333285	58.12240489034052
6.049622395833328	59.270430191751814
6.149622395833328	60.420745637416445
6.2496223958333275	61.5731752302413
6.349622395833327	62.72758786493454
6.449622395833327	63.88386461634261
6.549622395833326	65.0419474693745
6.649622395833326	66.20167280184393
6.749622395833326	67.36293620519632
6.849622395833325	68.52561872703039
6.949622395833325	69.68963893554563
7.049622395833325	70.85488135854546
7.149622395833324	72.02124676979949
7.249622395833324	73.18863465445473
7.3496223958333236	74.35694203536124
7.449622395833323	75.52610860407597
7.549622395833323	76.696050031038
7.6496223958333225	77.86666606808787
7.749622395833322	79.03788845410303
7.849622395833322	80.20965722548954
7.949622395833321	81.38190005871309
8.049622395833321	82.55451625225044
8.14962239583332	83.72745882991369
8.24962239583332	84.90066998178315
8.34962239583332	86.0741155506344
8.44962239583332	87.24773273822908
8.54962239583332	88.42143190068644
8.649622395833319	89.59517721979095
8.749622395833319	90.76888739162446
8.849622395833318	91.94255535371755
8.949622395833318	93.11621426133271
9.049622395833318	94.28987304997041
9.149622395833317	95.46352558648822
9.249622395833317	96.6371757729077
9.349622395833316	97.81082360951024
9.449622395833316	98.9844690965782
9.549622395833316	100.15811223439279
9.649622395833315	101.33175302323636
9.749622395833315	102.30929069965818
9.849622395833315	103.28609123939582
9.949622395833314	104.26289177913348
10.049622395833314	105.23969231887091
10.149622395833314	106.21649492603758
10.249622395833313	107.19329503971925
10.349622395833313	108.17009634384681
10.449622395833313	109.14689536772994
10.549622395833312	110.12369353179491
10.649622395833312	111.1004935593968
10.749622395833311	112.07729358699868
10.849622395833311	113.05409361460045
10.94962239583331	114.03089364220224
11.04962239583331	115.00769366980413
11.14962239583331	115.98449369740577
11.24962239583331	116.96129372500768
11.34962239583331	117.93809375260926
11.449622395833309	118.91489378021105
11.549622395833309	119.89169146353527
11.649622395833308	120.86849486425864
11.749622395833308	121.84529369852446
11.849622395833308	122.82209415221809
11.949622395833307	123.798892636638
12.049622395833307	124.80518240788031
12.149622395833306	125.8115815698756
12.249622395833306	126.8179816019702
12.349622395833306	127.82438163406476
12.449622395833305	128.83078166615945
12.549622395833305	129.83718285332927
12.649622395833305	129.94162464247833
12.749622395833304	129.94162464247833
12.849622395833304	129.94162464247833
12.949622395833304	129.94162464247833
13.049622395833303	129.94162464247833
13.149622395833303	129.94162464247833
13.249622395833303	129.94162464247833
13.349622395833302	129.94162464247833
13.449622395833302	129.94162464247833
13.549622395833302	129.94162464247833
13.649622395833301	129.94162464247833
13.7496223958333	129.94162464247833
13.8496223958333	129.94162464247833
13.9496223958333	129.94162464247833
14.0496223958333	129.94162464247833
14.1496223958333	129.94162464247833
14.249622395833299	129.94162464247833
14.349622395833299	129.94162464247833
14.449622395833298	129.94162464247833
14.549622395833298	129.94162464247833
14.649622395833298	129.94162464247833
14.749622395833297	129.94162464247833
14.849622395833297	129.94162464247833
14.949622395833297	129.94162464247833
15.049622395833296	129.94162464247833
15.149622395833296	129.94162464247833
15.249622395833295	129.94162464247833
15.349622395833295	129.94162464247833
15.449622395833295	129.94162464247833
15.549622395833294	129.94162464247833
15.649622395833294	129.94162464247833
15.749622395833294	129.94162464247833
15.849622395833293	129.94162464247833
15.949622395833293	129.94162464247833
16.049622395833293	129.94162464247833
16.149622395833294	129.94162464247833
16.249622395833295	129.94162464247833
16.349622395833297	129.94162464247833
16.4496223958333	129.94162464247833
16.5496223958333	129.94162464247833
16.6496223958333	129.94162464247833
16.749622395833303	129.94162464247833
16.849622395833304	129.94162464247833
16.949622395833305	129.94162464247833
17.049622395833307	129.94162464247833
17.14962239583331	129.94162464247833
17.24962239583331	129.94162464247833
17.34962239583331	129.94162464247833
17.449622395833313	129.94162464247833
17.549622395833314	129.94162464247833
17.649622395833315	129.94162464247833
17.749622395833317	129.94162464247833
17.849622395833318	129.94162464247833
17.94962239583332	129.94162464247833
18.04962239583332	129.94162464247833
18.149622395833322	129.94162464247833
18.249622395833324	129.94162464247833
18.349622395833325	129.94162464247833
18.449622395833327	129.94162464247833
18.549622395833328	129.94162464247833
18.64962239583333	129.94162464247833
18.74962239583333	129.94162464247833
18.849622395833332	129.94162464247833
18.949622395833334	129.94162464247833
19.049622395833335	129.94162464247833
19.149622395833337	129.94162464247833
19.249622395833338	129.94162464247833
19.34962239583334	129.94162464247833
19.44962239583334	129.94162464247833
19.549622395833342	129.94162464247833
19.649622395833344	129.94162464247833
19.749622395833345	129.94162464247833
19.849622395833347	129.94162464247833
19.949622395833348	129.94162464247833
20.04962239583335	129.94162464247833
20.14962239583335	129.94162464247833
20.249622395833352	129.94162464247833
20.349622395833354	129.94162464247833
20.449622395833355	129.94162464247833
20.549622395833357	129.94162464247833
20.649622395833358	129.94162464247833
20.74962239583336	129.94162464247833
20.84962239583336	129.94162464247833
20.949622395833362	129.94162464247833
21.049622395833364	129.94162464247833
21.149622395833365	129.94162464247833
21.249622395833367	129.94162464247833
21.349622395833368	129.94162464247833
21.44962239583337	129.94162464247833
21.54962239583337	129.94162464247833
21.649622395833372	129.94162464247833
21.749622395833374	129.94162464247833
21.849622395833375	129.94162464247833
21.949622395833376	129.94162464247833
22.049622395833378	129.94162464247833
22.14962239583338	129.94162464247833
22.24962239583338	129.94162464247833
22.349622395833382	129.94162464247833
22.449622395833384	129.94162464247833
22.549622395833385	129.94162464247833
22.649622395833386	129.94162464247833
22.749622395833388	129.94162464247833
22.84962239583339	129.94162464247833
22.94962239583339	129.94162464247833
23.049622395833392	129.94162464247833
23.149622395833394	129.94162464247833
23.249622395833395	129.94162464247833
23.349622395833396	129.94162464247833
23.449622395833398	129.94162464247833
23.5496223958334	129.94162464247833
23.6496223958334	129.94162464247833
23.749622395833402	129.94162464247833
23.849622395833403	129.94162464247833
23.949622395833405	129.94162464247833
24.049622395833406	129.94162464247833
24.149622395833408	129.94162464247833
24.24962239583341	129.94162464247833
24.34962239583341	130.02452435520752
24.449622395833412	130.1229443796639
24.549622395833413	130.22136341691822
24.649622395833415	130.3197836993045
24.749622395833416	130.41820398169062
24.849622395833418	130.516624898671
24.94962239583342	130.6150443879356
25.04962239583342	130.71346429632308
25.149622395833422	130.81188420470994
25.22356792144026	130.88406525726955
1000025.2235679214	130.88406525726955
