-100000	0
0	0
0.0033333333333333335	0.019328281625172552
0.008333333333333333	0.0487994311927007
0.01583333333333333	0.0940725227107293
0.02708333333333333	0.16360062102631473
0.043958333333333335	0.2708625913646306
0.06927083333333334	0.43685203206589635
0.10723958333333333	0.6947382469948704
0.16419270833333333	1.0967723503460252
0.24962239583333334	1.7257740121170224
0.3496223958333333	2.4921162024915495
0.4496223958333333	3.2837758823143273
0.5496223958333333	4.095971530298962
0.6496223958333333	4.925228337306972
0.7496223958333332	5.768967810284298
0.8496223958333332	6.625127124090988
0.9496223958333332	7.492041690817645
1.0496223958333333	8.368258013554176
1.1496223958333334	9.252564349213626
1.2496223958333335	10.143492667791357
1.3496223958333335	11.040789147689635
1.4496223958333336	11.944727628596434
1.5496223958333337	12.855427695976768
1.6496223958333338	13.773083219083116
1.749622395833334	14.69782877208753
1.849622395833334	15.629818988023723
1.949622395833334	16.56921403831546
2.049622395833334	17.516007482602785
2.149622395833334	18.4703160200671
2.249622395833334	19.43204183555729
2.349622395833334	20.40123322865641
2.4496223958333343	21.377912014917978
2.5496223958333344	22.36194560555429
2.6496223958333345	23.35333900919525
2.7496223958333346	24.352092150381473
2.8496223958333347	25.358013841880627
2.9496223958333347	26.37086359851147
3.049622395833335	27.390703503498727
3.149622395833335	28.417395411161984
3.249622395833335	29.45079212163877
3.349622395833335	30.490821571783474
3.449622395833335	31.537208707645977
3.5496223958333353	32.58981366983845
3.6496223958333354	33.648461837485726
3.7496223958333355	34.71295168510817
3.8496223958333355	35.78312428371948
3.9496223958333356	36.85880081350474
4.049622395833335	37.939802119841836
4.149622395833335	39.02594647298513
4.249622395833335	40.11705775890497
4.349622395833334	41.212970260404425
4.449622395833334	42.313426318864586
4.5496223958333335	43.418282959075185
4.649622395833333	44.52733610138834
4.749622395833333	45.6405855208072
4.849622395833332	46.75767530339581
4.949622395833332	47.87850003988818
5.049622395833332	49.002979980573414
5.149622395833331	50.130892261311125
5.249622395833331	51.262064164420096
5.349622395833331	52.39632960901213
5.44962239583333	53.53351494546485
5.54962239583333	54.6735237754386
5.64962239583333	55.81617082313726
5.749622395833329	56.96134705156964
5.849622395833329	58.10888268448307
5.9496223958333285	59.258668119088576
6.049622395833328	60.41056266719236
6.149622395833328	61.56446892480386
6.2496223958333275	62.72023990428704
6.349622395833327	63.87770345368672
6.449622395833327	65.03677651416372
6.549622395833326	66.19746798991302
6.649622395833326	67.35959771744695
6.749622395833326	68.52305731872067
6.849622395833325	69.68774820476413
6.949622395833325	70.85357471336135
7.049622395833325	72.02044855832105
7.149622395833324	73.18827717284063
7.249622395833324	74.3569665420717
7.3496223958333236	75.52642772772252
7.449622395833323	76.6966221341514
7.549622395833323	77.86746511006484
7.6496223958333225	79.03885952428547
7.749622395833322	80.21075288564438
7.849622395833322	81.3830950019502
7.949622395833321	82.5557639776505
8.049622395833321	83.72869629236354
8.14962239583332	84.90191642016146
8.24962239583332	86.0754016344058
8.34962239583332	87.24903035504853
8.44962239583332	88.42274857979466
8.54962239583332	89.59653560246744
8.649622395833319	90.77029942136924
8.749622395833319	91.9440058129232
8.849622395833318	93.11766798361145
8.949622395833318	94.29132596830004
9.049622395833318	95.46498173364958
9.149622395833317	96.63863495256905
9.249622395833317	97.81228562144008
9.349622395833316	98.98593373664455
9.449622395833316	100.15957929456503
9.549622395833316	101.333222291582
9.649622395833315	102.50686241068226
9.749622395833315	103.65470764719271
9.849622395833315	104.75053622201011
9.949622395833314	105.79435951281123
10.049622395833314	106.78734184457241
10.149622395833314	107.76414175515201
10.249622395833313	108.74094166573131
10.349622395833313	109.7177415763106
10.449622395833313	110.69454148688996
10.549622395833312	111.6713410155558
10.649622395833312	112.64814105504239
10.749622395833311	113.62494084921681
10.849622395833311	114.60174077235861
10.94962239583331	115.57854069550005
11.04962239583331	116.55534061864168
11.14962239583331	117.53214054178332
11.24962239583331	118.50894046492478
11.34962239583331	119.48574038806642
11.449622395833309	120.46253972412978
11.549622395833309	121.43933896901316
11.649622395833308	122.4161390154316
11.749622395833308	123.39293906184943
11.849622395833308	124.36973828313356
11.949622395833307	125.34653768526645
12.049622395833307	126.35282101295617
12.149622395833306	127.35922107001802
12.249622395833306	128.36562098119168
12.349622395833306	129.37202089236544
12.449622395833305	130.37842080353917
12.549622395833305	131.38482100593717
12.649622395833305	131.48926677117595
12.749622395833304	131.48926677117595
12.849622395833304	131.48926677117595
12.949622395833304	131.48926677117595
13.049622395833303	131.48926677117595
13.149622395833303	131.48926677117595
13.249622395833303	131.48926677117595
13.349622395833302	131.48926677117595
13.449622395833302	131.48926677117595
13.549622395833302	131.48926677117595
13.649622395833301	131.48926677117595
13.7496223958333	131.48926677117595
13.8496223958333	131.48926677117595
13.9496223958333	131.48926677117595
14.0496223958333	131.48926677117595
14.1496223958333	131.48926677117595
14.249622395833299	131.48926677117595
14.349622395833299	131.48926677117595
14.449622395833298	131.48926677117595
14.549622395833298	131.48926677117595
14.649622395833298	131.48926677117595
14.749622395833297	131.48926677117595
14.849622395833297	131.48926677117595
14.949622395833297	131.48926677117595
15.049622395833296	131.48926677117595
15.149622395833296	131.48926677117595
15.249622395833295	131.48926677117595
15.349622395833295	131.48926677117595
15.449622395833295	131.48926677117595
15.549622395833294	131.48926677117595
15.649622395833294	131.48926677117595
15.749622395833294	131.48926677117595
15.849622395833293	131.48926677117595
15.949622395833293	131.48926677117595
16.049622395833293	131.48926677117595
16.149622395833294	131.48926677117595
16.249622395833295	131.48926677117595
16.349622395833297	131.48926677117595
16.4496223958333	131.48926677117595
16.5496223958333	131.48926677117595
16.6496223958333	131.48926677117595
16.749622395833303	131.48926677117595
16.849622395833304	131.48926677117595
16.949622395833305	131.48926677117595
17.049622395833307	131.48926677117595
17.14962239583331	131.48926677117595
17.24962239583331	131.48926677117595
17.34962239583331	131.48926677117595
17.449622395833313	131.48926677117595
17.549622395833314	131.48926677117595
17.649622395833315	131.48926677117595
17.749622395833317	131.48926677117595
17.849622395833318	131.48926677117595
17.94962239583332	131.48926677117595
18.04962239583332	131.48926677117595
18.149622395833322	131.48926677117595
18.249622395833324	131.48926677117595
18.349622395833325	131.48926677117595
18.449622395833327	131.48926677117595
18.549622395833328	131.48926677117595
18.64962239583333	131.48926677117595
18.74962239583333	131.48926677117595
18.849622395833332	131.48926677117595
18.949622395833334	131.48926677117595
19.049622395833335	131.48926677117595
19.149622395833337	131.48926677117595
19.249622395833338	131.48926677117595
19.34962239583334	131.48926677117595
19.44962239583334	131.48926677117595
19.549622395833342	131.48926677117595
19.649622395833344	131.48926677117595
19.749622395833345	131.48926677117595
19.849622395833347	131.48926677117595
19.949622395833348	131.48926677117595
20.04962239583335	131.48926677117595
20.14962239583335	131.48926677117595
20.249622395833352	131.48926677117595
20.349622395833354	131.48926677117595
20.449622395833355	131.48926677117595
20.549622395833357	131.48926677117595
20.649622395833358	131.48926677117595
20.74962239583336	131.48926677117595
20.84962239583336	131.48926677117595
20.949622395833362	131.48926677117595
21.049622395833364	131.48926677117595
21.149622395833365	131.48926677117595
21.249622395833367	131.48926677117595
21.349622395833368	131.48926677117595
21.44962239583337	131.48926677117595
21.54962239583337	131.48926677117595
21.649622395833372	131.48926677117595
21.749622395833374	131.48926677117595
21.849622395833375	131.48926677117595
21.949622395833376	131.48926677117595
22.049622395833378	131.48926677117595
22.14962239583338	131.48926677117595
22.24962239583338	131.48926677117595
22.349622395833382	131.48926677117595
22.449622395833384	131.48926677117595
22.549622395833385	131.48926677117595
22.649622395833386	131.48926677117595
22.749622395833388	131.48926677117595
22.84962239583339	131.48926677117595
22.94962239583339	131.48926677117595
23.049622395833392	131.48926677117595
23.149622395833394	131.48926677117595
23.249622395833395	131.48926677117595
23.349622395833396	131.48926677117595
23.449622395833398	131.48926677117595
23.5496223958334	131.48926677117595
23.6496223958334	131.48926677117595
23.749622395833402	131.48926677117595
23.849622395833403	131.48926677117595
23.949622395833405	131.48926677117595
24.049622395833406	131.48926677117595
24.149622395833408	131.48926677117595
24.24962239583341	131.50082854274015
24.34962239583341	131.59917027050182
24.449622395833412	131.6975902400111
24.549622395833413	131.79601032859517
24.649622395833415	131.89443028908616
24.749622395833416	131.99284980717633
24.849622395833418	132.09126854493041
24.94962239583342	132.189687067654
25.04962239583342	132.28810703041466
25.149622395833422	132.38652699317498
25.224779050736498	132.45990172429697
1000025.2247790507	132.45990172429697
