-100000	0
5.999938890418146	0
6.003272223751479	0.0000007075031008831985
6.0082722237514785	0.000006780935643284485
6.015772223751479	0.00003609320866233829
6.027022223751479	0.00015573430013108802
6.043897223751479	0.00060814506745156
6.069209723751479	0.00224247040972694
6.107178473751479	0.00793615986686468
6.164131598751479	0.027114751762394806
6.249561286251479	0.08229533195131844
6.349561286251479	0.1831437806188706
6.449561286251479	0.31884272360033566
6.549561286251478	0.4862874617309327
6.649561286251478	0.6828505702937201
6.7495612862514776	0.9064678074224556
6.849561286251477	1.1554531251426918
6.949561286251477	1.4282880437587828
7.0495612862514765	1.7235463986169062
7.149561286251476	2.040129077250614
7.249561286251476	2.377074172990392
7.349561286251475	2.733300945814131
7.449561286251475	3.107907842198212
7.549561286251475	3.500119322518766
7.649561286251474	3.9090941743100416
7.749561286251474	4.334152158547147
7.849561286251474	4.774617919411235
7.949561286251473	5.229751507292
8.049561286251473	5.699082442018991
8.149561286251473	6.181904039814998
8.249561286251472	6.677785996833319
8.349561286251472	7.186105344344469
8.449561286251472	7.706514196881873
8.549561286251471	8.238446576342845
8.64956128625147	8.781429533622958
8.74956128625147	9.33506843943356
8.84956128625147	9.898964681956539
8.94956128625147	10.47276112974392
9.04956128625147	11.056028944407513
9.149561286251469	11.648566092582
9.249561286251469	12.24997020197194
9.349561286251468	12.860046439231613
9.449561286251468	13.478465772405453
9.549561286251468	14.10508828597196
9.649561286251467	14.739646992508948
9.749561286251467	15.381914099958877
9.849561286251467	16.031670887920033
9.949561286251466	16.688708629905882
10.049561286251466	17.35280003247931
10.149561286251465	18.02378424252412
10.249561286251465	18.701443391550335
10.349561286251465	19.385612291363266
10.449561286251464	20.076105440960397
10.549561286251464	20.772725925162867
10.649561286251464	21.475341702337985
10.749561286251463	22.183757784828014
10.849561286251463	22.897800830187887
10.949561286251463	23.61730698995477
11.049561286251462	24.342093050230968
11.149561286251462	25.071985993752925
11.249561286251462	25.806804476132374
11.349561286251461	26.546354144765818
11.44956128625146	27.290444847771028
11.54956128625146	28.038869588067122
11.64956128625146	28.791407581326883
11.74956128625146	29.547840022858892
11.84956128625146	30.307921517669225
11.949561286251459	31.071395875027505
12.049561286251459	31.83801915350168
12.149561286251458	32.607505514705
12.249561286251458	33.37954815774465
12.349561286251458	34.15383766123195
12.449561286251457	34.93006116079869
12.549561286251457	35.70787857615578
12.649561286251457	36.486941755950554
12.74818496540836	37.21906416619519
1000012.7481849655	37.21906416619519
