-100000	0
0	0
0.0033333333333333335	0.020281424387894795
0.008333333333333333	0.05123175621807914
0.01583333333333333	0.09870355880868241
0.02708333333333333	0.17158779776750216
0.043958333333333335	0.28386483585482536
0.06927083333333334	0.4574219270490263
0.10723958333333333	0.726725806262064
0.16419270833333333	1.1459722035763593
0.24962239583333334	1.801003197610938
0.3496223958333333	2.5980533179554066
0.4496223958333333	3.4206205767563196
0.5496223958333333	4.263810035595614
0.6496223958333333	5.124160844992147
0.7496223958333332	5.999036031893427
0.8496223958333332	6.886335904606718
0.9496223958333332	7.784332725377575
1.0496223958333333	8.69156599981096
1.1496223958333334	9.606864183756748
1.2496223958333335	10.528346606909183
1.3496223958333335	11.455586475921184
1.4496223958333336	12.388732750905088
1.5496223958333337	13.328049180655087
1.6496223958333338	14.2736786148544
1.749622395833334	15.22576949964553
1.849622395833334	16.184404040451913
1.949622395833334	17.149711898188034
2.049622395833334	18.1217076006502
2.149622395833334	19.100393129376084
2.249622395833334	20.085835601139316
2.349622395833334	21.07804880998201
2.4496223958333343	22.076955499188852
2.5496223958333344	23.08248214599689
2.6496223958333345	24.094641454936262
2.7496223958333346	25.113393968366324
2.8496223958333347	26.138618022934946
2.9496223958333347	27.170150716589685
3.049622395833335	28.20787798682865
3.149622395833335	29.25166488723858
3.249622395833335	30.30145108040633
3.349622395833335	31.357002963060413
3.449622395833335	32.418212699292226
3.5496223958333353	33.48520434470658
3.6496223958333354	34.55760590975353
3.7496223958333355	35.63524226999977
3.8496223958333355	36.71796699804236
3.9496223958333356	37.80561486573061
4.049622395833335	38.89802329344662
4.149622395833335	39.995027772740755
4.249622395833335	41.096479906881946
4.349622395833334	42.2022000200669
4.449622395833334	43.31199602607001
4.5496223958333335	44.425721034784615
4.649622395833333	45.54322894071156
4.749622395833333	46.664396979817475
4.849622395833332	47.788907451697476
4.949622395833332	48.916631883061335
5.049622395833332	50.04773680618319
5.149622395833331	51.18188861025162
5.249622395833331	52.318904169042504
5.349622395833331	53.45855555587372
5.44962239583333	54.600949819968754
5.54962239583333	55.745842322836026
5.64962239583333	56.89307074516956
5.749622395833329	58.042502261066126
5.849622395833329	59.194007336074705
5.9496223958333285	60.34746583868485
6.049622395833328	61.50278201356958
6.149622395833328	62.65983214882526
6.2496223958333275	63.818522259086095
6.349622395833327	64.97872966660944
6.449622395833327	66.14036876877161
6.549622395833326	67.30327019385811
6.649622395833326	68.46739595343439
6.749622395833326	69.63270497626425
6.849622395833325	70.79906350445954
6.949622395833325	71.96639300901307
7.049622395833325	73.13461869652754
7.149622395833324	74.30363290068034
7.249622395833324	75.47333889539199
7.3496223958333236	76.64373567841625
7.449622395833323	77.81474524413322
7.549622395833323	78.98628690614237
7.6496223958333225	80.15826159061214
7.749622395833322	81.33065398371389
7.849622395833322	82.50341951093989
7.949622395833321	83.67646168999805
8.049622395833321	84.8497453099427
8.14962239583332	86.02323810083375
8.24962239583332	87.19685811382644
8.34962239583332	88.37056260375604
8.44962239583332	89.54435272459064
8.54962239583332	90.71817387323878
8.649622395833319	91.89193773110505
8.749622395833319	93.06564455523811
8.849622395833318	94.23930934851467
8.949622395833318	95.41296658254919
9.049622395833318	96.58662124843116
9.149622395833317	97.76027334616043
9.249622395833317	98.9339228757374
9.349622395833316	100.10756983716158
9.449622395833316	101.28121423043349
9.549622395833316	102.45485605555271
9.649622395833315	103.62849505287261
9.749622395833315	104.80213688635435
9.849622395833315	105.9757759527802
9.949622395833314	107.14941668491159
10.049622395833314	108.32185866507741
10.149622395833314	109.45850812753854
10.249622395833313	110.54315230598405
10.349622395833313	111.57579120041387
10.449622395833313	112.56118752086705
10.549622395833312	113.53798814813972
10.649622395833312	114.5147887754122
10.749622395833311	115.49158955370899
10.849622395833311	116.46838789305137
10.94962239583331	117.44518822808693
11.04962239583331	118.42198856312231
11.14962239583331	119.3987888981576
11.24962239583331	120.37558923319298
11.34962239583331	121.35238616913792
11.449622395833309	122.32918973572994
11.549622395833309	123.30598908333182
11.649622395833308	124.28278843093348
11.749622395833308	125.25958777853516
11.849622395833308	126.23638827195165
11.949622395833307	127.21318748114409
12.049622395833307	128.21947788763032
12.149622395833306	129.22587688073247
12.249622395833306	130.23227692301305
12.349622395833306	131.23867696529342
12.449622395833305	132.2450770075739
12.549622395833305	133.25147737629575
12.649622395833305	133.35592267216762
12.749622395833304	133.35592267216762
12.849622395833304	133.35592267216762
12.949622395833304	133.35592267216762
13.049622395833303	133.35592267216762
13.149622395833303	133.35592267216762
13.249622395833303	133.35592267216762
13.349622395833302	133.35592267216762
13.449622395833302	133.35592267216762
13.549622395833302	133.35592267216762
13.649622395833301	133.35592267216762
13.7496223958333	133.35592267216762
13.8496223958333	133.35592267216762
13.9496223958333	133.35592267216762
14.0496223958333	133.35592267216762
14.1496223958333	133.35592267216762
14.249622395833299	133.35592267216762
14.349622395833299	133.35592267216762
14.449622395833298	133.35592267216762
14.549622395833298	133.35592267216762
14.649622395833298	133.35592267216762
14.749622395833297	133.35592267216762
14.849622395833297	133.35592267216762
14.949622395833297	133.35592267216762
15.049622395833296	133.35592267216762
15.149622395833296	133.35592267216762
15.249622395833295	133.35592267216762
15.349622395833295	133.35592267216762
15.449622395833295	133.35592267216762
15.549622395833294	133.35592267216762
15.649622395833294	133.35592267216762
15.749622395833294	133.35592267216762
15.849622395833293	133.35592267216762
15.949622395833293	133.35592267216762
16.049622395833293	133.35592267216762
16.149622395833294	133.35592267216762
16.249622395833295	133.35592267216762
16.349622395833297	133.35592267216762
16.4496223958333	133.35592267216762
16.5496223958333	133.35592267216762
16.6496223958333	133.35592267216762
16.749622395833303	133.35592267216762
16.849622395833304	133.35592267216762
16.949622395833305	133.35592267216762
17.049622395833307	133.35592267216762
17.14962239583331	133.35592267216762
17.24962239583331	133.35592267216762
17.34962239583331	133.35592267216762
17.449622395833313	133.35592267216762
17.549622395833314	133.35592267216762
17.649622395833315	133.35592267216762
17.749622395833317	133.35592267216762
17.849622395833318	133.35592267216762
17.94962239583332	133.35592267216762
18.04962239583332	133.35592267216762
18.149622395833322	133.35592267216762
18.249622395833324	133.35592267216762
18.349622395833325	133.35592267216762
18.449622395833327	133.35592267216762
18.549622395833328	133.35592267216762
18.64962239583333	133.35592267216762
18.74962239583333	133.35592267216762
18.849622395833332	133.35592267216762
18.949622395833334	133.35592267216762
19.049622395833335	133.35592267216762
19.149622395833337	133.35592267216762
19.249622395833338	133.35592267216762
19.34962239583334	133.35592267216762
19.44962239583334	133.35592267216762
19.549622395833342	133.35592267216762
19.649622395833344	133.35592267216762
19.749622395833345	133.35592267216762
19.849622395833347	133.35592267216762
19.949622395833348	133.35592267216762
20.04962239583335	133.35592267216762
20.14962239583335	133.35592267216762
20.249622395833352	133.35592267216762
20.349622395833354	133.35592267216762
20.449622395833355	133.35592267216762
20.549622395833357	133.35592267216762
20.649622395833358	133.35592267216762
20.74962239583336	133.35592267216762
20.84962239583336	133.35592267216762
20.949622395833362	133.35592267216762
21.049622395833364	133.35592267216762
21.149622395833365	133.35592267216762
21.249622395833367	133.35592267216762
21.349622395833368	133.35592267216762
21.44962239583337	133.35592267216762
21.54962239583337	133.35592267216762
21.649622395833372	133.35592267216762
21.749622395833374	133.35592267216762
21.849622395833375	133.35592267216762
21.949622395833376	133.35592267216762
22.049622395833378	133.35592267216762
22.14962239583338	133.35592267216762
22.24962239583338	133.35592267216762
22.349622395833382	133.35592267216762
22.449622395833384	133.35592267216762
22.549622395833385	133.35592267216762
22.649622395833386	133.35592267216762
22.749622395833388	133.35592267216762
22.84962239583339	133.35592267216762
22.94962239583339	133.35592267216762
23.049622395833392	133.35592267216762
23.149622395833394	133.35592267216762
23.249622395833395	133.35592267216762
23.349622395833396	133.35592267216762
23.449622395833398	133.35592267216762
23.5496223958334	133.35592267216762
23.6496223958334	133.35592267216762
23.749622395833402	133.35592267216762
23.849622395833403	133.35592267216762
23.949622395833405	133.35592267216762
24.049622395833406	133.35592267216762
24.149622395833408	133.35592267216762
24.24962239583341	133.39442865543174
24.34962239583341	133.4928474978841
24.449622395833412	133.5912674533307
24.549622395833413	133.68968624305575
24.649622395833415	133.78810752210873
24.749622395833416	133.8865284402652
24.849622395833418	133.9849473611606
24.94962239583342	134.0833672292134
25.04962239583342	134.18178743040488
25.149622395833422	134.2802076315964
25.22599018003273	134.35477290161498
1000025.22599018	134.35477290161498
