-100000	0
0	0
0.0033333333333333335	0.02124900120772587
0.008333333333333333	0.053660352067691874
0.01583333333333333	0.10332894044346189
0.02708333333333333	0.17952447802546662
0.043958333333333335	0.2967874145291567
0.06927083333333334	0.4778915060371252
0.10723958333333333	0.7584834630047262
0.16419270833333333	1.1947392755790014
0.24962239583333334	1.8753870168239335
0.3496223958333333	2.7025401182807465
0.4496223958333333	3.5552281332813314
0.5496223958333333	4.42861004578618
0.6496223958333333	5.319132649429754
0.7496223958333332	6.224153958948986
0.8496223958333332	7.14152005305639
0.9496223958333332	8.069488296223545
1.0496223958333333	9.006576832697275
1.1496223958333334	9.951580804683394
1.2496223958333335	10.902369594328341
1.3496223958333335	11.858353348962215
1.4496223958333336	12.819699486774192
1.5496223958333337	13.786567920719229
1.6496223958333338	14.759005329575464
1.749622395833334	15.7372542591365
1.849622395833334	16.721378495254818
1.949622395833334	17.71140393557109
2.049622395833334	18.707447286038928
2.149622395833334	19.70949011403911
2.249622395833334	20.717557936574995
2.349622395833334	21.731571344991597
2.4496223958333343	22.75157615111676
2.5496223958333344	23.777348322899545
2.6496223958333345	24.808976989722748
2.7496223958333346	25.846599360517466
2.8496223958333347	26.889943165742817
2.9496223958333347	27.93895600589636
3.049622395833335	28.99349493731413
3.149622395833335	30.053475216133112
3.249622395833335	31.118788061255103
3.349622395833335	32.1892827343973
3.449622395833335	33.264814785504306
3.5496223958333353	34.345261859203625
3.6496223958333354	35.43037628283882
3.7496223958333355	36.520339315818596
3.8496223958333355	37.61483394281499
3.9496223958333356	38.71368823604227
4.049622395833335	39.81675622399263
4.149622395833335	40.92389043980097
4.249622395833335	42.034960292100486
4.349622395833334	43.149793343809186
4.449622395833334	44.268240690767186
4.5496223958333335	45.390177201103945
4.649622395833333	46.51544991357243
4.749622395833333	47.64391048454357
4.849622395833332	48.77535583172963
4.949622395833332	49.909625152686814
5.049622395833332	51.04679839398672
5.149622395833331	52.18659489198607
5.249622395833331	53.32898052147409
5.349622395833331	54.473712866020655
5.44962239583333	55.62077693296866
5.54962239583333	56.769993591501205
5.64962239583333	57.92124999730056
5.749622395833329	59.07440307529418
5.849622395833329	60.22939029929335
5.9496223958333285	61.38604738967757
6.049622395833328	62.5443109775335
6.149622395833328	63.70412951748138
6.2496223958333275	64.86534386869187
6.349622395833327	66.02787924695347
6.449622395833327	67.19162330493393
6.549622395833326	68.35646037273897
6.649622395833326	69.52229988842068
6.749622395833326	70.68916424377828
6.849622395833325	71.856916598361
6.949622395833325	73.02548965773144
7.049622395833325	74.19482421023312
7.149622395833324	75.36481373131538
7.249622395833324	76.53540420462211
7.3496223958333236	77.7065254046482
7.449622395833323	78.87816568746062
7.549622395833323	80.05023871162541
7.6496223958333225	81.2226778565831
7.749622395833322	82.39542883246514
7.849622395833322	83.56846939045377
7.949622395833321	84.7417533977219
8.049622395833321	85.91518472635403
8.14962239583332	87.08873521463718
8.24962239583332	88.26239368647164
8.34962239583332	89.43614004205912
8.44962239583332	90.6099560737491
8.54962239583332	91.78377233450323
8.649622395833319	92.95753906267255
8.749622395833319	94.13124875710817
8.849622395833318	95.30491175182222
8.949622395833318	96.47856814070492
9.049622395833318	97.65222196143539
9.149622395833317	98.82587321401323
9.249622395833317	99.99952189843873
9.349622395833316	101.17316801471125
9.449622395833316	102.34681156283142
9.549622395833316	103.52045261136077
9.649622395833315	104.69409250026094
9.749622395833315	105.86773239075654
9.849622395833315	107.04137255850071
9.949622395833314	108.21501253527566
10.049622395833314	109.38865251205046
10.149622395833314	110.56229248882497
10.249622395833313	111.73593246559983
10.349622395833313	112.90957244237462
10.449622395833313	114.07849059173724
10.549622395833312	115.20396226115875
10.649622395833312	116.27742864656389
10.749622395833311	117.29888974795328
10.849622395833311	118.27903537714198
10.94962239583331	119.25583541107721
11.04962239583331	120.23263548566426
11.14962239583331	121.20943544699183
11.24962239583331	122.18623540831922
11.34962239583331	123.16303536987947
11.449622395833309	124.13983540584115
11.549622395833309	125.11663544180243
11.649622395833308	126.09343547776375
11.749622395833308	127.07023554827283
11.849622395833308	128.04703547854456
11.949622395833307	129.0238355185812
12.049622395833307	130.0301236023203
12.149622395833306	131.0365236632671
12.249622395833306	132.04292365996795
12.349622395833306	133.04932365666852
12.449622395833305	134.0557236533695
12.549622395833305	135.0621236303187
12.649622395833305	135.16656308208178
12.749622395833304	135.16656308208178
12.849622395833304	135.16656308208178
12.949622395833304	135.16656308208178
13.049622395833303	135.16656308208178
13.149622395833303	135.16656308208178
13.249622395833303	135.16656308208178
13.349622395833302	135.16656308208178
13.449622395833302	135.16656308208178
13.549622395833302	135.16656308208178
13.649622395833301	135.16656308208178
13.7496223958333	135.16656308208178
13.8496223958333	135.16656308208178
13.9496223958333	135.16656308208178
14.0496223958333	135.16656308208178
14.1496223958333	135.16656308208178
14.249622395833299	135.16656308208178
14.349622395833299	135.16656308208178
14.449622395833298	135.16656308208178
14.549622395833298	135.16656308208178
14.649622395833298	135.16656308208178
14.749622395833297	135.16656308208178
14.849622395833297	135.16656308208178
14.949622395833297	135.16656308208178
15.049622395833296	135.16656308208178
15.149622395833296	135.16656308208178
15.249622395833295	135.16656308208178
15.349622395833295	135.16656308208178
15.449622395833295	135.16656308208178
15.549622395833294	135.16656308208178
15.649622395833294	135.16656308208178
15.749622395833294	135.16656308208178
15.849622395833293	135.16656308208178
15.949622395833293	135.16656308208178
16.049622395833293	135.16656308208178
16.149622395833294	135.16656308208178
16.249622395833295	135.16656308208178
16.349622395833297	135.16656308208178
16.4496223958333	135.16656308208178
16.5496223958333	135.16656308208178
16.6496223958333	135.16656308208178
16.749622395833303	135.16656308208178
16.849622395833304	135.16656308208178
16.949622395833305	135.16656308208178
17.049622395833307	135.16656308208178
17.14962239583331	135.16656308208178
17.24962239583331	135.16656308208178
17.34962239583331	135.16656308208178
17.449622395833313	135.16656308208178
17.549622395833314	135.16656308208178
17.649622395833315	135.16656308208178
17.749622395833317	135.16656308208178
17.849622395833318	135.16656308208178
17.94962239583332	135.16656308208178
18.04962239583332	135.16656308208178
18.149622395833322	135.16656308208178
18.249622395833324	135.16656308208178
18.349622395833325	135.16656308208178
18.449622395833327	135.16656308208178
18.549622395833328	135.16656308208178
18.64962239583333	135.16656308208178
18.74962239583333	135.16656308208178
18.849622395833332	135.16656308208178
18.949622395833334	135.16656308208178
19.049622395833335	135.16656308208178
19.149622395833337	135.16656308208178
19.249622395833338	135.16656308208178
19.34962239583334	135.16656308208178
19.44962239583334	135.16656308208178
19.549622395833342	135.16656308208178
19.649622395833344	135.16656308208178
19.749622395833345	135.16656308208178
19.849622395833347	135.16656308208178
19.949622395833348	135.16656308208178
20.04962239583335	135.16656308208178
20.14962239583335	135.16656308208178
20.249622395833352	135.16656308208178
20.349622395833354	135.16656308208178
20.449622395833355	135.16656308208178
20.549622395833357	135.16656308208178
20.649622395833358	135.16656308208178
20.74962239583336	135.16656308208178
20.84962239583336	135.16656308208178
20.949622395833362	135.16656308208178
21.049622395833364	135.16656308208178
21.149622395833365	135.16656308208178
21.249622395833367	135.16656308208178
21.349622395833368	135.16656308208178
21.44962239583337	135.16656308208178
21.54962239583337	135.16656308208178
21.649622395833372	135.16656308208178
21.749622395833374	135.16656308208178
21.849622395833375	135.16656308208178
21.949622395833376	135.16656308208178
22.049622395833378	135.16656308208178
22.14962239583338	135.16656308208178
22.24962239583338	135.16656308208178
22.349622395833382	135.16656308208178
22.449622395833384	135.16656308208178
22.549622395833385	135.16656308208178
22.649622395833386	135.16656308208178
22.749622395833388	135.16656308208178
22.84962239583339	135.16656308208178
22.94962239583339	135.16656308208178
23.049622395833392	135.16656308208178
23.149622395833394	135.16656308208178
23.249622395833395	135.16656308208178
23.349622395833396	135.16656308208178
23.449622395833398	135.16656308208178
23.5496223958334	135.16656308208178
23.6496223958334	135.16656308208178
23.749622395833402	135.16656308208178
23.849622395833403	135.16656308208178
23.949622395833405	135.16656308208178
24.049622395833406	135.16656308208178
24.149622395833408	135.16656308208178
24.24962239583341	135.23208081375378
24.34962239583341	135.3305009020466
24.449622395833412	135.42892088449386
24.549622395833413	135.5273408872335
24.649622395833415	135.6257608735685
24.749622395833416	135.72418085990373
24.849622395833418	135.82260081298728
24.94962239583342	135.9210209791221
25.04962239583342	136.0194409601987
25.149622395833422	136.11786094127592
25.22720130932897	136.19361806011685
1000025.2272013093	136.19361806011685
