-100000	0
0	0
0.0033333333333333335	0.02219378460678354
0.008333333333333333	0.05604561473687655
0.01583333333333333	0.10789339773666617
0.02708333333333333	0.18739113068905738
0.043958333333333335	0.309605537587068
0.06927083333333334	0.4981338843943592
0.10723958333333333	0.789912366381509
0.16419270833333333	1.2429376824253433
0.24962239583333334	1.9487491423899252
0.3496223958333333	2.8053248162967868
0.4496223958333333	3.6874121805922186
0.5496223958333333	4.590072996984429
0.6496223958333333	5.509768133523546
0.7496223958333332	6.4438289475077575
0.8496223958333332	7.390077204368295
0.9496223958333332	8.346754856135252
1.0496223958333333	9.312413966906508
1.1496223958333334	10.285741677125184
1.2496223958333335	11.264383830033697
1.3496223958333335	12.24768653534057
1.4496223958333336	13.235839652195212
1.5496223958333337	14.228888463664234
1.6496223958333338	15.227009774284475
1.749622395833334	16.230190549410363
1.849622395833334	17.238544868018742
1.949622395833334	18.252144344765263
2.049622395833334	19.27107847813437
2.149622395833334	20.295378418276965
2.249622395833334	21.324894572292255
2.349622395833334	22.359705095422033
2.4496223958333343	23.399754932471986
2.5496223958333344	24.44487664593588
2.6496223958333345	25.49516937378426
2.7496223958333346	26.550710822252693
2.8496223958333347	27.611289569434444
2.9496223958333347	28.67684797708004
3.049622395833335	29.747281781528898
3.149622395833335	30.822460389350933
3.249622395833335	31.90228125232832
3.349622395833335	32.98677723722099
3.449622395833335	34.075746776383376
3.5496223958333353	35.168987130370645
3.6496223958333354	36.26641826222213
3.7496223958333355	37.36792080383101
3.8496223958333355	38.47337867153497
3.9496223958333356	39.5826532304485
4.049622395833335	40.69561467588625
4.149622395833335	41.81213252765212
4.249622395833335	42.93210154784116
4.349622395833334	44.055350508238426
4.449622395833334	45.18176987506936
4.5496223958333335	46.31123477527651
4.649622395833333	47.44357465402872
4.749622395833333	48.57871163871284
4.849622395833332	49.716478356531354
4.949622395833332	50.8567548086444
5.049622395833332	51.99948530716252
5.149622395833331	53.14437582042268
5.249622395833331	54.29155696722113
5.349622395833331	55.440867327561044
5.44962239583333	56.59213778203231
5.54962239583333	57.745213608298855
5.64962239583333	58.900106115032976
5.749622395833329	60.056615594160064
5.849622395833329	61.21463069260358
5.9496223958333285	62.37414462902701
6.049622395833328	63.535056083043315
6.149622395833328	64.69719552903054
6.2496223958333275	65.86051396094366
6.349622395833327	67.02502462032567
6.449622395833327	68.1905425815678
6.549622395833326	69.35701024045694
6.649622395833326	70.52430201763373
6.749622395833326	71.6924470611378
6.849622395833325	72.86123463075661
6.949622395833325	74.03077904355338
7.049622395833325	75.20095893280366
7.149622395833324	76.3717002816487
7.249622395833324	77.54293743298062
7.3496223958333236	78.71461984698813
7.449622395833323	79.88674707097321
7.549622395833323	81.05921898788013
7.6496223958333225	82.23190023603752
7.749622395833322	83.4047887546203
7.849622395833322	84.57796525808075
7.949622395833321	85.75134106310898
8.049622395833321	86.9248098901631
8.14962239583332	88.09840054697212
8.24962239583332	89.27209820054317
8.34962239583332	90.44588106053854
8.44962239583332	91.61969652483502
8.54962239583332	92.7935065751172
8.649622395833319	93.96727667403144
8.749622395833319	95.14098973921229
8.849622395833318	96.31465335832391
8.949622395833318	97.48830821122051
9.049622395833318	98.6619604959643
9.149622395833317	99.83561021255595
9.249622395833317	101.00925736099467
9.349622395833316	102.18290194128117
9.449622395833316	103.3565439534151
9.549622395833316	104.5301860245109
9.649622395833315	105.70382427472587
9.749622395833315	106.87746578361964
9.849622395833315	108.0511080899154
9.949622395833314	109.22474621773256
10.049622395833314	110.39838644997445
10.149622395833314	111.57202668221673
10.249622395833313	112.74566691445905
10.349622395833313	113.91930714670113
10.449622395833313	115.0929473789433
10.549622395833312	116.26658761118512
10.649622395833312	117.44022784342731
10.749622395833311	118.61386807566961
10.849622395833311	119.77680243431541
10.94962239583331	120.89109026211648
11.04962239583331	121.9533742907877
11.14962239583331	122.96365085812708
11.24962239583331	123.94100863687446
11.34962239583331	124.9178107029943
11.449622395833309	125.89461023619563
11.549622395833309	126.87140976939689
11.649622395833308	127.8482093025981
11.749622395833308	128.82501012533672
11.849622395833308	129.8018093603339
11.949622395833307	130.77860885395674
12.049622395833307	131.78489906470227
12.149622395833306	132.79129818829495
12.249622395833306	133.7976982468645
12.349622395833306	134.80409830543385
12.449622395833305	135.81049836400328
12.549622395833305	136.81689872291983
12.649622395833305	136.92133759987098
12.749622395833304	136.92133759987098
12.849622395833304	136.92133759987098
12.949622395833304	136.92133759987098
13.049622395833303	136.92133759987098
13.149622395833303	136.92133759987098
13.249622395833303	136.92133759987098
13.349622395833302	136.92133759987098
13.449622395833302	136.92133759987098
13.549622395833302	136.92133759987098
13.649622395833301	136.92133759987098
13.7496223958333	136.92133759987098
13.8496223958333	136.92133759987098
13.9496223958333	136.92133759987098
14.0496223958333	136.92133759987098
14.1496223958333	136.92133759987098
14.249622395833299	136.92133759987098
14.349622395833299	136.92133759987098
14.449622395833298	136.92133759987098
14.549622395833298	136.92133759987098
14.649622395833298	136.92133759987098
14.749622395833297	136.92133759987098
14.849622395833297	136.92133759987098
14.949622395833297	136.92133759987098
15.049622395833296	136.92133759987098
15.149622395833296	136.92133759987098
15.249622395833295	136.92133759987098
15.349622395833295	136.92133759987098
15.449622395833295	136.92133759987098
15.549622395833294	136.92133759987098
15.649622395833294	136.92133759987098
15.749622395833294	136.92133759987098
15.849622395833293	136.92133759987098
15.949622395833293	136.92133759987098
16.049622395833293	136.92133759987098
16.149622395833294	136.92133759987098
16.249622395833295	136.92133759987098
16.349622395833297	136.92133759987098
16.4496223958333	136.92133759987098
16.5496223958333	136.92133759987098
16.6496223958333	136.92133759987098
16.749622395833303	136.92133759987098
16.849622395833304	136.92133759987098
16.949622395833305	136.92133759987098
17.049622395833307	136.92133759987098
17.14962239583331	136.92133759987098
17.24962239583331	136.92133759987098
17.34962239583331	136.92133759987098
17.449622395833313	136.92133759987098
17.549622395833314	136.92133759987098
17.649622395833315	136.92133759987098
17.749622395833317	136.92133759987098
17.849622395833318	136.92133759987098
17.94962239583332	136.92133759987098
18.04962239583332	136.92133759987098
18.149622395833322	136.92133759987098
18.249622395833324	136.92133759987098
18.349622395833325	136.92133759987098
18.449622395833327	136.92133759987098
18.549622395833328	136.92133759987098
18.64962239583333	136.92133759987098
18.74962239583333	136.92133759987098
18.849622395833332	136.92133759987098
18.949622395833334	136.92133759987098
19.049622395833335	136.92133759987098
19.149622395833337	136.92133759987098
19.249622395833338	136.92133759987098
19.34962239583334	136.92133759987098
19.44962239583334	136.92133759987098
19.549622395833342	136.92133759987098
19.649622395833344	136.92133759987098
19.749622395833345	136.92133759987098
19.849622395833347	136.92133759987098
19.949622395833348	136.92133759987098
20.04962239583335	136.92133759987098
20.14962239583335	136.92133759987098
20.249622395833352	136.92133759987098
20.349622395833354	136.92133759987098
20.449622395833355	136.92133759987098
20.549622395833357	136.92133759987098
20.649622395833358	136.92133759987098
20.74962239583336	136.92133759987098
20.84962239583336	136.92133759987098
20.949622395833362	136.92133759987098
21.049622395833364	136.92133759987098
21.149622395833365	136.92133759987098
21.249622395833367	136.92133759987098
21.349622395833368	136.92133759987098
21.44962239583337	136.92133759987098
21.54962239583337	136.92133759987098
21.649622395833372	136.92133759987098
21.749622395833374	136.92133759987098
21.849622395833375	136.92133759987098
21.949622395833376	136.92133759987098
22.049622395833378	136.92133759987098
22.14962239583338	136.92133759987098
22.24962239583338	136.92133759987098
22.349622395833382	136.92133759987098
22.449622395833384	136.92133759987098
22.549622395833385	136.92133759987098
22.649622395833386	136.92133759987098
22.749622395833388	136.92133759987098
22.84962239583339	136.92133759987098
22.94962239583339	136.92133759987098
23.049622395833392	136.92133759987098
23.149622395833394	136.92133759987098
23.249622395833395	136.92133759987098
23.349622395833396	136.92133759987098
23.449622395833398	136.92133759987098
23.5496223958334	136.92133759987098
23.6496223958334	136.92133759987098
23.749622395833402	136.92133759987098
23.849622395833403	136.92133759987098
23.949622395833405	136.92133759987098
24.049622395833406	136.92133759987098
24.149622395833408	136.92240523389668
24.24962239583341	137.01386761943806
24.34962239583341	137.11228795176876
24.449622395833412	137.21070915266282
24.549622395833413	137.30912906444107
24.649622395833415	137.40754927638082
24.749622395833416	137.5059694883204
24.849622395833418	137.6043897002598
24.94962239583342	137.70281081685678
25.04962239583342	137.80122871342536
25.149622395833422	137.89964907840394
25.228412438625206	137.97659778154494
1000025.2284124386	137.97659778154494
