-100000	0
0	0
0.0033333333333333335	0.0231431911064889
0.008333333333333333	0.05844661029171986
0.01583333333333333	0.11246239477496833
0.02708333333333333	0.19523162050154064
0.043958333333333335	0.3223573152942433
0.06927083333333334	0.5182397901545677
0.10723958333333333	0.8210085374280337
0.16419270833333333	1.2905153350128387
0.24962239583333334	2.020855450150006
0.3496223958333333	2.9060538496236124
0.4496223958333333	3.8166227539323745
0.5496223958333333	4.747527730441674
0.6496223958333333	5.695268731209521
0.7496223958333332	6.657159140666516
0.8496223958333332	7.630992870203905
0.9496223958333332	8.61502995960058
1.0496223958333333	9.60780228927352
1.1496223958333334	10.607935862690704
1.2496223958333335	11.61292830360001
1.3496223958333335	12.622070453340847
1.4496223958333336	13.635482358028403
1.5496223958333337	14.653197672868949
1.6496223958333338	15.67532129542584
1.749622395833334	16.701946457668008
1.849622395833334	17.733143308025102
1.949622395833334	18.768945720677852
2.049622395833334	19.809382761132056
2.149622395833334	20.854511663028084
2.249622395833334	21.904182289181033
2.349622395833334	22.95840386906127
2.4496223958333343	24.01723205697852
2.5496223958333344	25.08045691798964
2.6496223958333345	26.14814820175625
2.7496223958333346	27.2204518634182
2.8496223958333347	28.297120529798455
2.9496223958333347	29.37806198222572
3.049622395833335	30.463195304063827
3.149622395833335	31.552602558454225
3.249622395833335	32.646012996807634
3.349622395833335	33.743481337305234
3.449622395833335	34.84481705887324
3.5496223958333353	35.94983315227584
3.6496223958333354	37.05843972051682
3.7496223958333355	38.17061009587431
3.8496223958333355	39.286219701958025
3.9496223958333356	40.40513047628646
4.049622395833335	41.52722856428245
4.149622395833335	42.65239956551967
4.249622395833335	43.780543591315976
4.349622395833334	44.91151474695477
4.449622395833334	46.0452098159431
4.5496223958333335	47.18144394321913
4.649622395833333	48.320247007194595
4.749622395833333	49.46145323204993
4.849622395833332	50.60493280502134
4.949622395833332	51.75059782490388
5.049622395833332	52.89834971242397
5.149622395833331	54.048026378653084
5.249622395833331	55.199577602566784
5.349622395833331	56.35291210679961
5.44962239583333	57.50795055684732
5.54962239583333	58.66455755953227
5.64962239583333	59.822647361863105
5.749622395833329	60.98214857732955
5.849622395833329	62.14296625444893
5.9496223958333285	63.30504413523208
6.049622395833328	64.46829161184559
6.149622395833328	65.63259104189642
6.2496223958333275	66.79787561553758
6.349622395833327	67.96404711061624
6.449622395833327	69.13104054141995
6.549622395833326	70.29888128729972
6.649622395833326	71.46731199898444
6.749622395833326	72.636491851172
6.849622395833325	73.80624000730822
6.949622395833325	74.97664724022495
7.049622395833325	76.14759270433139
7.149622395833324	77.31899894516177
7.249622395833324	78.49081060933167
7.3496223958333236	79.66296252717015
7.449622395833323	80.8354376016529
7.549622395833323	82.00818229315388
7.6496223958333225	83.18114688234935
7.749622395833322	84.3542067329652
7.849622395833322	85.52747230278753
7.949622395833321	86.70094829431393
8.049622395833321	87.87448560449752
8.14962239583332	89.0481143630152
8.24962239583332	90.2218532015674
8.34962239583332	91.39565418398692
8.44962239583332	92.56945869469396
8.54962239583332	93.7432607155167
8.649622395833319	94.9170319013822
8.749622395833319	96.09074632004368
8.849622395833318	97.26441014192305
8.949622395833318	98.4380641865838
9.049622395833318	99.61171566309177
9.149622395833317	100.7853645714471
9.249622395833317	101.95901091165011
9.349622395833316	103.1326546837007
9.449622395833316	104.30629590372737
9.549622395833316	105.47993591073364
9.649622395833315	106.65357591073352
9.749622395833315	107.82721591073347
9.849622395833315	109.00085591073349
9.949622395833314	110.1744959107335
10.049622395833314	111.3481359107333
10.149622395833314	112.52177591073342
10.249622395833313	113.69541591073347
10.349622395833313	114.86905591073334
10.449622395833313	116.04269591073329
10.549622395833312	117.21633591073328
10.649622395833312	118.3899759107332
10.749622395833311	119.5636159107335
10.849622395833311	120.73725591073337
10.94962239583331	121.9108959107334
11.04962239583331	123.08453591073325
11.14962239583331	124.25817591073304
11.24962239583331	125.26327678677502
11.34962239583331	126.24007678677508
11.449622395833309	127.21687678677503
11.549622395833309	128.19367678677494
11.649622395833308	129.17047678677503
11.749622395833308	130.1472767867748
11.849622395833308	131.12407678677505
11.949622395833307	132.10087678677507
12.049622395833307	133.1071650159417
12.149622395833306	134.11356501594156
12.249622395833306	135.1199650159414
12.349622395833306	136.12636501594147
12.449622395833305	137.13276501594135
12.549622395833305	138.13916501594136
12.649622395833305	138.2436052242751
12.749622395833304	138.2436052242751
12.849622395833304	138.2436052242751
12.949622395833304	138.2436052242751
13.049622395833303	138.2436052242751
13.149622395833303	138.2436052242751
13.249622395833303	138.2436052242751
13.349622395833302	138.2436052242751
13.449622395833302	138.2436052242751
13.549622395833302	138.2436052242751
13.649622395833301	138.2436052242751
13.7496223958333	138.2436052242751
13.8496223958333	138.2436052242751
13.9496223958333	138.2436052242751
14.0496223958333	138.2436052242751
14.1496223958333	138.2436052242751
14.249622395833299	138.2436052242751
14.349622395833299	138.2436052242751
14.449622395833298	138.2436052242751
14.549622395833298	138.2436052242751
14.649622395833298	138.2436052242751
14.749622395833297	138.2436052242751
14.849622395833297	138.2436052242751
14.949622395833297	138.2436052242751
15.049622395833296	138.2436052242751
15.149622395833296	138.2436052242751
15.249622395833295	138.2436052242751
15.349622395833295	138.2436052242751
15.449622395833295	138.2436052242751
15.549622395833294	138.2436052242751
15.649622395833294	138.2436052242751
15.749622395833294	138.2436052242751
15.849622395833293	138.2436052242751
15.949622395833293	138.2436052242751
16.049622395833293	138.2436052242751
16.149622395833294	138.2436052242751
16.249622395833295	138.2436052242751
16.349622395833297	138.2436052242751
16.4496223958333	138.2436052242751
16.5496223958333	138.2436052242751
16.6496223958333	138.2436052242751
16.749622395833303	138.2436052242751
16.849622395833304	138.2436052242751
16.949622395833305	138.2436052242751
17.049622395833307	138.2436052242751
17.14962239583331	138.2436052242751
17.24962239583331	138.2436052242751
17.34962239583331	138.2436052242751
17.449622395833313	138.2436052242751
17.549622395833314	138.2436052242751
17.649622395833315	138.2436052242751
17.749622395833317	138.2436052242751
17.849622395833318	138.2436052242751
17.94962239583332	138.2436052242751
18.04962239583332	138.2436052242751
18.149622395833322	138.2436052242751
18.249622395833324	138.2436052242751
18.349622395833325	138.2436052242751
18.449622395833327	138.2436052242751
18.549622395833328	138.2436052242751
18.64962239583333	138.2436052242751
18.74962239583333	138.2436052242751
18.849622395833332	138.2436052242751
18.949622395833334	138.2436052242751
19.049622395833335	138.2436052242751
19.149622395833337	138.2436052242751
19.249622395833338	138.2436052242751
19.34962239583334	138.2436052242751
19.44962239583334	138.2436052242751
19.549622395833342	138.2436052242751
19.649622395833344	138.2436052242751
19.749622395833345	138.2436052242751
19.849622395833347	138.2436052242751
19.949622395833348	138.2436052242751
20.04962239583335	138.2436052242751
20.14962239583335	138.2436052242751
20.249622395833352	138.2436052242751
20.349622395833354	138.2436052242751
20.449622395833355	138.2436052242751
20.549622395833357	138.2436052242751
20.649622395833358	138.2436052242751
20.74962239583336	138.2436052242751
20.84962239583336	138.2436052242751
20.949622395833362	138.2436052242751
21.049622395833364	138.2436052242751
21.149622395833365	138.2436052242751
21.249622395833367	138.2436052242751
21.349622395833368	138.2436052242751
21.44962239583337	138.2436052242751
21.54962239583337	138.2436052242751
21.649622395833372	138.2436052242751
21.749622395833374	138.2436052242751
21.849622395833375	138.2436052242751
21.949622395833376	138.2436052242751
22.049622395833378	138.2436052242751
22.14962239583338	138.2436052242751
22.24962239583338	138.2436052242751
22.349622395833382	138.2436052242751
22.449622395833384	138.2436052242751
22.549622395833385	138.2436052242751
22.649622395833386	138.2436052242751
22.749622395833388	138.2436052242751
22.84962239583339	138.2436052242751
22.94962239583339	138.2436052242751
23.049622395833392	138.2436052242751
23.149622395833394	138.2436052242751
23.249622395833395	138.2436052242751
23.349622395833396	138.2436052242751
23.449622395833398	138.2436052242751
23.5496223958334	138.2436052242751
23.6496223958334	138.2436052242751
23.749622395833402	138.2436052242751
23.849622395833403	138.2436052242751
23.949622395833405	138.2436052242751
24.049622395833406	138.2436052242751
24.149622395833408	138.26471409418946
24.24962239583341	138.36313409418955
24.34962239583341	138.46155409418975
24.449622395833412	138.5599740941896
24.549622395833413	138.6583940941892
24.649622395833415	138.75681409418982
24.749622395833416	138.85523409418974
24.849622395833418	138.95365409418943
24.94962239583342	139.05207409418966
25.04962239583342	139.15049409418916
25.149622395833422	139.24891409418933
25.22962356792144	139.32705525103188
1000025.2296235679	139.32705525103188
