-100000	0
0	0
0.0033333333333333335	0.02408333902004325
0.008333333333333333	0.060823815452002605
0.01583333333333333	0.116991724271775
0.02708333333333333	0.20300062109061068
0.043958333333333335	0.33498124610478003
0.06927083333333334	0.5380871305811173
0.10723958333333333	0.8516303534448417
0.16419270833333333	1.337232312207507
0.24962239583333334	2.091572888957636
0.3496223958333333	3.0045256359364196
0.4496223958333333	3.942544993684266
0.5496223958333333	4.900599502142319
0.6496223958333333	5.875165833116644
0.7496223958333332	6.863546894862327
0.8496223958333332	7.863611210850474
0.9496223958333332	8.87350484760757
1.0496223958333333	9.891772191350674
1.1496223958333334	10.917083356169497
1.2496223958333335	11.946845236439913
1.3496223958333335	12.980262596200953
1.4496223958333336	14.01744184124169
1.5496223958333337	15.058367215281496
1.6496223958333338	16.103115696086164
1.749622395833334	17.151760859801794
1.849622395833334	18.204333832841073
1.949622395833334	19.260899574944336
2.049622395833334	20.32144810794568
2.149622395833334	21.386028445331387
2.249622395833334	22.454544020126573
2.349622395833334	23.52705521911841
2.4496223958333343	24.60346181211031
2.5496223958333344	25.68362260646931
2.6496223958333345	26.76761676588397
2.7496223958333346	27.855538119523196
2.8496223958333347	28.94720934875329
2.9496223958333347	30.042567714861534
3.049622395833335	31.14150129866406
3.149622395833335	32.24404433410918
3.249622395833335	33.350012545486265
3.349622395833335	34.4594488976877
3.449622395833335	35.57219746512495
3.5496223958333353	36.68807481481234
3.6496223958333354	37.80695314255613
3.7496223958333355	38.92892102768689
3.8496223958333355	40.053844623346386
3.9496223958333356	41.18158149808253
4.049622395833335	42.31203320043149
4.149622395833335	43.445100910246495
4.249622395833335	44.58069714951792
4.349622395833334	45.71869496519166
4.449622395833334	46.859013155365986
4.5496223958333335	48.00144318433275
4.649622395833333	49.146074017149054
4.749622395833333	50.29275016821164
4.849622395833332	51.44135062984342
4.949622395833332	52.59179784285777
5.049622395833332	53.74402709455552
5.149622395833331	54.89793901737182
5.249622395833331	56.05335882178896
5.349622395833331	57.21016265235703
5.44962239583333	58.368480255251185
5.54962239583333	59.52810557940356
5.64962239583333	60.689010924453584
5.749622395833329	61.85112872021691
5.849622395833329	63.0143263483858
5.9496223958333285	64.17858876127174
6.049622395833328	65.34381345569602
6.149622395833328	66.50985386811206
6.2496223958333275	67.67668614951768
6.349622395833327	68.84432008275768
6.449622395833327	70.01260387060967
6.549622395833326	71.18162068597192
6.649622395833326	72.35119634320391
6.749622395833326	73.5213203728461
6.849622395833325	74.69192908085066
6.949622395833325	75.8630202509816
7.049622395833325	77.03455013023236
7.149622395833324	78.20645839033733
7.249622395833324	79.37868504452615
7.3496223958333236	80.55119449057024
7.449622395833323	81.72396761108295
7.549622395833323	82.89694942218661
7.6496223958333225	84.07012760044755
7.749622395833322	85.24342981499119
7.849622395833322	86.4168529958778
7.949622395833321	87.5904299528408
8.049622395833321	88.7640679459423
8.14962239583332	89.93776307854665
8.24962239583332	91.11153648928945
8.34962239583332	92.28533141620596
8.44962239583332	93.4591261789593
8.54962239583332	94.63291892043866
8.649622395833319	95.80669005286
8.749622395833319	96.9804068037786
8.849622395833318	98.15407137267512
8.949622395833318	99.32772425602232
9.049622395833318	100.50137457121674
9.149622395833317	101.67502231825888
9.249622395833317	102.84866749714809
9.349622395833316	104.02231010788495
9.449622395833316	105.19595047208303
9.549622395833316	106.36959047223445
9.649622395833315	107.5432304723855
9.749622395833315	108.71687047215437
9.849622395833315	109.8905104720437
9.949622395833314	111.06415047205874
10.049622395833314	112.23779047215577
10.149622395833314	113.41143047215402
10.249622395833313	114.58507047215231
10.349622395833313	115.75871047215085
10.449622395833313	116.93235047214932
10.549622395833312	118.10599047214752
10.649622395833312	119.27963047214588
10.749622395833311	120.45327047214448
10.849622395833311	121.62691047214302
10.94962239583331	122.80055047235008
11.04962239583331	123.97419047193952
11.14962239583331	125.14783047206707
11.24962239583331	126.15293134861184
11.34962239583331	127.12973134867286
11.449622395833309	128.106531348734
11.549622395833309	129.08333134879507
11.649622395833308	130.06013134885626
11.749622395833308	131.0369313487374
11.849622395833308	132.01373134864843
11.949622395833307	132.9905313488673
12.049622395833307	133.9968195776982
12.149622395833306	135.0032195776522
12.249622395833306	136.00961957781186
12.349622395833306	137.01601957780036
12.449622395833305	138.02241957778878
12.549622395833305	139.02881957773755
12.649622395833305	139.13325978619525
12.749622395833304	139.13325978619525
12.849622395833304	139.13325978619525
12.949622395833304	139.13325978619525
13.049622395833303	139.13325978619525
13.149622395833303	139.13325978619525
13.249622395833303	139.13325978619525
13.349622395833302	139.13325978619525
13.449622395833302	139.13325978619525
13.549622395833302	139.13325978619525
13.649622395833301	139.13325978619525
13.7496223958333	139.13325978619525
13.8496223958333	139.13325978619525
13.9496223958333	139.13325978619525
14.0496223958333	139.13325978619525
14.1496223958333	139.13325978619525
14.249622395833299	139.13325978619525
14.349622395833299	139.13325978619525
14.449622395833298	139.13325978619525
14.549622395833298	139.13325978619525
14.649622395833298	139.13325978619525
14.749622395833297	139.13325978619525
14.849622395833297	139.13325978619525
14.949622395833297	139.13325978619525
15.049622395833296	139.13325978619525
15.149622395833296	139.13325978619525
15.249622395833295	139.13325978619525
15.349622395833295	139.13325978619525
15.449622395833295	139.13325978619525
15.549622395833294	139.13325978619525
15.649622395833294	139.13325978619525
15.749622395833294	139.13325978619525
15.849622395833293	139.13325978619525
15.949622395833293	139.13325978619525
16.049622395833293	139.13325978619525
16.149622395833294	139.13325978619525
16.249622395833295	139.13325978619525
16.349622395833297	139.13325978619525
16.4496223958333	139.13325978619525
16.5496223958333	139.13325978619525
16.6496223958333	139.13325978619525
16.749622395833303	139.13325978619525
16.849622395833304	139.13325978619525
16.949622395833305	139.13325978619525
17.049622395833307	139.13325978619525
17.14962239583331	139.13325978619525
17.24962239583331	139.13325978619525
17.34962239583331	139.13325978619525
17.449622395833313	139.13325978619525
17.549622395833314	139.13325978619525
17.649622395833315	139.13325978619525
17.749622395833317	139.13325978619525
17.849622395833318	139.13325978619525
17.94962239583332	139.13325978619525
18.04962239583332	139.13325978619525
18.149622395833322	139.13325978619525
18.249622395833324	139.13325978619525
18.349622395833325	139.13325978619525
18.449622395833327	139.13325978619525
18.549622395833328	139.13325978619525
18.64962239583333	139.13325978619525
18.74962239583333	139.13325978619525
18.849622395833332	139.13325978619525
18.949622395833334	139.13325978619525
19.049622395833335	139.13325978619525
19.149622395833337	139.13325978619525
19.249622395833338	139.13325978619525
19.34962239583334	139.13325978619525
19.44962239583334	139.13325978619525
19.549622395833342	139.13325978619525
19.649622395833344	139.13325978619525
19.749622395833345	139.13325978619525
19.849622395833347	139.13325978619525
19.949622395833348	139.13325978619525
20.04962239583335	139.13325978619525
20.14962239583335	139.13325978619525
20.249622395833352	139.13325978619525
20.349622395833354	139.13325978619525
20.449622395833355	139.13325978619525
20.549622395833357	139.13325978619525
20.649622395833358	139.13325978619525
20.74962239583336	139.13325978619525
20.84962239583336	139.13325978619525
20.949622395833362	139.13325978619525
21.049622395833364	139.13325978619525
21.149622395833365	139.13325978619525
21.249622395833367	139.13325978619525
21.349622395833368	139.13325978619525
21.44962239583337	139.13325978619525
21.54962239583337	139.13325978619525
21.649622395833372	139.13325978619525
21.749622395833374	139.13325978619525
21.849622395833375	139.13325978619525
21.949622395833376	139.13325978619525
22.049622395833378	139.13325978619525
22.14962239583338	139.13325978619525
22.24962239583338	139.13325978619525
22.349622395833382	139.13325978619525
22.449622395833384	139.13325978619525
22.549622395833385	139.13325978619525
22.649622395833386	139.13325978619525
22.749622395833388	139.13325978619525
22.84962239583339	139.13325978619525
22.94962239583339	139.13325978619525
23.049622395833392	139.13325978619525
23.149622395833394	139.13325978619525
23.249622395833395	139.13325978619525
23.349622395833396	139.13325978619525
23.449622395833398	139.13325978619525
23.5496223958334	139.13325978619525
23.6496223958334	139.13325978619525
23.749622395833402	139.13325978619525
23.849622395833403	139.13325978619525
23.949622395833405	139.13325978619525
24.049622395833406	139.13325978619525
24.149622395833408	139.18089523730157
24.24962239583341	139.27931523719298
24.34962239583341	139.37773523708512
24.449622395833412	139.47615523699986
24.549622395833413	139.57457523685284
24.649622395833415	139.67299523675175
24.749622395833416	139.7714152367525
24.849622395833418	139.8698352367536
24.94962239583342	139.96825523697865
25.04962239583342	140.0666752370189
25.149622395833422	140.1650952368724
25.23	140.24414529959193
1000025.23	140.24414529959193
