-100000	0
0	0
0.0033333333333333335	0.025012531827605433
0.008333333333333333	0.06318079149093812
0.01583333333333333	0.12146632227272933
0.02708333333333333	0.21066414700065617
0.043958333333333335	0.3474073424944644
0.06927083333333334	0.5576216551658609
0.10723958333333333	0.8817205169792277
0.16419270833333333	1.3829897266060494
0.24962239583333334	2.160488003589034
0.3496223958333333	3.100159712809538
0.4496223958333333	4.064465777601095
0.5496223958333333	5.048364832803389
0.6496223958333333	6.0483950011503484
0.7496223958333332	7.061859454432974
0.8496223958333332	8.086562927869116
0.9496223958333332	9.120749059428746
1.0496223958333333	10.162909797994418
1.1496223958333334	11.211728322519686
1.2496223958333335	12.264567295218468
1.3496223958333335	13.32058581359461
1.4496223958333336	14.379859274284923
1.5496223958333337	15.442338527473776
1.6496223958333338	16.50812496827796
1.749622395833334	17.57718160340761
1.849622395833334	18.649586009711985
1.949622395833334	19.725416536992523
2.049622395833334	20.804551984931873
2.149622395833334	21.88707198637763
2.249622395833334	22.972977812144173
2.349622395833334	24.062317767870276
2.4496223958333343	25.154926355001145
2.5496223958333344	26.250726540211584
2.6496223958333345	27.34977069680011
2.7496223958333346	28.452086173423666
2.8496223958333347	29.557552691424917
2.9496223958333347	30.66610569481397
3.049622395833335	31.777660644975338
3.149622395833335	32.89222545285872
3.249622395833335	34.009642803050404
3.349622395833335	35.130023328369184
3.449622395833335	36.253211849402945
3.5496223958333353	37.37905831478145
3.6496223958333354	38.50753273419386
3.7496223958333355	39.63850107740557
3.8496223958333355	40.77191369106878
3.9496223958333356	41.90768294943123
4.049622395833335	43.04572504914536
4.149622395833335	44.18595742082974
4.249622395833335	45.328299222987745
4.349622395833334	46.47265147681376
4.449622395833334	47.61895398560958
4.5496223958333335	48.767072028445874
4.649622395833333	49.91693684593689
4.749622395833333	51.06852799592116
4.849622395833332	52.22172984848019
4.949622395833332	53.37648252833618
5.049622395833332	54.5326498890324
5.149622395833331	55.69022177974417
5.249622395833331	56.849083331615596
5.349622395833331	58.009206658664304
5.44962239583333	59.17048476903771
5.54962239583333	60.33288590239413
5.64962239583333	61.496313734572226
5.749622395833329	62.660707218674816
5.849622395833329	63.82599816302405
5.9496223958333285	64.99208969545721
6.049622395833328	66.15897613630679
6.149622395833328	67.32657963052321
6.2496223958333275	68.49490583453174
6.349622395833327	69.66382324168087
6.449622395833327	70.83333814443695
6.549622395833326	72.00336932093873
6.649622395833326	73.17389357712149
6.749622395833326	74.34485593125434
6.849622395833325	75.51621839365197
6.949622395833325	76.68794667496707
7.049622395833325	77.85999755610304
7.149622395833324	79.03233418283678
7.249622395833324	80.20493728081333
7.3496223958333236	81.37770321480028
7.449622395833323	82.5506835692852
7.549622395833323	83.72383476246682
7.6496223958333225	84.89712979657149
7.749622395833322	86.0705300680008
7.849622395833322	87.24405365333396
7.949622395833321	88.41768422509499
8.049622395833321	89.59137324641952
8.14962239583332	90.76511660170794
8.24962239583332	91.93888544682466
8.34962239583332	93.11265584340593
8.44962239583332	94.28642737922668
8.54962239583332	95.46020628060275
8.649622395833319	96.63397443140785
8.749622395833319	97.80769328328263
8.849622395833318	98.98135866073764
8.949622395833318	100.15501045379767
9.049622395833318	101.32865967870524
9.149622395833317	102.5023063354602
9.249622395833317	103.67595042406249
9.349622395833316	104.8495921749448
9.449622395833316	106.02323159098168
9.549622395833316	107.19687173452107
9.649622395833315	108.37051187806004
9.749622395833315	109.54415105650016
9.849622395833315	110.71779146409591
9.949622395833314	111.89143125426217
10.049622395833314	113.06507112495217
10.149622395833314	114.23871151693922
10.249622395833313	115.41235150613355
10.349622395833313	116.58599149532795
10.449622395833313	117.75963148452246
10.549622395833312	118.93327147371677
10.649622395833312	120.10691146291099
10.749622395833311	121.28055145210541
10.849622395833311	122.45419165455677
10.94962239583331	123.62783118197454
11.04962239583331	124.80147123953179
11.14962239583331	125.97511129708913
11.24962239583331	126.98021232393195
11.34962239583331	127.9570123938349
11.449622395833309	128.93381246373792
11.549622395833309	129.9106125336407
11.649622395833308	130.88741262529447
11.749622395833308	131.86421244649685
11.849622395833308	132.84101232965847
11.949622395833307	133.81781256214663
12.049622395833307	134.82410031774364
12.149622395833306	135.83050026355036
12.249622395833306	136.83690044157626
12.349622395833306	137.84330041790815
12.449622395833305	138.8497003942399
12.549622395833305	139.85610032679296
12.649622395833305	139.9605413911778
12.749622395833304	139.9605413911778
12.849622395833304	139.9605413911778
12.949622395833304	139.9605413911778
13.049622395833303	139.9605413911778
13.149622395833303	139.9605413911778
13.249622395833303	139.9605413911778
13.349622395833302	139.9605413911778
13.449622395833302	139.9605413911778
13.549622395833302	139.9605413911778
13.649622395833301	139.9605413911778
13.7496223958333	139.9605413911778
13.8496223958333	139.9605413911778
13.9496223958333	139.9605413911778
14.0496223958333	139.9605413911778
14.1496223958333	139.9605413911778
14.249622395833299	139.9605413911778
14.349622395833299	139.9605413911778
14.449622395833298	139.9605413911778
14.549622395833298	139.9605413911778
14.649622395833298	139.9605413911778
14.749622395833297	139.9605413911778
14.849622395833297	139.9605413911778
14.949622395833297	139.9605413911778
15.049622395833296	139.9605413911778
15.149622395833296	139.9605413911778
15.249622395833295	139.9605413911778
15.349622395833295	139.9605413911778
15.449622395833295	139.9605413911778
15.549622395833294	139.9605413911778
15.649622395833294	139.9605413911778
15.749622395833294	139.9605413911778
15.849622395833293	139.9605413911778
15.949622395833293	139.9605413911778
16.049622395833293	139.9605413911778
16.149622395833294	139.9605413911778
16.249622395833295	139.9605413911778
16.349622395833297	139.9605413911778
16.4496223958333	139.9605413911778
16.5496223958333	139.9605413911778
16.6496223958333	139.9605413911778
16.749622395833303	139.9605413911778
16.849622395833304	139.9605413911778
16.949622395833305	139.9605413911778
17.049622395833307	139.9605413911778
17.14962239583331	139.9605413911778
17.24962239583331	139.9605413911778
17.34962239583331	139.9605413911778
17.449622395833313	139.9605413911778
17.549622395833314	139.9605413911778
17.649622395833315	139.9605413911778
17.749622395833317	139.9605413911778
17.849622395833318	139.9605413911778
17.94962239583332	139.9605413911778
18.04962239583332	139.9605413911778
18.149622395833322	139.9605413911778
18.249622395833324	139.9605413911778
18.349622395833325	139.9605413911778
18.449622395833327	139.9605413911778
18.549622395833328	139.9605413911778
18.64962239583333	139.9605413911778
18.74962239583333	139.9605413911778
18.849622395833332	139.9605413911778
18.949622395833334	139.9605413911778
19.049622395833335	139.9605413911778
19.149622395833337	139.9605413911778
19.249622395833338	139.9605413911778
19.34962239583334	139.9605413911778
19.44962239583334	139.9605413911778
19.549622395833342	139.9605413911778
19.649622395833344	139.9605413911778
19.749622395833345	139.9605413911778
19.849622395833347	139.9605413911778
19.949622395833348	139.9605413911778
20.04962239583335	139.9605413911778
20.14962239583335	139.9605413911778
20.249622395833352	139.9605413911778
20.349622395833354	139.9605413911778
20.449622395833355	139.9605413911778
20.549622395833357	139.9605413911778
20.649622395833358	139.9605413911778
20.74962239583336	139.9605413911778
20.84962239583336	139.9605413911778
20.949622395833362	139.9605413911778
21.049622395833364	139.9605413911778
21.149622395833365	139.9605413911778
21.249622395833367	139.9605413911778
21.349622395833368	139.9605413911778
21.44962239583337	139.9605413911778
21.54962239583337	139.9605413911778
21.649622395833372	139.9605413911778
21.749622395833374	139.9605413911778
21.849622395833375	139.9605413911778
21.949622395833376	139.9605413911778
22.049622395833378	139.9605413911778
22.14962239583338	139.9605413911778
22.24962239583338	139.9605413911778
22.349622395833382	139.9605413911778
22.449622395833384	139.9605413911778
22.549622395833385	139.9605413911778
22.649622395833386	139.9605413911778
22.749622395833388	139.9605413911778
22.84962239583339	139.9605413911778
22.94962239583339	139.9605413911778
23.049622395833392	139.9605413911778
23.149622395833394	139.9605413911778
23.249622395833395	139.9605413911778
23.349622395833396	139.9605413911778
23.449622395833398	139.9605413911778
23.5496223958334	139.9605413911778
23.6496223958334	139.9605413911778
23.749622395833402	139.9605413911778
23.849622395833403	139.9605413911778
23.949622395833405	139.9605413911778
24.049622395833406	139.9605413911778
24.149622395833408	140.0344765561336
24.24962239583341	140.1328964410918
24.34962239583341	140.23131638500803
24.449622395833412	140.32973647389292
24.549622395833413	140.4281566962456
24.649622395833415	140.52657667668646
24.749622395833416	140.6249967484169
24.849622395833418	140.72341661866074
24.94962239583342	140.82183645680678
25.04962239583342	140.92025633875522
25.149622395833422	141.0186765153367
25.23	141.09778400190788
1000025.23	141.09778400190788
