-100000	0
0	0
0.0033333333333333335	0.025929988078224823
0.008333333333333333	0.06549797846370115
0.01583333333333333	0.12586758877806012
0.02708333333333333	0.2181886017720777
0.043958333333333335	0.35958752295325985
0.06927083333333334	0.5767183883206527
0.10723958333333333	0.9110818208738474
0.16419270833333333	1.4275169095377924
0.24962239583333334	2.227306877874115
0.3496223958333333	3.192505769140093
0.4496223958333333	4.181787664501482
0.5496223958333333	5.190170266662406
0.6496223958333333	6.214183995217036
0.7496223958333332	7.25116658557808
0.8496223958333332	8.298931642700568
0.9496223958333332	9.355734447750494
1.0496223958333333	10.42006431048273
1.1496223958333334	11.49059684690421
1.2496223958333335	12.564717688578007
1.3496223958333335	13.641591199799928
1.4496223958333336	14.721246210036119
1.5496223958333337	15.803615402896094
1.6496223958333338	16.88871500991965
1.749622395833334	17.976561272130976
1.849622395833334	19.067211371709302
1.949622395833334	20.1607056380868
2.049622395833334	21.256937039886107
2.149622395833334	22.355940007042133
2.249622395833334	23.45779794223296
2.349622395833334	24.562493200751337
2.4496223958333343	25.669922024428807
2.5496223958333344	26.780103335365265
2.6496223958333345	27.892975491755003
2.7496223958333346	29.008469344450116
2.8496223958333347	30.12660289546971
2.9496223958333347	31.247245838784462
3.049622395833335	32.37038096266921
3.149622395833335	33.49600109981545
3.249622395833335	34.62402289099562
3.349622395833335	35.7543312945611
3.449622395833335	36.8868481062328
3.5496223958333353	38.02165289137493
3.6496223958333354	39.15864202452109
3.7496223958333355	40.29768419317391
3.8496223958333355	41.43874090265727
3.9496223958333356	42.58173264023202
4.049622395833335	43.72658952385515
4.149622395833335	44.87324199969969
4.249622395833335	46.021622124945516
4.349622395833334	47.17164325899462
4.449622395833334	48.323225636839084
4.5496223958333335	49.476261832612266
4.649622395833333	50.63079390644998
4.749622395833333	51.7867369746229
4.849622395833332	52.943992697559594
4.949622395833332	54.10249416659765
5.049622395833332	55.26217347382711
5.149622395833331	56.42298442529079
5.249622395833331	57.584863699299724
5.349622395833331	58.747750720933794
5.44962239583333	59.91158131240094
5.54962239583333	61.07631690785092
5.64962239583333	62.24188026976271
5.749622395833329	63.40822130531329
5.849622395833329	64.57527493969825
5.9496223958333285	65.74297886171821
6.049622395833328	66.91133039393976
6.149622395833328	68.08027827121009
6.2496223958333275	69.24975877061668
6.349622395833327	70.4197319799136
6.449622395833327	71.59017818861365
6.549622395833326	72.7610299403253
6.649622395833326	73.93227844603143
6.749622395833326	75.10386083560407
6.849622395833325	76.27577018058074
6.949622395833325	77.44795062317027
7.049622395833325	78.62039204409473
7.149622395833324	79.79305567520196
7.249622395833324	80.96592291782468
7.3496223958333236	82.13887244507578
7.449622395833323	83.31197662626883
7.549622395833323	84.48520572850136
7.6496223958333225	85.6585696173175
7.749622395833322	86.83198628895468
7.849622395833322	88.00551098672638
7.949622395833321	89.17914507671125
8.049622395833321	90.35283848217655
8.14962239583332	91.52656736610176
8.24962239583332	92.70029893300354
8.34962239583332	93.87403696319437
8.44962239583332	95.04778679907012
8.54962239583332	96.2215493531378
8.649622395833319	97.39531146934019
8.749622395833319	98.56903293056592
8.849622395833318	99.74269969548395
8.949622395833318	100.9163502399393
9.049622395833318	102.08999821624248
9.149622395833317	103.26364362439291
9.249622395833317	104.437286464391
9.349622395833316	105.61092703710234
9.449622395833316	106.7845670133518
9.549622395833316	107.95820698960134
9.649622395833315	109.13184696585095
9.749622395833315	110.30548704097764
9.849622395833315	111.47912701910028
9.949622395833314	112.6527670343917
10.049622395833314	113.8264070172385
10.149622395833314	115.00004700044917
10.249622395833313	116.17368700055556
10.349622395833313	117.34732700066203
10.449622395833313	118.5209670007686
10.549622395833312	119.69460700087517
10.649622395833312	120.86824700098147
10.749622395833311	122.04188696583354
10.849622395833311	123.21552704226623
10.94962239583331	124.38916703543178
11.04962239583331	125.56280702859777
11.14962239583331	126.73644702176321
11.24962239583331	127.74154790157974
11.34962239583331	128.71834788706036
11.449622395833309	129.69514787254036
11.549622395833309	130.6719478580205
11.649622395833308	131.64874788508283
11.749622395833308	132.6255478674856
11.849622395833308	133.6023478830116
11.949622395833307	134.5791478430848
12.049622395833307	135.5854361310854
12.149622395833306	136.5918361381998
12.249622395833306	137.59823610488357
12.349622395833306	138.60463610831522
12.449622395833305	139.61103614883103
12.549622395833305	140.61743612544342
12.649622395833305	140.7218762894749
12.749622395833304	140.7218762894749
12.849622395833304	140.7218762894749
12.949622395833304	140.7218762894749
13.049622395833303	140.7218762894749
13.149622395833303	140.7218762894749
13.249622395833303	140.7218762894749
13.349622395833302	140.7218762894749
13.449622395833302	140.7218762894749
13.549622395833302	140.7218762894749
13.649622395833301	140.7218762894749
13.7496223958333	140.7218762894749
13.8496223958333	140.7218762894749
13.9496223958333	140.7218762894749
14.0496223958333	140.7218762894749
14.1496223958333	140.7218762894749
14.249622395833299	140.7218762894749
14.349622395833299	140.7218762894749
14.449622395833298	140.7218762894749
14.549622395833298	140.7218762894749
14.649622395833298	140.7218762894749
14.749622395833297	140.7218762894749
14.849622395833297	140.7218762894749
14.949622395833297	140.7218762894749
15.049622395833296	140.7218762894749
15.149622395833296	140.7218762894749
15.249622395833295	140.7218762894749
15.349622395833295	140.7218762894749
15.449622395833295	140.7218762894749
15.549622395833294	140.7218762894749
15.649622395833294	140.7218762894749
15.749622395833294	140.7218762894749
15.849622395833293	140.7218762894749
15.949622395833293	140.7218762894749
16.049622395833293	140.7218762894749
16.149622395833294	140.7218762894749
16.249622395833295	140.7218762894749
16.349622395833297	140.7218762894749
16.4496223958333	140.7218762894749
16.5496223958333	140.7218762894749
16.6496223958333	140.7218762894749
16.749622395833303	140.7218762894749
16.849622395833304	140.7218762894749
16.949622395833305	140.7218762894749
17.049622395833307	140.7218762894749
17.14962239583331	140.7218762894749
17.24962239583331	140.7218762894749
17.34962239583331	140.7218762894749
17.449622395833313	140.7218762894749
17.549622395833314	140.7218762894749
17.649622395833315	140.7218762894749
17.749622395833317	140.7218762894749
17.849622395833318	140.7218762894749
17.94962239583332	140.7218762894749
18.04962239583332	140.7218762894749
18.149622395833322	140.7218762894749
18.249622395833324	140.7218762894749
18.349622395833325	140.7218762894749
18.449622395833327	140.7218762894749
18.549622395833328	140.7218762894749
18.64962239583333	140.7218762894749
18.74962239583333	140.7218762894749
18.849622395833332	140.7218762894749
18.949622395833334	140.7218762894749
19.049622395833335	140.7218762894749
19.149622395833337	140.7218762894749
19.249622395833338	140.7218762894749
19.34962239583334	140.7218762894749
19.44962239583334	140.7218762894749
19.549622395833342	140.7218762894749
19.649622395833344	140.7218762894749
19.749622395833345	140.7218762894749
19.849622395833347	140.7218762894749
19.949622395833348	140.7218762894749
20.04962239583335	140.7218762894749
20.14962239583335	140.7218762894749
20.249622395833352	140.7218762894749
20.349622395833354	140.7218762894749
20.449622395833355	140.7218762894749
20.549622395833357	140.7218762894749
20.649622395833358	140.7218762894749
20.74962239583336	140.7218762894749
20.84962239583336	140.7218762894749
20.949622395833362	140.7218762894749
21.049622395833364	140.7218762894749
21.149622395833365	140.7218762894749
21.249622395833367	140.7218762894749
21.349622395833368	140.7218762894749
21.44962239583337	140.7218762894749
21.54962239583337	140.7218762894749
21.649622395833372	140.7218762894749
21.749622395833374	140.7218762894749
21.849622395833375	140.7218762894749
21.949622395833376	140.7218762894749
22.049622395833378	140.7218762894749
22.14962239583338	140.7218762894749
22.24962239583338	140.7218762894749
22.349622395833382	140.7218762894749
22.449622395833384	140.7218762894749
22.549622395833385	140.7218762894749
22.649622395833386	140.7218762894749
22.749622395833388	140.7218762894749
22.84962239583339	140.7218762894749
22.94962239583339	140.7218762894749
23.049622395833392	140.7218762894749
23.149622395833394	140.7218762894749
23.249622395833395	140.7218762894749
23.349622395833396	140.7218762894749
23.449622395833398	140.7218762894749
23.5496223958334	140.7218762894749
23.6496223958334	140.7218762894749
23.749622395833402	140.7218762894749
23.849622395833403	140.7218762894749
23.949622395833405	140.7218762894749
24.049622395833406	140.72613400927762
24.149622395833408	140.82211177291694
24.24962239583341	140.92053177109372
24.34962239583341	141.0189517780807
24.449622395833412	141.11737175841125
24.549622395833413	141.21579173357625
24.649622395833415	141.3142117565126
24.749622395833416	141.4126317997172
24.849622395833418	141.5110518003774
24.94962239583342	141.60947180103847
25.04962239583342	141.70789179447078
25.149622395833422	141.80631176939104
25.23	141.88541941707086
1000025.23	141.88541941707086
