-100000	0
0	0
0.0033333333333333335	0.026830779429762364
0.008333333333333333	0.06777013109809227
0.01583333333333333	0.13018379782146153
0.02708333333333333	0.22555508984672107
0.043958333333333335	0.3714980419213336
0.06927083333333334	0.5953599945440683
0.10723958333333333	0.9396453758649548
0.16419270833333333	1.4706742589553328
0.24962239583333334	2.291829022838963
0.3496223958333333	3.2813147365812285
0.4496223958333333	4.2942067127728585
0.5496223958333333	5.325675094786788
0.6496223958333333	6.372207735104345
0.7496223958333332	7.431084726325365
0.8496223958333332	8.500267820940612
0.9496223958333332	9.577934323841282
1.0496223958333333	10.662620868080792
1.1496223958333334	11.753034178273985
1.2496223958333335	12.846597304697674
1.3496223958333335	13.942512387349984
1.4496223958333336	15.040760224142149
1.5496223958333337	16.14121725675675
1.6496223958333338	17.243873822926183
1.749622395833334	18.348788430737642
1.849622395833334	19.45599840448527
1.949622395833334	20.565539382338805
2.049622395833334	21.677280325213218
2.149622395833334	22.79125595962874
2.249622395833334	23.907556341509615
2.349622395833334	25.026179376251175
2.4496223958333343	26.14700090650961
2.5496223958333344	27.270016303861517
2.6496223958333345	28.3952213623431
2.7496223958333346	29.52255659719634
2.8496223958333347	30.65200478410147
2.9496223958333347	31.78349373399191
3.049622395833335	32.917021873962085
3.149622395833335	34.05252306904685
3.249622395833335	35.189959194364214
3.349622395833335	36.32926997453428
3.449622395833335	37.47038416929353
3.5496223958333353	38.61325354250675
3.6496223958333354	39.75784753128335
3.7496223958333355	40.90408951682527
3.8496223958333355	42.051955953424425
3.9496223958333356	43.20137284550455
4.049622395833335	44.35228320451249
4.149622395833335	45.50462860831361
4.249622395833335	46.65835587104136
4.349622395833334	47.81339145662312
4.449622395833334	48.969652733267154
4.5496223958333335	50.12711409059621
4.649622395833333	51.28575203776919
4.749622395833333	52.44551527618518
4.849622395833332	53.60632493888294
4.949622395833332	54.7680911578946
5.049622395833332	55.93080156066303
5.149622395833331	57.09444295161884
5.249622395833331	58.25891489236308
5.349622395833331	59.42420108585412
5.44962239583333	60.59022700334826
5.54962239583333	61.75691367373561
5.64962239583333	62.92427977871153
5.749622395833329	64.09225480397157
5.849622395833329	65.26076532371374
5.9496223958333285	66.42983076572624
6.049622395833328	67.59939722804519
6.149622395833328	68.76941210538386
6.2496223958333275	69.93989282039195
6.349622395833327	71.11072950301207
6.449622395833327	72.28193949182831
6.549622395833326	73.45346556013776
6.649622395833326	74.62529320702684
6.749622395833326	75.79738836781131
6.849622395833325	76.96972256198214
6.949622395833325	78.1422791140797
7.049622395833325	79.31502306388738
7.149622395833324	80.48793580740286
7.249622395833324	81.660994498442
7.3496223958333236	82.83414271769506
7.449622395833323	84.00738059996853
7.549622395833323	85.18071429395883
7.6496223958333225	86.35415581819841
7.749622395833322	87.52764031896118
7.849622395833322	88.70117733780582
7.949622395833321	89.87481402894265
8.049622395833321	91.0485008203086
8.14962239583332	92.22219700046179
8.24962239583332	93.39590385953696
8.34962239583332	94.56962299559896
8.44962239583332	95.74335480001807
8.54962239583332	96.91709927279372
8.649622395833319	98.0908518447971
8.749622395833319	99.26457469142531
8.849622395833318	100.43824298507067
8.949622395833318	101.61189230618366
9.049622395833318	102.78553905914418
9.149622395833317	103.95918324395217
9.249622395833317	105.13282458681381
9.349622395833316	106.30646518846284
9.449622395833316	107.48010509867743
9.549622395833316	108.65374500889243
9.649622395833315	109.8273849191071
9.749622395833315	111.00102519602521
9.849622395833315	112.17466507923967
9.949622395833314	113.3483051325074
10.049622395833314	114.52194522579246
10.149622395833314	115.69558537617357
10.249622395833313	116.8692249759898
10.349622395833313	118.0428649755755
10.449622395833313	119.21650497516174
10.549622395833312	120.3901449747477
10.649622395833312	121.56378484062857
10.749622395833311	122.73742514038966
10.849622395833311	123.91106512311913
10.94962239583331	125.08470510584914
11.04962239583331	126.25834508857872
11.14962239583331	127.43198507130863
11.24962239583331	128.43708590266715
11.34962239583331	129.41388583719038
11.449622395833309	130.39068577171366
11.549622395833309	131.36748570623712
11.649622395833308	132.3442858100729
11.749622395833308	133.32108573764253
11.849622395833308	134.29788579170432
11.949622395833307	135.27468563279612
12.049622395833307	136.28097404277847
12.149622395833306	137.28737406829006
12.249622395833306	138.29377392420335
12.349622395833306	139.3001739413812
12.449622395833305	140.30657411465043
12.549622395833305	141.31297402687306
12.649622395833305	141.4174145183718
12.749622395833304	141.4174145183718
12.849622395833304	141.4174145183718
12.949622395833304	141.4174145183718
13.049622395833303	141.4174145183718
13.149622395833303	141.4174145183718
13.249622395833303	141.4174145183718
13.349622395833302	141.4174145183718
13.449622395833302	141.4174145183718
13.549622395833302	141.4174145183718
13.649622395833301	141.4174145183718
13.7496223958333	141.4174145183718
13.8496223958333	141.4174145183718
13.9496223958333	141.4174145183718
14.0496223958333	141.4174145183718
14.1496223958333	141.4174145183718
14.249622395833299	141.4174145183718
14.349622395833299	141.4174145183718
14.449622395833298	141.4174145183718
14.549622395833298	141.4174145183718
14.649622395833298	141.4174145183718
14.749622395833297	141.4174145183718
14.849622395833297	141.4174145183718
14.949622395833297	141.4174145183718
15.049622395833296	141.4174145183718
15.149622395833296	141.4174145183718
15.249622395833295	141.4174145183718
15.349622395833295	141.4174145183718
15.449622395833295	141.4174145183718
15.549622395833294	141.4174145183718
15.649622395833294	141.4174145183718
15.749622395833294	141.4174145183718
15.849622395833293	141.4174145183718
15.949622395833293	141.4174145183718
16.049622395833293	141.4174145183718
16.149622395833294	141.4174145183718
16.249622395833295	141.4174145183718
16.349622395833297	141.4174145183718
16.4496223958333	141.4174145183718
16.5496223958333	141.4174145183718
16.6496223958333	141.4174145183718
16.749622395833303	141.4174145183718
16.849622395833304	141.4174145183718
16.949622395833305	141.4174145183718
17.049622395833307	141.4174145183718
17.14962239583331	141.4174145183718
17.24962239583331	141.4174145183718
17.34962239583331	141.4174145183718
17.449622395833313	141.4174145183718
17.549622395833314	141.4174145183718
17.649622395833315	141.4174145183718
17.749622395833317	141.4174145183718
17.849622395833318	141.4174145183718
17.94962239583332	141.4174145183718
18.04962239583332	141.4174145183718
18.149622395833322	141.4174145183718
18.249622395833324	141.4174145183718
18.349622395833325	141.4174145183718
18.449622395833327	141.4174145183718
18.549622395833328	141.4174145183718
18.64962239583333	141.4174145183718
18.74962239583333	141.4174145183718
18.849622395833332	141.4174145183718
18.949622395833334	141.4174145183718
19.049622395833335	141.4174145183718
19.149622395833337	141.4174145183718
19.249622395833338	141.4174145183718
19.34962239583334	141.4174145183718
19.44962239583334	141.4174145183718
19.549622395833342	141.4174145183718
19.649622395833344	141.4174145183718
19.749622395833345	141.4174145183718
19.849622395833347	141.4174145183718
19.949622395833348	141.4174145183718
20.04962239583335	141.4174145183718
20.14962239583335	141.4174145183718
20.249622395833352	141.4174145183718
20.349622395833354	141.4174145183718
20.449622395833355	141.4174145183718
20.549622395833357	141.4174145183718
20.649622395833358	141.4174145183718
20.74962239583336	141.4174145183718
20.84962239583336	141.4174145183718
20.949622395833362	141.4174145183718
21.049622395833364	141.4174145183718
21.149622395833365	141.4174145183718
21.249622395833367	141.4174145183718
21.349622395833368	141.4174145183718
21.44962239583337	141.4174145183718
21.54962239583337	141.4174145183718
21.649622395833372	141.4174145183718
21.749622395833374	141.4174145183718
21.849622395833375	141.4174145183718
21.949622395833376	141.4174145183718
22.049622395833378	141.4174145183718
22.14962239583338	141.4174145183718
22.24962239583338	141.4174145183718
22.349622395833382	141.4174145183718
22.449622395833384	141.4174145183718
22.549622395833385	141.4174145183718
22.649622395833386	141.4174145183718
22.749622395833388	141.4174145183718
22.84962239583339	141.4174145183718
22.94962239583339	141.4174145183718
23.049622395833392	141.4174145183718
23.149622395833394	141.4174145183718
23.249622395833395	141.4174145183718
23.349622395833396	141.4174145183718
23.449622395833398	141.4174145183718
23.5496223958334	141.4174145183718
23.6496223958334	141.4174145183718
23.749622395833402	141.4174145183718
23.849622395833403	141.4174145183718
23.949622395833405	141.4174145183718
24.049622395833406	141.44553021521008
24.149622395833408	141.54394997560067
24.24962239583341	141.64236982767233
24.34962239583341	141.74078996573286
24.449622395833412	141.83920998694583
24.549622395833413	141.9376300740996
24.649622395833415	142.03605008834262
24.749622395833416	142.13447010258523
24.849622395833418	142.23289011682823
24.94962239583342	142.33131013107135
25.04962239583342	142.42973005905782
25.149622395833422	142.52814998430387
25.23	142.60725762576726
1000025.23	142.60725762576726
