-100000	0
0	0
0.0033333333333333335	0.02770970294851693
0.008333333333333333	0.0699896300640966
0.01583333333333333	0.13440451501758435
0.02708333333333333	0.23274343641399564
0.043958333333333335	0.38308118096308647
0.06927083333333334	0.6134188804296624
0.10723958333333333	0.9672266750797069
0.16419270833333333	1.512216679825738
0.24962239583333334	2.353641118578421
0.3496223958333333	3.3659995268415845
0.4496223958333333	4.400974426205848
0.5496223958333333	5.453836826979127
0.6496223958333333	6.521094612216666
0.7496223958333332	7.600155838558377
0.8496223958333332	8.688902486431264
0.9496223958333332	9.785562947459564
1.0496223958333333	10.888705524869764
1.1496223958333334	11.997039987228682
1.2496223958333335	13.108112827218878
1.3496223958333335	14.221166499006214
1.4496223958333336	15.336127830694217
1.5496223958333337	16.452844702955133
1.6496223958333338	17.571347491626042
1.749622395833334	18.691610036131074
1.849622395833334	19.81367247320841
1.949622395833334	20.937569984980666
2.049622395833334	22.06321104217057
2.149622395833334	23.19063405539301
2.249622395833334	24.31985694861996
2.349622395833334	25.4508721190816
2.4496223958333343	26.583617640508653
2.5496223958333344	27.718100824686157
2.6496223958333345	28.854289743528557
2.7496223958333346	29.992125054520503
2.8496223958333347	31.131625102216518
2.9496223958333347	32.27272126603849
3.049622395833335	33.41541144620999
3.149622395833335	34.559645815905945
3.249622395833335	35.70541397366553
3.349622395833335	36.852627029436015
3.449622395833335	38.00126672703517
3.5496223958333353	39.15124517834042
3.6496223958333354	40.30253228689264
3.7496223958333355	41.45510351735398
3.8496223958333355	42.60895083466954
3.9496223958333356	43.764002724465186
4.049622395833335	44.920212960701534
4.149622395833335	46.077535977618275
4.249622395833335	47.235935239088775
4.349622395833334	48.39534940797508
4.449622395833334	49.55566882826122
4.5496223958333335	50.71696225354357
4.649622395833333	51.87916132976509
4.749622395833333	53.042230924659016
4.849622395833332	54.20610933458026
4.949622395833332	55.37070376278212
5.049622395833332	56.53600530944281
5.149622395833331	57.70205140603325
5.249622395833331	58.86874831869227
5.349622395833331	60.03606492503262
5.44962239583333	61.20395790715934
5.54962239583333	62.37232714277108
5.64962239583333	63.54121837042634
5.749622395833329	64.71057419822846
5.849622395833329	65.88038292303891
5.9496223958333285	67.05061695089259
6.049622395833328	68.22123166052336
6.149622395833328	69.39219800788021
6.2496223958333275	70.56348277940474
6.349622395833327	71.73505327870919
6.449622395833327	72.90689707255805
6.549622395833326	74.0789798023729
6.649622395833326	75.25128990788978
6.749622395833326	76.42379524197372
6.849622395833325	77.59648466977565
6.949622395833325	78.76933099708538
7.049622395833325	79.94232213625885
7.149622395833324	81.11543763367021
7.249622395833324	82.28866124991515
7.3496223958333236	83.46197093727338
7.449622395833323	84.63535911428261
7.549622395833323	85.80881698563293
7.6496223958333225	86.98233737153687
7.749622395833322	88.15589822537153
7.849622395833322	89.32949613114143
7.949622395833321	90.50313783867534
8.049622395833321	91.67680104938655
8.14962239583332	92.85047692856048
8.24962239583332	94.02416547609134
8.34962239583332	95.19786669197902
8.44962239583332	96.37158057622362
8.54962239583332	97.54530712882531
8.649622395833319	98.71904525034851
8.749622395833319	99.89276811277995
8.849622395833318	101.06643777618852
8.949622395833318	102.24008607608613
9.049622395833318	103.41373180783114
9.149622395833317	104.58737497142364
9.249622395833317	105.7610154366111
9.349622395833316	106.9346554923103
9.449622395833316	108.10829554800992
9.549622395833316	109.28193560370944
9.649622395833315	110.455575659409
9.749622395833315	111.62921546864598
9.849622395833315	112.80285554388051
9.949622395833314	113.97649551419451
10.049622395833314	115.15013548450794
10.149622395833314	116.32377555707568
10.249622395833313	117.49741540590914
10.349622395833313	118.67105561174071
10.449622395833313	119.84469561291824
10.549622395833312	121.01833568575167
10.649622395833312	122.19197548896801
10.749622395833311	123.36561549552289
10.849622395833311	124.53925550207828
10.94962239583331	125.71289550863332
11.04962239583331	126.8865355151887
11.14962239583331	128.06017552174382
11.24962239583331	129.06527657481863
11.34962239583331	130.04207662247723
11.449622395833309	131.01887667013608
11.549622395833309	131.9956768243371
11.649622395833308	132.9724766413351
11.749622395833308	133.94927668959772
11.849622395833308	134.9260766492113
11.949622395833307	135.902876751614
12.049622395833307	136.90916482935916
12.149622395833306	137.9155648147921
12.249622395833306	138.92196484388805
12.349622395833306	139.92836490311456
12.449622395833305	140.93476478810675
12.549622395833305	141.94116484020935
12.649622395833305	142.04560516987473
12.749622395833304	142.04560516987473
12.849622395833304	142.04560516987473
12.949622395833304	142.04560516987473
13.049622395833303	142.04560516987473
13.149622395833303	142.04560516987473
13.249622395833303	142.04560516987473
13.349622395833302	142.04560516987473
13.449622395833302	142.04560516987473
13.549622395833302	142.04560516987473
13.649622395833301	142.04560516987473
13.7496223958333	142.04560516987473
13.8496223958333	142.04560516987473
13.9496223958333	142.04560516987473
14.0496223958333	142.04560516987473
14.1496223958333	142.04560516987473
14.249622395833299	142.04560516987473
14.349622395833299	142.04560516987473
14.449622395833298	142.04560516987473
14.549622395833298	142.04560516987473
14.649622395833298	142.04560516987473
14.749622395833297	142.04560516987473
14.849622395833297	142.04560516987473
14.949622395833297	142.04560516987473
15.049622395833296	142.04560516987473
15.149622395833296	142.04560516987473
15.249622395833295	142.04560516987473
15.349622395833295	142.04560516987473
15.449622395833295	142.04560516987473
15.549622395833294	142.04560516987473
15.649622395833294	142.04560516987473
15.749622395833294	142.04560516987473
15.849622395833293	142.04560516987473
15.949622395833293	142.04560516987473
16.049622395833293	142.04560516987473
16.149622395833294	142.04560516987473
16.249622395833295	142.04560516987473
16.349622395833297	142.04560516987473
16.4496223958333	142.04560516987473
16.5496223958333	142.04560516987473
16.6496223958333	142.04560516987473
16.749622395833303	142.04560516987473
16.849622395833304	142.04560516987473
16.949622395833305	142.04560516987473
17.049622395833307	142.04560516987473
17.14962239583331	142.04560516987473
17.24962239583331	142.04560516987473
17.34962239583331	142.04560516987473
17.449622395833313	142.04560516987473
17.549622395833314	142.04560516987473
17.649622395833315	142.04560516987473
17.749622395833317	142.04560516987473
17.849622395833318	142.04560516987473
17.94962239583332	142.04560516987473
18.04962239583332	142.04560516987473
18.149622395833322	142.04560516987473
18.249622395833324	142.04560516987473
18.349622395833325	142.04560516987473
18.449622395833327	142.04560516987473
18.549622395833328	142.04560516987473
18.64962239583333	142.04560516987473
18.74962239583333	142.04560516987473
18.849622395833332	142.04560516987473
18.949622395833334	142.04560516987473
19.049622395833335	142.04560516987473
19.149622395833337	142.04560516987473
19.249622395833338	142.04560516987473
19.34962239583334	142.04560516987473
19.44962239583334	142.04560516987473
19.549622395833342	142.04560516987473
19.649622395833344	142.04560516987473
19.749622395833345	142.04560516987473
19.849622395833347	142.04560516987473
19.949622395833348	142.04560516987473
20.04962239583335	142.04560516987473
20.14962239583335	142.04560516987473
20.249622395833352	142.04560516987473
20.349622395833354	142.04560516987473
20.449622395833355	142.04560516987473
20.549622395833357	142.04560516987473
20.649622395833358	142.04560516987473
20.74962239583336	142.04560516987473
20.84962239583336	142.04560516987473
20.949622395833362	142.04560516987473
21.049622395833364	142.04560516987473
21.149622395833365	142.04560516987473
21.249622395833367	142.04560516987473
21.349622395833368	142.04560516987473
21.44962239583337	142.04560516987473
21.54962239583337	142.04560516987473
21.649622395833372	142.04560516987473
21.749622395833374	142.04560516987473
21.849622395833375	142.04560516987473
21.949622395833376	142.04560516987473
22.049622395833378	142.04560516987473
22.14962239583338	142.04560516987473
22.24962239583338	142.04560516987473
22.349622395833382	142.04560516987473
22.449622395833384	142.04560516987473
22.549622395833385	142.04560516987473
22.649622395833386	142.04560516987473
22.749622395833388	142.04560516987473
22.84962239583339	142.04560516987473
22.94962239583339	142.04560516987473
23.049622395833392	142.04560516987473
23.149622395833394	142.04560516987473
23.249622395833395	142.04560516987473
23.349622395833396	142.04560516987473
23.449622395833398	142.04560516987473
23.5496223958334	142.04560516987473
23.6496223958334	142.04560516987473
23.749622395833402	142.04560516987473
23.849622395833403	142.04560516987473
23.949622395833405	142.04560516987473
24.049622395833406	142.09998290213048
24.149622395833408	142.19840300823526
24.24962239583341	142.29682287136342
24.34962239583341	142.39524282613473
24.449622395833412	142.4936628629071
24.549622395833413	142.5920829832225
24.649622395833415	142.69050297035244
24.749622395833416	142.78892295748156
24.849622395833418	142.88734294461065
24.94962239583342	142.9857629317406
25.04962239583342	143.0841829982485
25.149622395833422	143.1826030280553
25.23	143.261710586989
1000025.23	143.261710586989
