-100000	0
0	0
0.0033333333333333335	0.02855710620477371
0.008333333333333333	0.07212530673956283
0.01583333333333333	0.13846485979724965
0.02708333333333333	0.23964744397844628
0.043958333333333335	0.39419392670639564
0.06927083333333334	0.6307148385002063
0.10723958333333333	0.9936154950604993
0.16419270833333333	1.5517885739467676
0.24962239583333334	2.412253671496119
0.3496223958333333	3.445961870382433
0.4496223958333333	4.501443046787942
0.5496223958333333	5.57397960952085
0.6496223958333333	6.6602287528509265
0.7496223958333332	7.757566932176361
0.8496223958333332	8.863963714524836
0.9496223958333332	9.977659068378854
1.0496223958333333	11.097285989951562
1.1496223958333334	12.221542360721829
1.2496223958333335	13.348137989461478
1.3496223958333335	14.476354127946207
1.4496223958333336	15.606089352765213
1.5496223958333337	16.737153447110146
1.6496223958333338	17.86957714774058
1.749622395833334	19.003338461121665
1.849622395833334	20.138463503506188
1.949622395833334	21.274985638372804
2.049622395833334	22.41281880256709
2.149622395833334	23.55198664998881
2.249622395833334	24.69251383925258
2.349622395833334	25.83441134185604
2.4496223958333343	26.97761314853642
2.5496223958333344	28.122081349254422
2.6496223958333345	29.26782061573107
2.7496223958333346	30.414822891068937
2.8496223958333347	31.563093608580274
2.9496223958333347	32.71252960870846
3.049622395833335	33.86311675031452
3.149622395833335	35.014887696467106
3.249622395833335	36.16774490578375
3.349622395833335	37.32174390013851
3.449622395833335	38.476813891024726
3.5496223958333353	39.632904893191714
3.6496223958333354	40.789976631980615
3.7496223958333355	41.948024388605695
3.8496223958333355	43.10701300503503
3.9496223958333356	44.26691536774339
4.049622395833335	45.427683023501515
4.149622395833335	46.589278364326695
4.249622395833335	47.75168661165628
4.349622395833334	48.914868141335624
4.449622395833334	50.07869161460398
4.5496223958333335	51.243244831070854
4.649622395833333	52.408480928652885
4.749622395833333	53.574362765463526
4.849622395833332	54.740846821619
4.949622395833332	55.90790310958489
5.049622395833332	57.07550302472209
5.149622395833331	58.24358377732878
5.249622395833331	59.41216483323884
5.349622395833331	60.58117309200153
5.44962239583333	61.750628514549916
5.54962239583333	62.92038509375204
5.64962239583333	64.09049510995924
5.749622395833329	65.26096193524167
5.849622395833329	66.43178829181987
5.9496223958333285	67.6029692064558
6.049622395833328	68.77443341231692
6.149622395833328	69.94614950019066
6.2496223958333275	71.11808917749417
6.349622395833327	72.29020131368358
6.449622395833327	73.46252654377187
6.549622395833326	74.63503636382568
6.649622395833326	75.80770315125176
6.749622395833326	76.98052814129632
6.849622395833325	78.15347257017814
6.949622395833325	79.32654854636274
7.049622395833325	80.49971628519326
7.149622395833324	81.67297743913804
7.249622395833324	82.84632277268956
7.3496223958333236	84.01971732869166
7.449622395833323	85.19317564778058
7.549622395833323	86.36669865132575
7.6496223958333225	87.54026631933175
7.749622395833322	88.71386834210257
7.849622395833322	89.88749207977395
7.949622395833321	91.06112748967405
8.049622395833321	92.23477311919211
8.14962239583332	93.40843081358696
8.24962239583332	94.58210142545687
8.34962239583332	95.75578470568381
8.44962239583332	96.92948065426741
8.54962239583332	98.10318927120805
8.649622395833319	99.27691069916736
8.749622395833319	100.45062971603059
8.849622395833318	101.62430155354251
8.949622395833318	102.79794855739668
9.049622395833318	103.97159299309834
9.149622395833317	105.14523486064763
9.249622395833317	106.31887516665624
9.349622395833316	107.492515116306
9.449622395833316	108.6661550659559
9.549622395833316	109.83979501560547
9.649622395833315	111.01343496525536
9.749622395833315	112.18707513896595
9.849622395833315	113.36071505592014
9.949622395833314	114.534355078851
10.049622395833314	115.70799510178183
10.149622395833314	116.88163513606577
10.249622395833313	118.0552750730932
10.349622395833313	119.22891480552487
10.449622395833313	120.40255491372713
10.549622395833312	121.5761950942254
10.649622395833312	122.74983509171881
10.749622395833311	123.92347508921263
10.849622395833311	125.09711508670593
10.94962239583331	126.2707550841998
11.04962239583331	127.44439508169361
11.14962239583331	128.618035079187
11.24962239583331	129.62313596852138
11.34962239583331	130.599935918354
11.449622395833309	131.57673586818697
11.549622395833309	132.55353593963443
11.649622395833308	133.5303358930671
11.749622395833308	134.50713584650006
11.849622395833308	135.4839358824912
11.949622395833307	136.46073578695652
12.049622395833307	137.46702414107364
12.149622395833306	138.47342415282094
12.249622395833306	139.47982416456813
12.349622395833306	140.48622406293313
12.449622395833305	141.49262417753206
12.549622395833305	142.49902413381085
12.649622395833305	142.60346433114768
12.749622395833304	142.60346433114768
12.849622395833304	142.60346433114768
12.949622395833304	142.60346433114768
13.049622395833303	142.60346433114768
13.149622395833303	142.60346433114768
13.249622395833303	142.60346433114768
13.349622395833302	142.60346433114768
13.449622395833302	142.60346433114768
13.549622395833302	142.60346433114768
13.649622395833301	142.60346433114768
13.7496223958333	142.60346433114768
13.8496223958333	142.60346433114768
13.9496223958333	142.60346433114768
14.0496223958333	142.60346433114768
14.1496223958333	142.60346433114768
14.249622395833299	142.60346433114768
14.349622395833299	142.60346433114768
14.449622395833298	142.60346433114768
14.549622395833298	142.60346433114768
14.649622395833298	142.60346433114768
14.749622395833297	142.60346433114768
14.849622395833297	142.60346433114768
14.949622395833297	142.60346433114768
15.049622395833296	142.60346433114768
15.149622395833296	142.60346433114768
15.249622395833295	142.60346433114768
15.349622395833295	142.60346433114768
15.449622395833295	142.60346433114768
15.549622395833294	142.60346433114768
15.649622395833294	142.60346433114768
15.749622395833294	142.60346433114768
15.849622395833293	142.60346433114768
15.949622395833293	142.60346433114768
16.049622395833293	142.60346433114768
16.149622395833294	142.60346433114768
16.249622395833295	142.60346433114768
16.349622395833297	142.60346433114768
16.4496223958333	142.60346433114768
16.5496223958333	142.60346433114768
16.6496223958333	142.60346433114768
16.749622395833303	142.60346433114768
16.849622395833304	142.60346433114768
16.949622395833305	142.60346433114768
17.049622395833307	142.60346433114768
17.14962239583331	142.60346433114768
17.24962239583331	142.60346433114768
17.34962239583331	142.60346433114768
17.449622395833313	142.60346433114768
17.549622395833314	142.60346433114768
17.649622395833315	142.60346433114768
17.749622395833317	142.60346433114768
17.849622395833318	142.60346433114768
17.94962239583332	142.60346433114768
18.04962239583332	142.60346433114768
18.149622395833322	142.60346433114768
18.249622395833324	142.60346433114768
18.349622395833325	142.60346433114768
18.449622395833327	142.60346433114768
18.549622395833328	142.60346433114768
18.64962239583333	142.60346433114768
18.74962239583333	142.60346433114768
18.849622395833332	142.60346433114768
18.949622395833334	142.60346433114768
19.049622395833335	142.60346433114768
19.149622395833337	142.60346433114768
19.249622395833338	142.60346433114768
19.34962239583334	142.60346433114768
19.44962239583334	142.60346433114768
19.549622395833342	142.60346433114768
19.649622395833344	142.60346433114768
19.749622395833345	142.60346433114768
19.849622395833347	142.60346433114768
19.949622395833348	142.60346433114768
20.04962239583335	142.60346433114768
20.14962239583335	142.60346433114768
20.249622395833352	142.60346433114768
20.349622395833354	142.60346433114768
20.449622395833355	142.60346433114768
20.549622395833357	142.60346433114768
20.649622395833358	142.60346433114768
20.74962239583336	142.60346433114768
20.84962239583336	142.60346433114768
20.949622395833362	142.60346433114768
21.049622395833364	142.60346433114768
21.149622395833365	142.60346433114768
21.249622395833367	142.60346433114768
21.349622395833368	142.60346433114768
21.44962239583337	142.60346433114768
21.54962239583337	142.60346433114768
21.649622395833372	142.60346433114768
21.749622395833374	142.60346433114768
21.849622395833375	142.60346433114768
21.949622395833376	142.60346433114768
22.049622395833378	142.60346433114768
22.14962239583338	142.60346433114768
22.24962239583338	142.60346433114768
22.349622395833382	142.60346433114768
22.449622395833384	142.60346433114768
22.549622395833385	142.60346433114768
22.649622395833386	142.60346433114768
22.749622395833388	142.60346433114768
22.84962239583339	142.60346433114768
22.94962239583339	142.60346433114768
23.049622395833392	142.60346433114768
23.149622395833394	142.60346433114768
23.249622395833395	142.60346433114768
23.349622395833396	142.60346433114768
23.449622395833398	142.60346433114768
23.5496223958334	142.60346433114768
23.6496223958334	142.60346433114768
23.749622395833402	142.60346433114768
23.849622395833403	142.60346433114768
23.949622395833405	142.60346433114768
24.049622395833406	142.68362507043105
24.149622395833408	142.7820453921393
24.24962239583341	142.880465227174
24.34962239583341	142.97888524636937
24.449622395833412	143.07730509994488
24.549622395833413	143.17572506516683
24.649622395833415	143.27414510242383
24.749622395833416	143.37256513968066
24.849622395833418	143.47098517693777
24.94962239583342	143.56940521419514
25.04962239583342	143.66782514455224
25.149622395833422	143.76624527936653
25.23	143.8453527866527
1000025.23	143.8453527866527
