-100000	0
5.868665284109298	0
5.871998617442631	0.0000007466378942963495
5.876998617442631	0.000007227015310805834
5.884498617442631	0.00003854857462962435
5.8957486174426315	0.00016664205184681457
5.912623617442631	0.000651539869422542
5.937936117442631	0.0024101850442855995
5.975904867442631	0.008566515527559706
6.032857992442631	0.029249192787135603
6.118287679942631	0.08798796504985157
6.21828767994263	0.19498045200873493
6.31828767994263	0.3389666692079773
6.41828767994263	0.516438188653718
6.518287679942629	0.7246151546512465
6.618287679942629	0.9612560498768898
6.7182876799426285	1.22447326940489
6.818287679942628	1.512608806454262
6.918287679942628	1.8242414913772327
7.0182876799426275	2.158007356625869
7.118287679942627	2.5128350474622403
7.218287679942627	2.887661653670856
7.318287679942626	3.2814803573298654
7.418287679942626	3.693369156690573
7.518287679942626	4.1226127799337124
7.618287679942625	4.568334683359692
7.718287679942625	5.029856352733703
7.818287679942625	5.506458129916087
7.918287679942624	5.9974322646841545
8.018287679942624	6.502283771943254
8.118287679942624	7.020286192585671
8.218287679942623	7.5510471601430895
8.318287679942623	8.093872670801177
8.418287679942623	8.648464461828796
8.518287679942622	9.214255489465337
8.618287679942622	9.790755256325973
8.718287679942621	10.377512826218062
8.818287679942621	10.974212836225037
8.91828767994262	11.580451692138189
9.01828767994262	12.195811054183318
9.11828767994262	12.820093539956648
9.21828767994262	13.45288643693124
9.31828767994262	14.094043506550625
9.418287679942619	14.743179350574666
9.518287679942619	15.40021835207656
9.618287679942618	16.06485803131108
9.718287679942618	16.73693330862711
9.818287679942618	17.41620172976147
9.918287679942617	18.102503731215855
10.018287679942617	18.79563008041618
10.118287679942616	19.49542108953063
10.218287679942616	20.201681095692305
10.318287679942616	20.914252598477148
10.418287679942615	21.63294845498756
10.518287679942615	22.357559021754323
10.618287679942615	23.087942900468995
10.718287679942614	23.823912164956496
10.818287679942614	24.565283182450926
10.918287679942614	25.311881913062237
11.018287679942613	26.063508560427223
11.118287679942613	26.819982349773575
11.218287679942613	27.581109484140143
11.318287679942612	28.34667843199098
11.418287679942612	29.11650056298883
11.518287679942611	29.89035457787081
11.618287679942611	30.668014677540242
11.71828767994261	31.449273486237843
11.81828767994261	32.23387813032529
11.91828767994261	33.021590250385415
12.01828767994261	33.81218249753171
12.11828767994261	34.6053881813934
12.218287679942609	35.400928983173664
12.318287679942609	36.19853033467466
12.418287679942608	36.99791890771055
12.518287679942608	37.79880101576904
12.618287679942608	38.60088107167315
12.718287679942607	39.40385844160889
12.818287679942607	39.27515213199692
12.918287679942607	39.254266957928245
13.018287679942606	39.23357986380497
13.118287679942606	39.21309084962714
13.218287679942605	39.1927999153948
13.318287679942605	39.17270706110791
13.418287679942605	39.152812286766576
13.518287679942604	39.133115592370594
13.618287679942604	39.11361697792018
13.718287679942604	39.094316443415124
13.818287679942603	39.07521398885563
13.918287679942603	39.05630961424158
14.018287679942603	39.037603319572874
14.118287679942602	39.01909510484979
14.218287679942602	39.000784970072125
14.318287679942602	38.982672915239995
14.418287679942601	38.964758940353285
14.5182876799426	38.947043045411995
14.6182876799426	38.92952523041621
14.7182876799426	38.91220549536592
14.8182876799426	38.895083840261016
14.9182876799426	38.878160265101656
15.018287679942599	38.861434769887694
15.118287679942599	38.844907354619146
15.218287679942598	38.828578019296216
15.318287679942598	38.81244676391862
15.418287679942598	38.79651358848663
15.518287679942597	38.780778492999985
15.618287679942597	38.765241477458865
15.718287679942597	38.74990254186317
15.818287679942596	38.7347616862129
15.918287679942596	38.71981891050818
16.018287679942596	38.70507421474892
16.118287679942597	38.69052759893505
16.2182876799426	38.67617906306672
16.3182876799426	38.66202860714382
16.4182876799426	38.64807623116641
16.518287679942603	38.634321935134395
16.618287679942604	38.620765719047874
16.718287679942605	38.60740758290683
16.818287679942607	38.59424752671122
16.91828767994261	38.5812855504611
17.01828767994261	38.56852165415635
17.11828767994261	38.55595583779719
17.218287679942613	38.54358810138346
17.318287679942614	38.53141844491516
17.418287679942615	38.51944686839229
17.518287679942617	38.50767337181498
17.61828767994262	38.49609795518301
17.71828767994262	38.4847206184966
17.81828767994262	38.473541361755565
17.918287679942623	38.462560184959976
18.018287679942624	38.45177708810997
18.118287679942625	38.441192071205286
18.218287679942627	38.430805134246185
18.318287679942628	38.420616277232526
18.41828767994263	38.41062550016431
18.51828767994263	38.400832803041496
18.618287679942632	38.39123818586411
18.718287679942634	38.38184164863227
18.818287679942635	38.3726431913459
18.918287679942637	38.36364281400485
19.018287679942638	38.35484051660932
19.11828767994264	38.34623629915941
19.21828767994264	38.33783016165479
19.318287679942642	38.32962210409565
19.418287679942644	38.32161212648196
19.518287679942645	38.31380022881376
19.618287679942647	38.306186411091005
19.718287679942648	38.298770673313655
19.81828767994265	38.291553015481796
19.91828767994265	38.28453343759543
20.018287679942652	38.277711939654466
20.118287679942654	38.271088521659024
20.218287679942655	38.26466318360894
20.318287679942657	38.258435925504415
20.418287679942658	38.252406747345276
20.51828767994266	38.24657564913158
20.61828767994266	38.24094263086333
20.718287679942662	38.235507692540544
20.818287679942664	38.230270834163306
20.918287679942665	38.225232055731404
21.018287679942667	38.22039135724499
21.118287679942668	38.21574873870407
21.21828767994267	38.21130420010856
21.31828767994267	38.207057741458506
21.418287679942672	38.203009362753825
21.518287679942674	38.199159063994756
21.618287679942675	38.195506845180965
21.718287679942677	38.1920527063128
21.818287679942678	38.18879664738996
21.91828767994268	38.18573866841263
22.01828767994268	38.18287876938077
22.118287679942682	38.18021695029429
22.218287679942684	38.17775321115334
22.318287679942685	38.17548755195775
22.418287679942686	38.17341997270765
22.518287679942688	38.171550473403
22.61828767994269	38.169879054043854
22.71828767994269	38.16840571463005
22.818287679942692	38.16713045516175
22.918287679942694	38.16605327563894
23.018287679942695	38.16517417606148
23.118287679942696	38.164493156429565
23.218287679942698	38.16401021674308
23.3182876799427	38.16372535700203
23.4182876799427	38.16363857720643
23.45	38.14819835180253
1000023.45	38.14819835180253
