-100000	0
0	0
0.0033333333333333335	0.029371471858089533
0.008333333333333333	0.07417158844687358
0.01583333333333333	0.14234748371599687
0.02708333333333333	0.246232813185091
0.043958333333333335	0.4047698359344638
0.06927083333333334	0.6471478600655127
0.10723958333333333	1.018581279353248
0.16419270833333333	1.5890688359465075
0.24962239583333334	2.467209934094816
0.3496223958333333	3.5206118265164235
0.4496223958333333	4.594833771258478
0.5496223958333333	5.685216566812428
0.6496223958333333	6.788518494407037
0.7496223958333332	7.90215820726362
0.8496223958333332	9.024186187422652
0.9496223958333332	10.152898179172741
1.0496223958333333	11.286944564943555
1.1496223958333334	12.42505859584593
1.2496223958333335	13.56509775825217
1.3496223958333335	14.706408289326209
1.4496223958333336	15.848898290469212
1.5496223958333337	16.992338817822468
1.6496223958333338	18.136736932877145
1.749622395833334	19.28210446866377
1.849622395833334	20.428461319218346
1.949622395833334	21.575826909222325
2.049622395833334	22.724125760848022
2.149622395833334	23.87340744258844
2.249622395833334	25.02365241250768
2.349622395833334	26.174865718446032
2.4496223958333343	27.327000468058554
2.5496223958333344	28.480037395131024
2.6496223958333345	29.633983153841438
2.7496223958333346	30.78882580686251
2.8496223958333347	31.944561012910246
2.9496223958333347	33.10115486149475
3.049622395833335	34.258625031630714
3.149622395833335	35.416878637896566
3.249622395833335	36.575907537896235
3.349622395833335	37.735697950427344
3.449622395833335	38.89625675895212
3.5496223958333353	40.05754653015628
3.6496223958333354	41.21957110723237
3.7496223958333355	42.38229667053533
3.8496223958333355	43.54562984945261
3.9496223958333356	44.70961154396393
4.049622395833335	45.87420742214788
4.149622395833335	47.03938859234673
4.249622395833335	48.205138815664775
4.349622395833334	49.371388318275606
4.449622395833334	50.53818893553391
4.5496223958333335	51.705464597030144
4.649622395833333	52.87323013066065
4.749622395833333	54.04145119413432
4.849622395833332	55.210097811736205
4.949622395833332	56.379149699975926
5.049622395833332	57.548583803514255
5.149622395833331	58.71836318483593
5.249622395833331	59.88848790796865
5.349622395833331	61.05893016908782
5.44962239583333	62.22967923364462
5.54962239583333	63.40066445370476
5.64962239583333	64.57190349116169
5.749622395833329	65.74339086350261
5.849622395833329	66.91511023429977
5.9496223958333285	68.08703992281228
6.049622395833328	69.2591638577643
6.149622395833328	70.43146396674122
6.2496223958333275	71.60389606945326
6.349622395833327	72.77647463293222
6.449622395833327	73.94922766040023
6.549622395833326	75.12208848503231
6.649622395833326	76.29507597535178
6.749622395833326	77.46815470017691
6.849622395833325	78.64133086057646
6.949622395833325	79.81458295729962
7.049622395833325	80.9879060786365
7.149622395833324	82.1612883379639
7.249622395833324	83.33472868056734
7.3496223958333236	84.50820394410631
7.449622395833323	85.68171629185481
7.549622395833323	86.85527936393754
7.6496223958333225	88.02886657933901
7.749622395833322	89.20246597578067
7.849622395833322	90.37607576923719
7.949622395833321	91.54969595970863
8.049622395833321	92.72332654719499
8.14962239583332	93.89696762746688
8.24962239583332	95.07062028393676
8.34962239583332	96.24428553482056
8.44962239583332	97.41796345406149
8.54962239583332	98.59165404165901
8.649622395833319	99.76535729761386
8.749622395833319	100.93906820710282
8.849622395833318	102.1127419648854
8.949622395833318	103.28638787993137
9.049622395833318	104.46003122682498
9.149622395833317	105.6336720771426
9.249622395833317	106.80731207716646
9.349622395833316	107.98095207716645
9.449622395833316	109.15459207716636
9.549622395833316	110.32823207716626
9.649622395833315	111.50187207716652
9.749622395833315	112.67551207716645
9.849622395833315	113.84915207716645
9.949622395833314	115.02279207716613
10.049622395833314	116.1964320771663
10.149622395833314	117.37007207716634
10.249622395833313	118.54371207716666
10.349622395833313	119.7173520771665
10.449622395833313	120.89099207716616
10.549622395833312	122.06463207716627
10.649622395833312	123.2382720771661
10.749622395833311	124.41191207716628
10.849622395833311	125.58555207716626
10.94962239583331	126.75919207716629
11.04962239583331	127.93283207716611
11.14962239583331	129.1064720771661
11.24962239583331	130.11157295320808
11.34962239583331	131.08837295320802
11.449622395833309	132.065172953208
11.549622395833309	133.04197295320756
11.649622395833308	134.01877295320762
11.749622395833308	134.99557295320784
11.849622395833308	135.9723729532076
11.949622395833307	136.94917295320784
12.049622395833307	137.9554611823745
12.149622395833306	138.96186118237443
12.249622395833306	139.96826118237473
12.349622395833306	140.97466118237443
12.449622395833305	141.98106118237442
12.549622395833305	142.9874611823743
12.649622395833305	143.09190139070768
12.749622395833304	143.09190139070768
12.849622395833304	143.09190139070768
12.949622395833304	143.09190139070768
13.049622395833303	143.09190139070768
13.149622395833303	143.09190139070768
13.249622395833303	143.09190139070768
13.349622395833302	143.09190139070768
13.449622395833302	143.09190139070768
13.549622395833302	143.09190139070768
13.649622395833301	143.09190139070768
13.7496223958333	143.09190139070768
13.8496223958333	143.09190139070768
13.9496223958333	143.09190139070768
14.0496223958333	143.09190139070768
14.1496223958333	143.09190139070768
14.249622395833299	143.09190139070768
14.349622395833299	143.09190139070768
14.449622395833298	143.09190139070768
14.549622395833298	143.09190139070768
14.649622395833298	143.09190139070768
14.749622395833297	143.09190139070768
14.849622395833297	143.09190139070768
14.949622395833297	143.09190139070768
15.049622395833296	143.09190139070768
15.149622395833296	143.09190139070768
15.249622395833295	143.09190139070768
15.349622395833295	143.09190139070768
15.449622395833295	143.09190139070768
15.549622395833294	143.09190139070768
15.649622395833294	143.09190139070768
15.749622395833294	143.09190139070768
15.849622395833293	143.09190139070768
15.949622395833293	143.09190139070768
16.049622395833293	143.09190139070768
16.149622395833294	143.09190139070768
16.249622395833295	143.09190139070768
16.349622395833297	143.09190139070768
16.4496223958333	143.09190139070768
16.5496223958333	143.09190139070768
16.6496223958333	143.09190139070768
16.749622395833303	143.09190139070768
16.849622395833304	143.09190139070768
16.949622395833305	143.09190139070768
17.049622395833307	143.09190139070768
17.14962239583331	143.09190139070768
17.24962239583331	143.09190139070768
17.34962239583331	143.09190139070768
17.449622395833313	143.09190139070768
17.549622395833314	143.09190139070768
17.649622395833315	143.09190139070768
17.749622395833317	143.09190139070768
17.849622395833318	143.09190139070768
17.94962239583332	143.09190139070768
18.04962239583332	143.09190139070768
18.149622395833322	143.09190139070768
18.249622395833324	143.09190139070768
18.349622395833325	143.09190139070768
18.449622395833327	143.09190139070768
18.549622395833328	143.09190139070768
18.64962239583333	143.09190139070768
18.74962239583333	143.09190139070768
18.849622395833332	143.09190139070768
18.949622395833334	143.09190139070768
19.049622395833335	143.09190139070768
19.149622395833337	143.09190139070768
19.249622395833338	143.09190139070768
19.34962239583334	143.09190139070768
19.44962239583334	143.09190139070768
19.549622395833342	143.09190139070768
19.649622395833344	143.09190139070768
19.749622395833345	143.09190139070768
19.849622395833347	143.09190139070768
19.949622395833348	143.09190139070768
20.04962239583335	143.09190139070768
20.14962239583335	143.09190139070768
20.249622395833352	143.09190139070768
20.349622395833354	143.09190139070768
20.449622395833355	143.09190139070768
20.549622395833357	143.09190139070768
20.649622395833358	143.09190139070768
20.74962239583336	143.09190139070768
20.84962239583336	143.09190139070768
20.949622395833362	143.09190139070768
21.049622395833364	143.09190139070768
21.149622395833365	143.09190139070768
21.249622395833367	143.09190139070768
21.349622395833368	143.09190139070768
21.44962239583337	143.09190139070768
21.54962239583337	143.09190139070768
21.649622395833372	143.09190139070768
21.749622395833374	143.09190139070768
21.849622395833375	143.09190139070768
21.949622395833376	143.09190139070768
22.049622395833378	143.09190139070768
22.14962239583338	143.09190139070768
22.24962239583338	143.09190139070768
22.349622395833382	143.09190139070768
22.449622395833384	143.09190139070768
22.549622395833385	143.09190139070768
22.649622395833386	143.09190139070768
22.749622395833388	143.09190139070768
22.84962239583339	143.09190139070768
22.94962239583339	143.09190139070768
23.049622395833392	143.09190139070768
23.149622395833394	143.09190139070768
23.249622395833395	143.09190139070768
23.349622395833396	143.09190139070768
23.449622395833398	143.09190139070768
23.5496223958334	143.09190139070768
23.6496223958334	143.09190139070768
23.749622395833402	143.09190139070768
23.849622395833403	143.09190139070768
23.949622395833405	143.09985735473037
24.049622395833406	143.19770604498513
24.149622395833408	143.29612016728953
24.24962239583341	143.39454016728968
24.34962239583341	143.4929601672897
24.449622395833412	143.59138016728974
24.549622395833413	143.6898001672897
24.649622395833415	143.78822016728935
24.749622395833416	143.88664016728967
24.849622395833418	143.9850601672897
24.94962239583342	144.0834801672893
25.04962239583342	144.18190016728974
25.149622395833422	144.28032016728932
25.23	144.35942780531045
1000025.23	144.35942780531045
