-100000	0
0	0
0.0033333333333333335	0.030145820775185166
0.008333333333333333	0.07611318134988355
0.01583333333333333	0.14602790072762079
0.02708333333333333	0.25245708714465787
0.043958333333333335	0.4147315148329894
0.06927083333333334	0.6625851922188785
0.10723958333333333	1.041943842923902
0.16419270833333333	1.6238408266367566
0.24962239583333334	2.5181729951976526
0.3496223958333333	3.589396252588104
0.4496223958333333	4.6803848839965845
0.5496223958333333	5.786647156720697
0.6496223958333333	6.905015342964693
0.7496223958333332	8.032975931178385
0.8496223958333332	9.168576917351716
0.9496223958333332	10.31020095931088
1.0496223958333333	11.45652290604408
1.1496223958333334	12.606318750978533
1.2496223958333335	13.757663376022673
1.3496223958333335	14.909984648929607
1.4496223958333336	16.063154888460716
1.5496223958333337	17.216942766817176
1.6496223958333338	18.37137466374136
1.749622395833334	19.526449288667653
1.849622395833334	20.682175657395057
1.949622395833334	21.838567749055482
2.049622395833334	22.995575538781797
2.149622395833334	24.153217801492982
2.249622395833334	25.311495978437755
2.349622395833334	26.47039448380854
2.4496223958333343	27.62991586809406
2.5496223958333344	28.79003060109566
2.6496223958333345	29.9507306969935
2.7496223958333346	31.11203169919359
2.8496223958333347	32.27393899953747
2.9496223958333347	33.43641373410451
3.049622395833335	34.599456180695164
3.149622395833335	35.76301013348987
3.249622395833335	36.92708668449596
3.349622395833335	38.091653889061305
3.449622395833335	39.256725086277235
3.5496223958333353	40.42227468095531
3.6496223958333354	41.58830596952507
3.7496223958333355	42.754808570992076
3.8496223958333355	43.9217229530249
3.9496223958333356	45.089040000757514
4.049622395833335	46.256761306631375
4.149622395833335	47.4248553610359
4.249622395833335	48.59332480525162
4.349622395833334	49.762099968822426
4.449622395833334	50.93126722544028
4.5496223958333335	52.10075076398594
4.649622395833333	53.27056031554298
4.749622395833333	54.44066980640813
4.849622395833332	55.61105969312322
4.949622395833332	56.78171563297111
5.049622395833332	57.952612802680335
5.149622395833331	59.12373755469423
5.249622395833331	60.295095997040015
5.349622395833331	61.46665953817872
5.44962239583333	62.63842163564465
5.54962239583333	63.81032156778343
5.64962239583333	64.98235007787586
5.749622395833329	66.15457206011547
5.849622395833329	67.32696141067862
5.9496223958333285	68.4995032290129
6.049622395833328	69.6721691703452
6.149622395833328	70.84493849332577
6.2496223958333275	72.01779358209657
6.349622395833327	73.1907629730788
6.449622395833327	74.36383836489958
6.549622395833326	75.53699788424493
6.649622395833326	76.71022351578354
6.749622395833326	77.88351832461592
6.849622395833325	79.056864864813
6.949622395833325	80.23026856034383
7.049622395833325	81.40372065974441
7.149622395833324	82.57721139552932
7.249622395833324	83.75073097487092
7.3496223958333236	84.9242712486467
7.449622395833323	86.09782603186225
7.549622395833323	87.2713910629726
7.6496223958333225	88.44496549495346
7.749622395833322	89.61854995623077
7.849622395833322	90.79214479556082
7.949622395833321	91.96575003190593
8.049622395833321	93.13936566526532
8.14962239583332	94.31299169563967
8.24962239583332	95.4866281363723
8.34962239583332	96.6602756621669
8.44962239583332	97.83393559409777
8.54962239583332	99.00760819438551
8.649622395833319	100.18129346303033
8.749622395833319	101.3549905086148
8.849622395833318	102.52866592973022
8.949622395833318	103.70231071309873
9.049622395833318	104.87595289861872
9.149622395833317	106.0495930787093
9.249622395833317	107.22323307870926
9.349622395833316	108.3968730787091
9.449622395833316	109.57051307870907
9.549622395833316	110.74415307870913
9.649622395833315	111.91779307870922
9.749622395833315	113.09143307870913
9.849622395833315	114.26507307870911
9.949622395833314	115.4387130787093
10.049622395833314	116.61235307870925
10.149622395833314	117.78599307870918
10.249622395833313	118.95963307870923
10.349622395833313	120.1332730787091
10.449622395833313	121.30691307870906
10.549622395833312	122.48055307870912
10.649622395833312	123.65419307870914
10.749622395833311	124.82783307870915
10.849622395833311	126.00147307870918
10.94962239583331	127.17511307870906
11.04962239583331	128.3487530787091
11.14962239583331	129.52239307870897
11.24962239583331	130.5274939547507
11.34962239583331	131.5042939547508
11.449622395833309	132.48109395475075
11.549622395833309	133.45789395475097
11.649622395833308	134.43469395475086
11.749622395833308	135.41149395475057
11.849622395833308	136.3882939547508
11.949622395833307	137.36509395475076
12.049622395833307	138.37138218391766
12.149622395833306	139.3777821839175
12.249622395833306	140.3841821839176
12.349622395833306	141.39058218391745
12.449622395833305	142.39698218391763
12.549622395833305	143.40338218391756
12.649622395833305	143.50782239225111
12.749622395833304	143.50782239225111
12.849622395833304	143.50782239225111
12.949622395833304	143.50782239225111
13.049622395833303	143.50782239225111
13.149622395833303	143.50782239225111
13.249622395833303	143.50782239225111
13.349622395833302	143.50782239225111
13.449622395833302	143.50782239225111
13.549622395833302	143.50782239225111
13.649622395833301	143.50782239225111
13.7496223958333	143.50782239225111
13.8496223958333	143.50782239225111
13.9496223958333	143.50782239225111
14.0496223958333	143.50782239225111
14.1496223958333	143.50782239225111
14.249622395833299	143.50782239225111
14.349622395833299	143.50782239225111
14.449622395833298	143.50782239225111
14.549622395833298	143.50782239225111
14.649622395833298	143.50782239225111
14.749622395833297	143.50782239225111
14.849622395833297	143.50782239225111
14.949622395833297	143.50782239225111
15.049622395833296	143.50782239225111
15.149622395833296	143.50782239225111
15.249622395833295	143.50782239225111
15.349622395833295	143.50782239225111
15.449622395833295	143.50782239225111
15.549622395833294	143.50782239225111
15.649622395833294	143.50782239225111
15.749622395833294	143.50782239225111
15.849622395833293	143.50782239225111
15.949622395833293	143.50782239225111
16.049622395833293	143.50782239225111
16.149622395833294	143.50782239225111
16.249622395833295	143.50782239225111
16.349622395833297	143.50782239225111
16.4496223958333	143.50782239225111
16.5496223958333	143.50782239225111
16.6496223958333	143.50782239225111
16.749622395833303	143.50782239225111
16.849622395833304	143.50782239225111
16.949622395833305	143.50782239225111
17.049622395833307	143.50782239225111
17.14962239583331	143.50782239225111
17.24962239583331	143.50782239225111
17.34962239583331	143.50782239225111
17.449622395833313	143.50782239225111
17.549622395833314	143.50782239225111
17.649622395833315	143.50782239225111
17.749622395833317	143.50782239225111
17.849622395833318	143.50782239225111
17.94962239583332	143.50782239225111
18.04962239583332	143.50782239225111
18.149622395833322	143.50782239225111
18.249622395833324	143.50782239225111
18.349622395833325	143.50782239225111
18.449622395833327	143.50782239225111
18.549622395833328	143.50782239225111
18.64962239583333	143.50782239225111
18.74962239583333	143.50782239225111
18.849622395833332	143.50782239225111
18.949622395833334	143.50782239225111
19.049622395833335	143.50782239225111
19.149622395833337	143.50782239225111
19.249622395833338	143.50782239225111
19.34962239583334	143.50782239225111
19.44962239583334	143.50782239225111
19.549622395833342	143.50782239225111
19.649622395833344	143.50782239225111
19.749622395833345	143.50782239225111
19.849622395833347	143.50782239225111
19.949622395833348	143.50782239225111
20.04962239583335	143.50782239225111
20.14962239583335	143.50782239225111
20.249622395833352	143.50782239225111
20.349622395833354	143.50782239225111
20.449622395833355	143.50782239225111
20.549622395833357	143.50782239225111
20.649622395833358	143.50782239225111
20.74962239583336	143.50782239225111
20.84962239583336	143.50782239225111
20.949622395833362	143.50782239225111
21.049622395833364	143.50782239225111
21.149622395833365	143.50782239225111
21.249622395833367	143.50782239225111
21.349622395833368	143.50782239225111
21.44962239583337	143.50782239225111
21.54962239583337	143.50782239225111
21.649622395833372	143.50782239225111
21.749622395833374	143.50782239225111
21.849622395833375	143.50782239225111
21.949622395833376	143.50782239225111
22.049622395833378	143.50782239225111
22.14962239583338	143.50782239225111
22.24962239583338	143.50782239225111
22.349622395833382	143.50782239225111
22.449622395833384	143.50782239225111
22.549622395833385	143.50782239225111
22.649622395833386	143.50782239225111
22.749622395833388	143.50782239225111
22.84962239583339	143.50782239225111
22.94962239583339	143.50782239225111
23.049622395833392	143.50782239225111
23.149622395833394	143.50782239225111
23.249622395833395	143.50782239225111
23.349622395833396	143.50782239225111
23.449622395833398	143.50782239225111
23.5496223958334	143.50782239225111
23.6496223958334	143.50782239225111
23.749622395833402	143.50782239225111
23.849622395833403	143.50782239225111
23.949622395833405	143.54083912971925
24.049622395833406	143.6392639771572
24.149622395833408	143.73767912971903
24.24962239583341	143.83609912971914
24.34962239583341	143.93451912971926
24.449622395833412	144.03293912971918
24.549622395833413	144.1313591297192
24.649622395833415	144.22977912971928
24.749622395833416	144.32819912971917
24.849622395833418	144.42661912971934
24.94962239583342	144.5250391297194
25.04962239583342	144.62345912971927
25.149622395833422	144.72187912971955
25.23	144.80098676774014
1000025.23	144.80098676774014
