-100000	0
0	0
0.0033333333333333335	0.030867555083561676
0.008333333333333333	0.07792754648673324
0.01583333333333333	0.14946689835300592
0.02708333333333333	0.25826366796344374
0.043958333333333335	0.42399089156712644
0.06927083333333334	0.6768617324214001
0.10723958333333333	1.0634513185952643
0.16419270833333333	1.6556495842418946
0.24962239583333334	2.5645163473262906
0.3496223958333333	3.651536417185614
0.4496223958333333	4.757223146547261
0.5496223958333333	5.87728028428262
0.6496223958333333	7.008513251276276
0.7496223958333332	8.148571495858707
0.8496223958333332	9.295561676636092
0.9496223958333332	10.447943249269743
1.0496223958333333	11.604355273230606
1.1496223958333334	12.763590928445302
1.2496223958333335	13.924034492228532
1.3496223958333335	15.085185407767808
1.4496223958333336	16.24688525259062
1.5496223958333337	17.408935222456165
1.6496223958333338	18.57133360045101
1.749622395833334	19.73409837887354
1.849622395833334	20.897246869632635
1.949622395833334	22.0607937546487
2.049622395833334	23.224683678541577
2.149622395833334	24.388940100459703
2.249622395833334	25.553569175271484
2.349622395833334	26.71860371472063
2.4496223958333343	27.883986851134694
2.5496223958333344	29.049717652489754
2.6496223958333345	30.215789438397916
2.7496223958333346	31.38220772087239
2.8496223958333347	32.54897112279869
2.9496223958333347	33.71605434236287
3.049622395833335	34.883480808637614
3.149622395833335	36.05119559478664
3.249622395833335	37.21921341115426
3.349622395833335	38.38751900270551
3.449622395833335	39.55612705094118
3.5496223958333353	40.72501343169936
3.6496223958333354	41.89418490612503
3.7496223958333355	43.06361591949528
3.8496223958333355	44.23328767736004
3.9496223958333356	45.40320722740764
4.049622395833335	46.57336523758849
4.149622395833335	47.74374901092926
4.249622395833335	48.914360126819794
4.349622395833334	50.08518794436988
4.449622395833334	51.25622130933789
4.5496223958333335	52.42744486362383
4.649622395833333	53.598843829498776
4.749622395833333	54.77040795084794
4.849622395833332	55.94214233102762
4.949622395833332	57.11402964241074
5.049622395833332	58.28605230254277
5.149622395833331	59.45818814960586
5.249622395833331	60.63045413033448
5.349622395833331	61.80286381286656
5.44962239583333	62.975392966426625
5.54962239583333	64.14803679527176
5.64962239583333	65.32077806080736
5.749622395833329	66.49360650588378
5.849622395833329	67.66651552227405
5.9496223958333285	68.83950123120476
6.049622395833328	70.01256531950585
6.149622395833328	71.1856992849272
6.2496223958333275	72.35888561646242
6.349622395833327	73.5321309369209
6.449622395833327	74.70544922187032
6.549622395833326	75.87881102840915
6.649622395833326	77.05221636193586
6.749622395833326	78.22565714400308
6.849622395833325	79.39912683693339
6.949622395833325	80.57262298417815
7.049622395833325	81.74613446042633
7.149622395833324	82.91965566974851
7.249622395833324	84.09318540525716
7.3496223958333236	85.26672366514484
7.449622395833323	86.44027044941154
7.549622395833323	87.61382575805712
7.6496223958333225	88.78738959108169
7.749622395833322	89.96096195734627
7.849622395833322	91.1345431454271
7.949622395833321	92.30813377369547
8.049622395833321	93.48173446630985
8.14962239583332	94.65534554255771
8.24962239583332	95.82896701582061
8.34962239583332	97.002598886103
8.44962239583332	98.17624145923936
8.54962239583332	99.34989608064359
8.649622395833319	100.52356336197866
8.749622395833319	101.69724330772462
8.849622395833318	102.87091762597984
8.949622395833318	104.04456145560795
9.049622395833318	105.21820251294763
9.149622395833317	106.39184251479179
9.249622395833317	107.56548251479191
9.349622395833316	108.7391225147919
9.449622395833316	109.91276251479175
9.549622395833316	111.08640251479169
9.649622395833315	112.26004251479172
9.749622395833315	113.43368251479183
9.849622395833315	114.60732251479145
9.949622395833314	115.78096251479168
10.049622395833314	116.95460251479176
10.149622395833314	118.12824251479144
10.249622395833313	119.3018825147917
10.349622395833313	120.47552251479149
10.449622395833313	121.64916251479173
10.549622395833312	122.82280251479162
10.649622395833312	123.99644251479145
10.749622395833311	125.17008251479145
10.849622395833311	126.34372251479151
10.94962239583331	127.51736251479143
11.04962239583331	128.69100251479156
11.14962239583331	129.8646425147916
11.24962239583331	130.86974339083335
11.34962239583331	131.84654339083323
11.449622395833309	132.82334339083332
11.549622395833309	133.80014339083303
11.649622395833308	134.7769433908334
11.749622395833308	135.75374339083314
11.849622395833308	136.73054339083308
11.949622395833307	137.70734339083293
12.049622395833307	138.71363161999983
12.149622395833306	139.72003161999965
12.249622395833306	140.72643161999972
12.349622395833306	141.73283161999984
12.449622395833305	142.73923161999974
12.549622395833305	143.7456316199998
12.649622395833305	143.85007182833337
12.749622395833304	143.85007182833337
12.849622395833304	143.85007182833337
12.949622395833304	143.85007182833337
13.049622395833303	143.85007182833337
13.149622395833303	143.85007182833337
13.249622395833303	143.85007182833337
13.349622395833302	143.85007182833337
13.449622395833302	143.85007182833337
13.549622395833302	143.85007182833337
13.649622395833301	143.85007182833337
13.7496223958333	143.85007182833337
13.8496223958333	143.85007182833337
13.9496223958333	143.85007182833337
14.0496223958333	143.85007182833337
14.1496223958333	143.85007182833337
14.249622395833299	143.85007182833337
14.349622395833299	143.85007182833337
14.449622395833298	143.85007182833337
14.549622395833298	143.85007182833337
14.649622395833298	143.85007182833337
14.749622395833297	143.85007182833337
14.849622395833297	143.85007182833337
14.949622395833297	143.85007182833337
15.049622395833296	143.85007182833337
15.149622395833296	143.85007182833337
15.249622395833295	143.85007182833337
15.349622395833295	143.85007182833337
15.449622395833295	143.85007182833337
15.549622395833294	143.85007182833337
15.649622395833294	143.85007182833337
15.749622395833294	143.85007182833337
15.849622395833293	143.85007182833337
15.949622395833293	143.85007182833337
16.049622395833293	143.85007182833337
16.149622395833294	143.85007182833337
16.249622395833295	143.85007182833337
16.349622395833297	143.85007182833337
16.4496223958333	143.85007182833337
16.5496223958333	143.85007182833337
16.6496223958333	143.85007182833337
16.749622395833303	143.85007182833337
16.849622395833304	143.85007182833337
16.949622395833305	143.85007182833337
17.049622395833307	143.85007182833337
17.14962239583331	143.85007182833337
17.24962239583331	143.85007182833337
17.34962239583331	143.85007182833337
17.449622395833313	143.85007182833337
17.549622395833314	143.85007182833337
17.649622395833315	143.85007182833337
17.749622395833317	143.85007182833337
17.849622395833318	143.85007182833337
17.94962239583332	143.85007182833337
18.04962239583332	143.85007182833337
18.149622395833322	143.85007182833337
18.249622395833324	143.85007182833337
18.349622395833325	143.85007182833337
18.449622395833327	143.85007182833337
18.549622395833328	143.85007182833337
18.64962239583333	143.85007182833337
18.74962239583333	143.85007182833337
18.849622395833332	143.85007182833337
18.949622395833334	143.85007182833337
19.049622395833335	143.85007182833337
19.149622395833337	143.85007182833337
19.249622395833338	143.85007182833337
19.34962239583334	143.85007182833337
19.44962239583334	143.85007182833337
19.549622395833342	143.85007182833337
19.649622395833344	143.85007182833337
19.749622395833345	143.85007182833337
19.849622395833347	143.85007182833337
19.949622395833348	143.85007182833337
20.04962239583335	143.85007182833337
20.14962239583335	143.85007182833337
20.249622395833352	143.85007182833337
20.349622395833354	143.85007182833337
20.449622395833355	143.85007182833337
20.549622395833357	143.85007182833337
20.649622395833358	143.85007182833337
20.74962239583336	143.85007182833337
20.84962239583336	143.85007182833337
20.949622395833362	143.85007182833337
21.049622395833364	143.85007182833337
21.149622395833365	143.85007182833337
21.249622395833367	143.85007182833337
21.349622395833368	143.85007182833337
21.44962239583337	143.85007182833337
21.54962239583337	143.85007182833337
21.649622395833372	143.85007182833337
21.749622395833374	143.85007182833337
21.849622395833375	143.85007182833337
21.949622395833376	143.85007182833337
22.049622395833378	143.85007182833337
22.14962239583338	143.85007182833337
22.24962239583338	143.85007182833337
22.349622395833382	143.85007182833337
22.449622395833384	143.85007182833337
22.549622395833385	143.85007182833337
22.649622395833386	143.85007182833337
22.749622395833388	143.85007182833337
22.84962239583339	143.85007182833337
22.94962239583339	143.85007182833337
23.049622395833392	143.85007182833337
23.149622395833394	143.85007182833337
23.249622395833395	143.85007182833337
23.349622395833396	143.85007182833337
23.449622395833398	143.85007182833337
23.5496223958334	143.85007182833337
23.6496223958334	143.85007182833337
23.749622395833402	143.85007182833337
23.849622395833403	143.85007182833337
23.949622395833405	143.90872652668816
24.049622395833406	144.007146526688
24.149622395833408	144.10556652668808
24.24962239583341	144.20398652668823
24.34962239583341	144.30240652668817
24.449622395833412	144.40082652668812
24.549622395833413	144.49924652668813
24.649622395833415	144.59766652668813
24.749622395833416	144.69608652668805
24.849622395833418	144.79450652668805
24.94962239583342	144.8929265266881
25.04962239583342	144.99134652668803
25.149622395833422	145.08976652668787
25.230131332082554	145.16888027821727
1000025.2301313321	145.16888027821727
