-100000	0
0	0
0.0033333333333333335	0.031544668768472776
0.008333333333333333	0.07960121868635363
0.01583333333333333	0.15261509319081962
0.02708333333333333	0.263564132568077
0.043958333333333335	0.43242017103087227
0.06927083333333334	0.6898146574994208
0.10723958333333333	1.082886033155992
0.16419270833333333	1.6842177037483999
0.24962239583333334	2.6058037093584807
0.3496223958333333	3.706457832958668
0.4496223958333333	4.824626153007665
0.5496223958333333	5.956183374363015
0.6496223958333333	7.098028298031002
0.7496223958333332	8.247902997548106
0.8496223958333332	9.403974925082512
0.9496223958333332	10.564723044272325
1.0496223958333333	11.728831320421124
1.1496223958333334	12.895158767134303
1.2496223958333335	14.0623357000362
1.3496223958333335	15.229991365884384
1.4496223958333336	16.39799961677216
1.5496223958333337	17.566171014451314
1.6496223958333338	18.734502796023964
1.749622395833334	19.902979559880293
1.849622395833334	21.071620431790734
1.949622395833334	22.240444633516585
2.049622395833334	23.40942414615046
2.149622395833334	24.578569176872385
2.249622395833334	25.747876039517553
2.349622395833334	26.917350160450884
2.4496223958333343	28.087008385948202
2.5496223958333344	29.256842293827646
2.6496223958333345	30.42683900131882
2.7496223958333346	31.597000122578244
2.8496223958333347	32.76732865078922
2.9496223958333347	33.937814913948515
3.049622395833335	35.10844512930605
3.149622395833335	36.279207396586116
3.249622395833335	37.45012303840403
3.349622395833335	38.6211846751515
3.449622395833335	39.7923835309056
3.5496223958333353	40.96369939479948
3.6496223958333354	42.13514927206571
3.7496223958333355	43.306737351159
3.8496223958333355	44.478444551796144
3.9496223958333356	45.65027338402886
4.049622395833335	46.822219437973324
4.149622395833335	47.99427417442653
4.249622395833335	49.16642721381092
4.349622395833334	50.33867953907277
4.449622395833334	51.51103551381001
4.5496223958333335	52.68348751569845
4.649622395833333	53.856020478429244
4.749622395833333	55.02862988250693
4.849622395833332	56.2013311020085
4.949622395833332	57.374107262575585
5.049622395833332	58.54695416146967
5.149622395833331	59.719869357139984
5.249622395833331	60.89284685184989
5.349622395833331	62.06588318841746
5.44962239583333	63.238974511175876
5.54962239583333	64.41212069586516
5.64962239583333	65.58531684198553
5.749622395833329	66.75856183268476
5.849622395833329	67.93185037513197
5.9496223958333285	69.10517775234645
6.049622395833328	70.27853986222411
6.149622395833328	71.45194018876994
6.2496223958333275	72.62538602176667
6.349622395833327	73.79886644746446
6.449622395833327	74.97237033179488
6.549622395833326	76.14588889704443
6.649622395833326	77.31941468780056
6.749622395833326	78.49294135323818
6.849622395833325	79.66646801867564
6.949622395833325	80.83999468411321
7.049622395833325	82.01352185235704
7.149622395833324	83.18705003294727
7.249622395833324	84.3605808165338
7.3496223958333236	85.53411552964295
7.449622395833323	86.70765549880079
7.549622395833323	87.88120205053315
7.6496223958333225	89.0547560656922
7.749622395833322	90.22831892937982
7.849622395833322	91.40189031744615
7.949622395833321	92.5754704433825
8.049622395833321	93.74905870454934
8.14962239583332	94.92265610406439
8.24962239583332	96.0962629831301
8.34962239583332	97.26988003737429
8.44962239583332	98.44350726905694
8.54962239583332	99.61714497335267
8.649622395833319	100.79079453461195
8.749622395833319	101.96445640442889
8.849622395833318	103.13812448379771
8.949622395833318	104.31176764409983
9.049622395833318	105.48540781072404
9.149622395833317	106.65904783384673
9.249622395833317	107.83268785696926
9.349622395833316	109.00632788009214
9.449622395833316	110.17996790321499
9.549622395833316	111.35360792633776
9.649622395833315	112.52724794946039
9.749622395833315	113.70088787081909
9.849622395833315	114.87452786682952
9.949622395833314	116.04816803637895
10.049622395833314	117.22180784701541
10.149622395833314	118.39544783565779
10.249622395833313	119.56908782430003
10.349622395833313	120.74272789039973
10.449622395833313	121.91636785561263
10.549622395833312	123.09000779623878
10.649622395833312	124.26364790117283
10.749622395833311	125.43728789509238
10.849622395833311	126.61092788901152
10.94962239583331	127.78456788293116
11.04962239583331	128.9582078768504
11.14962239583331	130.1318478707699
11.24962239583331	131.1369486780659
11.34962239583331	132.11374872000087
11.449622395833309	133.0905486796578
11.549622395833309	134.0673487067799
11.649622395833308	135.04414873390232
11.749622395833308	136.02094868867528
11.849622395833308	136.99774873725102
11.949622395833307	137.97454878582715
12.049622395833307	138.98083693686092
12.149622395833306	139.98723693506759
12.249622395833306	140.99363693327405
12.349622395833306	142.00003695813544
12.449622395833305	143.006436931326
12.549622395833305	144.01283693822825
12.649622395833305	144.1172773180641
12.749622395833304	144.1172773180641
12.849622395833304	144.1172773180641
12.949622395833304	144.1172773180641
13.049622395833303	144.1172773180641
13.149622395833303	144.1172773180641
13.249622395833303	144.1172773180641
13.349622395833302	144.1172773180641
13.449622395833302	144.1172773180641
13.549622395833302	144.1172773180641
13.649622395833301	144.1172773180641
13.7496223958333	144.1172773180641
13.8496223958333	144.1172773180641
13.9496223958333	144.1172773180641
14.0496223958333	144.1172773180641
14.1496223958333	144.1172773180641
14.249622395833299	144.1172773180641
14.349622395833299	144.1172773180641
14.449622395833298	144.1172773180641
14.549622395833298	144.1172773180641
14.649622395833298	144.1172773180641
14.749622395833297	144.1172773180641
14.849622395833297	144.1172773180641
14.949622395833297	144.1172773180641
15.049622395833296	144.1172773180641
15.149622395833296	144.1172773180641
15.249622395833295	144.1172773180641
15.349622395833295	144.1172773180641
15.449622395833295	144.1172773180641
15.549622395833294	144.1172773180641
15.649622395833294	144.1172773180641
15.749622395833294	144.1172773180641
15.849622395833293	144.1172773180641
15.949622395833293	144.1172773180641
16.049622395833293	144.1172773180641
16.149622395833294	144.1172773180641
16.249622395833295	144.1172773180641
16.349622395833297	144.1172773180641
16.4496223958333	144.1172773180641
16.5496223958333	144.1172773180641
16.6496223958333	144.1172773180641
16.749622395833303	144.1172773180641
16.849622395833304	144.1172773180641
16.949622395833305	144.1172773180641
17.049622395833307	144.1172773180641
17.14962239583331	144.1172773180641
17.24962239583331	144.1172773180641
17.34962239583331	144.1172773180641
17.449622395833313	144.1172773180641
17.549622395833314	144.1172773180641
17.649622395833315	144.1172773180641
17.749622395833317	144.1172773180641
17.849622395833318	144.1172773180641
17.94962239583332	144.1172773180641
18.04962239583332	144.1172773180641
18.149622395833322	144.1172773180641
18.249622395833324	144.1172773180641
18.349622395833325	144.1172773180641
18.449622395833327	144.1172773180641
18.549622395833328	144.1172773180641
18.64962239583333	144.1172773180641
18.74962239583333	144.1172773180641
18.849622395833332	144.1172773180641
18.949622395833334	144.1172773180641
19.049622395833335	144.1172773180641
19.149622395833337	144.1172773180641
19.249622395833338	144.1172773180641
19.34962239583334	144.1172773180641
19.44962239583334	144.1172773180641
19.549622395833342	144.1172773180641
19.649622395833344	144.1172773180641
19.749622395833345	144.1172773180641
19.849622395833347	144.1172773180641
19.949622395833348	144.1172773180641
20.04962239583335	144.1172773180641
20.14962239583335	144.1172773180641
20.249622395833352	144.1172773180641
20.349622395833354	144.1172773180641
20.449622395833355	144.1172773180641
20.549622395833357	144.1172773180641
20.649622395833358	144.1172773180641
20.74962239583336	144.1172773180641
20.84962239583336	144.1172773180641
20.949622395833362	144.1172773180641
21.049622395833364	144.1172773180641
21.149622395833365	144.1172773180641
21.249622395833367	144.1172773180641
21.349622395833368	144.1172773180641
21.44962239583337	144.1172773180641
21.54962239583337	144.1172773180641
21.649622395833372	144.1172773180641
21.749622395833374	144.1172773180641
21.849622395833375	144.1172773180641
21.949622395833376	144.1172773180641
22.049622395833378	144.1172773180641
22.14962239583338	144.1172773180641
22.24962239583338	144.1172773180641
22.349622395833382	144.1172773180641
22.449622395833384	144.1172773180641
22.549622395833385	144.1172773180641
22.649622395833386	144.1172773180641
22.749622395833388	144.1172773180641
22.84962239583339	144.1172773180641
22.94962239583339	144.1172773180641
23.049622395833392	144.1172773180641
23.149622395833394	144.1172773180641
23.249622395833395	144.1172773180641
23.349622395833396	144.1172773180641
23.449622395833398	144.1172773180641
23.5496223958334	144.1172773180641
23.6496223958334	144.1172773180641
23.749622395833402	144.1172773180641
23.849622395833403	144.1172773180641
23.949622395833405	144.2015699213174
24.049622395833406	144.29998995872435
24.149622395833408	144.39840997486579
24.24962239583341	144.49682992104968
24.34962239583341	144.59524996033554
24.449622395833412	144.69366997388093
24.549622395833413	144.79209004526686
24.649622395833415	144.8905100399154
24.749622395833416	144.9889300345633
24.849622395833418	145.08735002921102
24.94962239583342	145.18577002385888
25.04962239583342	145.2841899847934
25.149622395833422	145.38260996196527
25.231519699812385	145.46253008012488
1000025.2315196998	145.46253008012488
