-100000	0
0	0
0.0033333333333333335	0.032130750699995506
0.008333333333333333	0.0810841628434938
0.01583333333333333	0.15540361603283973
0.02708333333333333	0.2682693856639886
0.043958333333333335	0.4398792604064832
0.06927083333333334	0.7012235701407543
0.10723958333333333	1.0999010764693615
0.16419270833333333	1.7090803798061234
0.24962239583333334	2.64138756374077
0.3496223958333333	3.7533010774686666
0.4496223958333333	4.8815902861897
0.5496223958333333	6.022261289048209
0.6496223958333333	7.172298423529233
0.7496223958333332	8.32962851592135
0.8496223958333332	9.492395647451353
0.9496223958333332	10.65909320901708
1.0496223958333333	11.828492706103523
1.1496223958333334	12.99950778289732
1.2496223958333335	14.171080767670617
1.3496223958333335	15.34290317060955
1.4496223958333336	16.514894064455813
1.5496223958333337	17.686917353972927
1.6496223958333338	18.858976758841397
1.749622395833334	20.03104158214827
1.849622395833334	21.203136199175717
1.949622395833334	22.37528306796998
2.049622395833334	23.547463085281628
2.149622395833334	24.719680525593848
2.249622395833334	25.89193919589439
2.349622395833334	27.064241126622104
2.4496223958333343	28.23659640356829
2.5496223958333344	29.409008106497797
2.6496223958333345	30.581459790067278
2.7496223958333346	31.753954615479877
2.8496223958333347	32.92649950966482
2.9496223958333347	34.09911810320246
3.049622395833335	35.27177293930169
3.149622395833335	36.44447729951961
3.249622395833335	37.61722723264246
3.349622395833335	38.790013157758985
3.449622395833335	39.962827854642484
3.5496223958333353	41.13567793023333
3.6496223958333354	42.3085725203878
3.7496223958333355	43.481510237375836
3.8496223958333355	44.654490590476236
3.9496223958333356	45.827509146514515
4.049622395833335	47.00056413466441
4.149622395833335	48.173653564723125
4.249622395833335	49.34677532835077
4.349622395833334	50.51992680060426
4.449622395833334	51.69310749885258
4.5496223958333335	52.86631911600468
4.649622395833333	54.0395785436322
4.749622395833333	55.21286682648857
4.849622395833332	56.38617112436574
4.949622395833332	57.55948349897965
5.049622395833332	58.732809078256125
5.149622395833331	59.90615485965453
5.249622395833331	61.07954751955437
5.349622395833331	62.25297740005853
5.44962239583333	63.42642482812003
5.54962239583333	64.59988957496839
5.64962239583333	65.77337246405355
5.749622395833329	66.94687863981282
5.849622395833329	68.12040634567202
5.9496223958333285	69.29395297332107
6.049622395833328	70.46751516955757
6.149622395833328	71.641086295145
6.2496223958333275	72.81465830532423
6.349622395833327	73.9882303155034
6.449622395833327	75.16180232568264
6.549622395833326	76.33537433586179
6.649622395833326	77.50894634604084
6.749622395833326	78.68251835622011
6.849622395833325	79.85609036639916
6.949622395833325	81.02966237657812
7.049622395833325	82.20323438675717
7.149622395833324	83.37680639693636
7.249622395833324	84.55037840711526
7.3496223958333236	85.72395041729428
7.449622395833323	86.89752242747342
7.549622395833323	88.07109443765246
7.6496223958333225	89.24466651561305
7.749622395833322	90.41823929846841
7.849622395833322	91.59181411909707
7.949622395833321	92.76539223752135
8.049622395833321	93.9389751131114
8.14962239583332	95.11256400605282
8.24962239583332	96.28616025552974
8.34962239583332	97.45976484871699
8.44962239583332	98.63337836342875
8.54962239583332	99.80700139705446
8.649622395833319	100.98063455996046
8.749622395833319	102.15427883005724
8.849622395833318	103.3279345566805
8.949622395833318	104.50157718623744
9.049622395833318	105.67521717566336
9.149622395833317	106.84885717793358
9.249622395833317	108.02249718020381
9.349622395833316	109.1961371824738
9.449622395833316	110.36977718474381
9.549622395833316	111.54341718701396
9.649622395833315	112.7170571892839
9.749622395833315	113.89069718564203
9.849622395833315	115.06433719354354
9.949622395833314	116.23797718793625
10.049622395833314	117.41161718681217
10.149622395833314	118.5852571856881
10.249622395833313	119.758897184564
10.349622395833313	120.93253717326313
10.449622395833313	122.1061771861316
10.549622395833312	123.27981718277466
10.649622395833312	124.45345718991547
10.749622395833311	125.62709718906619
10.849622395833311	126.8007371882166
10.94962239583331	127.97437718736765
11.04962239583331	129.14801718651822
11.14962239583331	130.32165718566895
11.24962239583331	131.32675805060128
11.34962239583331	132.30355805541262
11.449622395833309	133.280358051446
11.549622395833309	134.25715805425534
11.649622395833308	135.2339580570649
11.749622395833308	136.21075805300947
11.849622395833308	137.18755805787094
11.949622395833307	138.16435806273242
12.049622395833307	139.1706462875494
12.149622395833306	140.177046287486
12.249622395833306	141.18344628742247
12.349622395833306	142.18984628735933
12.449622395833305	143.19624628728914
12.549622395833305	144.20264628737337
12.649622395833305	144.3070864840429
12.749622395833304	144.3070864840429
12.849622395833304	144.3070864840429
12.949622395833304	144.3070864840429
13.049622395833303	144.3070864840429
13.149622395833303	144.3070864840429
13.249622395833303	144.3070864840429
13.349622395833302	144.3070864840429
13.449622395833302	144.3070864840429
13.549622395833302	144.3070864840429
13.649622395833301	144.3070864840429
13.7496223958333	144.3070864840429
13.8496223958333	144.3070864840429
13.9496223958333	144.3070864840429
14.0496223958333	144.3070864840429
14.1496223958333	144.3070864840429
14.249622395833299	144.3070864840429
14.349622395833299	144.3070864840429
14.449622395833298	144.3070864840429
14.549622395833298	144.3070864840429
14.649622395833298	144.3070864840429
14.749622395833297	144.3070864840429
14.849622395833297	144.3070864840429
14.949622395833297	144.3070864840429
15.049622395833296	144.3070864840429
15.149622395833296	144.3070864840429
15.249622395833295	144.3070864840429
15.349622395833295	144.3070864840429
15.449622395833295	144.3070864840429
15.549622395833294	144.3070864840429
15.649622395833294	144.3070864840429
15.749622395833294	144.3070864840429
15.849622395833293	144.3070864840429
15.949622395833293	144.3070864840429
16.049622395833293	144.3070864840429
16.149622395833294	144.3070864840429
16.249622395833295	144.3070864840429
16.349622395833297	144.3070864840429
16.4496223958333	144.3070864840429
16.5496223958333	144.3070864840429
16.6496223958333	144.3070864840429
16.749622395833303	144.3070864840429
16.849622395833304	144.3070864840429
16.949622395833305	144.3070864840429
17.049622395833307	144.3070864840429
17.14962239583331	144.3070864840429
17.24962239583331	144.3070864840429
17.34962239583331	144.3070864840429
17.449622395833313	144.3070864840429
17.549622395833314	144.3070864840429
17.649622395833315	144.3070864840429
17.749622395833317	144.3070864840429
17.849622395833318	144.3070864840429
17.94962239583332	144.3070864840429
18.04962239583332	144.3070864840429
18.149622395833322	144.3070864840429
18.249622395833324	144.3070864840429
18.349622395833325	144.3070864840429
18.449622395833327	144.3070864840429
18.549622395833328	144.3070864840429
18.64962239583333	144.3070864840429
18.74962239583333	144.3070864840429
18.849622395833332	144.3070864840429
18.949622395833334	144.3070864840429
19.049622395833335	144.3070864840429
19.149622395833337	144.3070864840429
19.249622395833338	144.3070864840429
19.34962239583334	144.3070864840429
19.44962239583334	144.3070864840429
19.549622395833342	144.3070864840429
19.649622395833344	144.3070864840429
19.749622395833345	144.3070864840429
19.849622395833347	144.3070864840429
19.949622395833348	144.3070864840429
20.04962239583335	144.3070864840429
20.14962239583335	144.3070864840429
20.249622395833352	144.3070864840429
20.349622395833354	144.3070864840429
20.449622395833355	144.3070864840429
20.549622395833357	144.3070864840429
20.649622395833358	144.3070864840429
20.74962239583336	144.3070864840429
20.84962239583336	144.3070864840429
20.949622395833362	144.3070864840429
21.049622395833364	144.3070864840429
21.149622395833365	144.3070864840429
21.249622395833367	144.3070864840429
21.349622395833368	144.3070864840429
21.44962239583337	144.3070864840429
21.54962239583337	144.3070864840429
21.649622395833372	144.3070864840429
21.749622395833374	144.3070864840429
21.849622395833375	144.3070864840429
21.949622395833376	144.3070864840429
22.049622395833378	144.3070864840429
22.14962239583338	144.3070864840429
22.24962239583338	144.3070864840429
22.349622395833382	144.3070864840429
22.449622395833384	144.3070864840429
22.549622395833385	144.3070864840429
22.649622395833386	144.3070864840429
22.749622395833388	144.3070864840429
22.84962239583339	144.3070864840429
22.94962239583339	144.3070864840429
23.049622395833392	144.3070864840429
23.149622395833394	144.3070864840429
23.249622395833395	144.3070864840429
23.349622395833396	144.3070864840429
23.449622395833398	144.3070864840429
23.5496223958334	144.3070864840429
23.6496223958334	144.3070864840429
23.749622395833402	144.3070864840429
23.849622395833403	144.31863051257096
23.949622395833405	144.4170171027254
24.049622395833406	144.51543710629792
24.149622395833408	144.6138571132866
24.24962239583341	144.71227710397918
24.34962239583341	144.81069710770942
24.449622395833412	144.90911710901253
24.549622395833413	145.0075371132334
24.649622395833415	145.10595711290742
24.749622395833416	145.2043771110803
24.849622395833418	145.3027971066172
24.94962239583342	145.40121710215436
25.04962239583342	145.49963710318025
25.149622395833422	145.59805711252773
25.232908067542215	145.67934364977074
1000025.2329080675	145.67934364977074
