-100000	0
0	0
0.0033333333333333335	0.03269087404263519
0.008333333333333333	0.08241351222525685
0.01583333333333333	0.15784367347718706
0.02708333333333333	0.27234171586423134
0.043958333333333335	0.4463037552161039
0.06927083333333334	0.7109832529167397
0.10723958333333333	1.1142955417366542
0.16419270833333333	1.7299185607198329
0.24962239583333334	2.6708414424291607
0.3496223958333333	3.7915451100144484
0.4496223958333333	4.927502933181417
0.5496223958333333	6.074776368144331
0.6496223958333333	7.230537609515598
0.7496223958333332	8.392765822375402
0.8496223958333332	9.559674804903263
0.9496223958333332	10.729830570038681
1.0496223958333333	11.902021398779306
1.1496223958333334	13.075248377709908
1.2496223958333335	14.24872665379103
1.3496223958333335	15.422296166212085
1.4496223958333336	16.59590166261909
1.5496223958333337	17.769496835414078
1.6496223958333338	18.94306783218167
1.749622395833334	20.1166225381902
1.849622395833334	21.29016609597857
1.949622395833334	22.463698300434714
2.049622395833334	23.63721959607724
2.149622395833334	24.81073657639745
2.249622395833334	25.9842531405268
2.349622395833334	27.15777281280472
2.4496223958333343	28.331297212167097
2.5496223958333344	29.504827616009766
2.6496223958333345	30.678364864421134
2.7496223958333346	31.851909635481825
2.8496223958333347	33.02546320326779
2.9496223958333347	34.19902167307029
3.049622395833335	35.37257917040277
3.149622395833335	36.54613477547442
3.249622395833335	37.719695099850426
3.349622395833335	38.89325781156528
3.449622395833335	40.06682157705446
3.5496223958333353	41.24038541166089
3.6496223958333354	42.41395236695909
3.7496223958333355	43.58752207703511
3.8496223958333355	44.76109394289236
3.9496223958333356	45.93466674437858
4.049622395833335	47.10823995550181
4.149622395833335	48.28181293686084
4.249622395833335	49.4553849066326
4.349622395833334	50.62895513599885
4.449622395833334	51.80252335950222
4.5496223958333335	52.9760898915529
4.649622395833333	54.14965489066553
4.749622395833333	55.323216845432036
4.849622395833332	56.496773634886324
4.949622395833332	57.67032313368403
5.049622395833332	58.843864153189635
5.149622395833331	60.017408816106126
5.249622395833331	61.19098732668249
5.349622395833331	62.364580203960244
5.44962239583333	63.538181660822055
5.54962239583333	64.71179184472074
5.64962239583333	65.88540836416134
5.749622395833329	67.05902568687604
5.849622395833329	68.23264300959053
5.9496223958333285	69.40626033230501
6.049622395833328	70.57987765501946
6.149622395833328	71.75349497773377
6.2496223958333275	72.9271123004482
6.349622395833327	74.10072962316274
6.449622395833327	75.27434694587701
6.549622395833326	76.4479642685915
6.649622395833326	77.62158159130567
6.749622395833326	78.7951989140201
6.849622395833325	79.96881623673434
6.949622395833325	81.1424335594487
7.049622395833325	82.31605088216295
7.149622395833324	83.48966820487716
7.249622395833324	84.66328552759143
7.3496223958333236	85.83690285030558
7.449622395833323	87.01052017301991
7.549622395833323	88.18413749573406
7.6496223958333225	89.35775481844821
7.749622395833322	90.53137214116238
7.849622395833322	91.70498946387647
7.949622395833321	92.87860707084343
8.049622395833321	94.05222439489472
8.14962239583332	95.22584171894606
8.24962239583332	96.3994590296826
8.34962239583332	97.57307664994184
8.44962239583332	98.7466957427517
8.54962239583332	99.920317634638
8.649622395833319	101.09394365574079
8.749622395833319	102.26757552591303
8.849622395833318	103.4412154823053
8.949622395833318	104.61485682696109
9.049622395833318	105.78849680950056
9.149622395833317	106.96213679203987
9.249622395833317	108.13577677457937
9.349622395833316	109.30941675711888
9.449622395833316	110.48305673965827
9.549622395833316	111.65669672219768
9.649622395833315	112.83033670473696
9.749622395833315	114.00397658470679
9.849622395833315	115.17761656486395
9.949622395833314	116.35125642763957
10.049622395833314	117.52489641510331
10.149622395833314	118.69853640256683
10.249622395833313	119.87217639003053
10.349622395833313	121.04581637749446
10.449622395833313	122.21945630354085
10.549622395833312	123.39309629491315
10.649622395833312	124.56673627635516
10.749622395833311	125.74037621034572
10.849622395833311	126.91401619751558
10.94962239583331	128.08765618468559
11.04962239583331	129.26129617185543
11.14962239583331	130.43493615902548
11.24962239583331	131.44003716339822
11.34962239583331	132.4168371416685
11.449622395833309	133.393637089825
11.549622395833309	134.37043707293134
11.649622395833308	135.34723705603793
11.749622395833308	136.32403700200945
11.849622395833308	137.30083698124338
11.949622395833307	138.27763696047725
12.049622395833307	139.28392483873603
12.149622395833306	140.29032482548467
12.249622395833306	141.29672481223318
12.349622395833306	142.30312479898203
12.449622395833305	143.30952481065736
12.549622395833305	144.31592479947983
12.649622395833305	144.42036636127878
12.749622395833304	144.42036636127878
12.849622395833304	144.42036636127878
12.949622395833304	144.42036636127878
13.049622395833303	144.42036636127878
13.149622395833303	144.42036636127878
13.249622395833303	144.42036636127878
13.349622395833302	144.42036636127878
13.449622395833302	144.42036636127878
13.549622395833302	144.42036636127878
13.649622395833301	144.42036636127878
13.7496223958333	144.42036636127878
13.8496223958333	144.42036636127878
13.9496223958333	144.42036636127878
14.0496223958333	144.42036636127878
14.1496223958333	144.42036636127878
14.249622395833299	144.42036636127878
14.349622395833299	144.42036636127878
14.449622395833298	144.42036636127878
14.549622395833298	144.42036636127878
14.649622395833298	144.42036636127878
14.749622395833297	144.42036636127878
14.849622395833297	144.42036636127878
14.949622395833297	144.42036636127878
15.049622395833296	144.42036636127878
15.149622395833296	144.42036636127878
15.249622395833295	144.42036636127878
15.349622395833295	144.42036636127878
15.449622395833295	144.42036636127878
15.549622395833294	144.42036636127878
15.649622395833294	144.42036636127878
15.749622395833294	144.42036636127878
15.849622395833293	144.42036636127878
15.949622395833293	144.42036636127878
16.049622395833293	144.42036636127878
16.149622395833294	144.42036636127878
16.249622395833295	144.42036636127878
16.349622395833297	144.42036636127878
16.4496223958333	144.42036636127878
16.5496223958333	144.42036636127878
16.6496223958333	144.42036636127878
16.749622395833303	144.42036636127878
16.849622395833304	144.42036636127878
16.949622395833305	144.42036636127878
17.049622395833307	144.42036636127878
17.14962239583331	144.42036636127878
17.24962239583331	144.42036636127878
17.34962239583331	144.42036636127878
17.449622395833313	144.42036636127878
17.549622395833314	144.42036636127878
17.649622395833315	144.42036636127878
17.749622395833317	144.42036636127878
17.849622395833318	144.42036636127878
17.94962239583332	144.42036636127878
18.04962239583332	144.42036636127878
18.149622395833322	144.42036636127878
18.249622395833324	144.42036636127878
18.349622395833325	144.42036636127878
18.449622395833327	144.42036636127878
18.549622395833328	144.42036636127878
18.64962239583333	144.42036636127878
18.74962239583333	144.42036636127878
18.849622395833332	144.42036636127878
18.949622395833334	144.42036636127878
19.049622395833335	144.42036636127878
19.149622395833337	144.42036636127878
19.249622395833338	144.42036636127878
19.34962239583334	144.42036636127878
19.44962239583334	144.42036636127878
19.549622395833342	144.42036636127878
19.649622395833344	144.42036636127878
19.749622395833345	144.42036636127878
19.849622395833347	144.42036636127878
19.949622395833348	144.42036636127878
20.04962239583335	144.42036636127878
20.14962239583335	144.42036636127878
20.249622395833352	144.42036636127878
20.349622395833354	144.42036636127878
20.449622395833355	144.42036636127878
20.549622395833357	144.42036636127878
20.649622395833358	144.42036636127878
20.74962239583336	144.42036636127878
20.84962239583336	144.42036636127878
20.949622395833362	144.42036636127878
21.049622395833364	144.42036636127878
21.149622395833365	144.42036636127878
21.249622395833367	144.42036636127878
21.349622395833368	144.42036636127878
21.44962239583337	144.42036636127878
21.54962239583337	144.42036636127878
21.649622395833372	144.42036636127878
21.749622395833374	144.42036636127878
21.849622395833375	144.42036636127878
21.949622395833376	144.42036636127878
22.049622395833378	144.42036636127878
22.14962239583338	144.42036636127878
22.24962239583338	144.42036636127878
22.349622395833382	144.42036636127878
22.449622395833384	144.42036636127878
22.549622395833385	144.42036636127878
22.649622395833386	144.42036636127878
22.749622395833388	144.42036636127878
22.84962239583339	144.42036636127878
22.94962239583339	144.42036636127878
23.049622395833392	144.42036636127878
23.149622395833394	144.42036636127878
23.249622395833395	144.42036636127878
23.349622395833396	144.42036636127878
23.449622395833398	144.42036636127878
23.5496223958334	144.42036636127878
23.6496223958334	144.42036636127878
23.749622395833402	144.42036636127878
23.849622395833403	144.4575143189286
23.949622395833405	144.555934309925
24.049622395833406	144.65435430092245
24.149622395833408	144.7527742919192
24.24962239583341	144.8511942977231
24.34962239583341	144.94961428951703
24.449622395833412	145.04803424700253
24.549622395833413	145.1464541232996
24.649622395833415	145.24487413069184
24.749622395833416	145.3432941346918
24.849622395833418	145.44171413273455
24.94962239583342	145.54013413077706
25.04962239583342	145.63855412881998
25.149622395833422	145.73697406891873
25.234296435272046	145.8196271597242
1000025.2342964353	145.8196271597242
