-100000	0
0	0
0.0033333333333333335	0.03294312763800457
0.008333333333333333	0.08302358194395049
0.01583333333333333	0.1589693581345832
0.02708333333333333	0.2741990880475693
0.043958333333333335	0.44920426315819145
0.06927083333333334	0.7153505986080061
0.10723958333333333	1.120621308484636
0.16419270833333333	1.7390190539485946
0.24962239583333334	2.6835718818543493
0.3496223958333333	3.807906427190341
0.4496223958333333	4.946891320235878
0.5496223958333333	6.096718415105787
0.6496223958333333	7.254646047078538
0.7496223958333332	8.418568410539432
0.8496223958333332	9.586788405520736
0.9496223958333332	10.757915647300397
1.0496223958333333	11.930758133456544
1.1496223958333334	13.104305922792033
1.2496223958333335	14.277943887821081
1.3496223958333335	15.45158257949325
1.4496223958333336	16.625223049565957
1.5496223958333337	17.79886396014997
1.6496223958333338	18.97250330217891
1.749622395833334	20.14614264420779
1.849622395833334	21.31978198623673
1.949622395833334	22.493421328265562
2.049622395833334	23.667060670294525
2.149622395833334	24.840700012323413
2.249622395833334	26.01433935435229
2.349622395833334	27.187978696381194
2.4496223958333343	28.361618038410032
2.5496223958333344	29.535257380439024
2.6496223958333345	30.708896722467983
2.7496223958333346	31.88253606449684
2.8496223958333347	33.056175406525746
2.9496223958333347	34.229814748554645
3.049622395833335	35.40345409058355
3.149622395833335	36.57709343261253
3.249622395833335	37.75073277464136
3.349622395833335	38.92437211667028
3.449622395833335	40.09801145869918
3.5496223958333353	41.27165080072809
3.6496223958333354	42.44529014275705
3.7496223958333355	43.6189294847859
3.8496223958333355	44.792568826814815
3.9496223958333356	45.966208168843714
4.049622395833335	47.13984751087267
4.149622395833335	48.31348685290157
4.249622395833335	49.487126194930475
4.349622395833334	50.66076553695932
4.449622395833334	51.83440487898819
4.5496223958333335	53.00804422101711
4.649622395833333	54.181683563046036
4.749622395833333	55.355322905074885
4.849622395833332	56.52896224710391
4.949622395833332	57.70260158913278
5.049622395833332	58.87624093116164
5.149622395833331	60.04988608295883
5.249622395833331	61.223532599474865
5.349622395833331	62.39717221061184
5.44962239583333	63.5708118217489
5.54962239583333	64.74445143288597
5.64962239583333	65.91809104402297
5.749622395833329	67.09173065515994
5.849622395833329	68.26537026629693
5.9496223958333285	69.43900987743393
6.049622395833328	70.61264948857094
6.149622395833328	71.78628909970777
6.2496223958333275	72.9599287108447
6.349622395833327	74.13356832198153
6.449622395833327	75.30720793311852
6.549622395833326	76.48084754425523
6.649622395833326	77.6544871553921
6.749622395833326	78.82812676652887
6.849622395833325	80.00176637766566
6.949622395833325	81.17540598880241
7.049622395833325	82.34904559993925
7.149622395833324	83.52268521107601
7.249622395833324	84.69632482221284
7.3496223958333236	85.86996443334955
7.449622395833323	87.04360404448619
7.549622395833323	88.21724365562274
7.6496223958333225	89.39088326675946
7.749622395833322	90.56452287789602
7.849622395833322	91.73816248903262
7.949622395833321	92.91180869183293
8.049622395833321	94.08544839574847
8.14962239583332	95.25908809966401
8.24962239583332	96.43272780357954
8.34962239583332	97.6063675074951
8.44962239583332	98.7800072114107
8.54962239583332	99.95364691532652
8.649622395833319	101.12728661924226
8.749622395833319	102.30092632315811
8.849622395833318	103.47456602707399
8.949622395833318	104.6482031595297
9.049622395833318	105.82184284884471
9.149622395833317	106.99548253816023
9.249622395833317	108.16912222747564
9.349622395833316	109.34276191679112
9.449622395833316	110.51640160610641
9.549622395833316	111.69004129542166
9.649622395833315	112.86368098473717
9.749622395833315	114.03731582745729
9.849622395833315	115.21095549091346
9.949622395833314	116.38459252470808
10.049622395833314	117.5582321716246
10.149622395833314	118.73187181854146
10.249622395833313	119.9055114654586
10.349622395833313	121.07915111237547
10.449622395833313	122.25279022360134
10.549622395833312	123.42642931120955
10.649622395833312	124.60006895593853
10.749622395833311	125.77370805066425
10.849622395833311	126.94734712810266
10.94962239583331	128.12098676675626
11.04962239583331	129.29462640541018
11.14962239583331	130.46826604406414
11.24962239583331	131.47336922172363
11.34962239583331	132.45016832464975
11.449622395833309	133.42696744496138
11.549622395833309	134.40376714319038
11.649622395833308	135.38056684141944
11.749622395833308	136.35736533621338
11.849622395833308	137.33416502784627
11.949622395833307	138.31096471947905
12.049622395833307	139.31724435063003
12.149622395833306	140.3236440095936
12.249622395833306	141.3300436685572
12.349622395833306	142.3364433275205
12.449622395833305	143.34284358785692
12.549622395833305	144.34924326638497
12.649622395833305	144.45371612625692
12.749622395833304	144.45371612625692
12.849622395833304	144.45371612625692
12.949622395833304	144.45371612625692
13.049622395833303	144.45371612625692
13.149622395833303	144.45371612625692
13.249622395833303	144.45371612625692
13.349622395833302	144.45371612625692
13.449622395833302	144.45371612625692
13.549622395833302	144.45371612625692
13.649622395833301	144.45371612625692
13.7496223958333	144.45371612625692
13.8496223958333	144.45371612625692
13.9496223958333	144.45371612625692
14.0496223958333	144.45371612625692
14.1496223958333	144.45371612625692
14.249622395833299	144.45371612625692
14.349622395833299	144.45371612625692
14.449622395833298	144.45371612625692
14.549622395833298	144.45371612625692
14.649622395833298	144.45371612625692
14.749622395833297	144.45371612625692
14.849622395833297	144.45371612625692
14.949622395833297	144.45371612625692
15.049622395833296	144.45371612625692
15.149622395833296	144.45371612625692
15.249622395833295	144.45371612625692
15.349622395833295	144.45371612625692
15.449622395833295	144.45371612625692
15.549622395833294	144.45371612625692
15.649622395833294	144.45371612625692
15.749622395833294	144.45371612625692
15.849622395833293	144.45371612625692
15.949622395833293	144.45371612625692
16.049622395833293	144.45371612625692
16.149622395833294	144.45371612625692
16.249622395833295	144.45371612625692
16.349622395833297	144.45371612625692
16.4496223958333	144.45371612625692
16.5496223958333	144.45371612625692
16.6496223958333	144.45371612625692
16.749622395833303	144.45371612625692
16.849622395833304	144.45371612625692
16.949622395833305	144.45371612625692
17.049622395833307	144.45371612625692
17.14962239583331	144.45371612625692
17.24962239583331	144.45371612625692
17.34962239583331	144.45371612625692
17.449622395833313	144.45371612625692
17.549622395833314	144.45371612625692
17.649622395833315	144.45371612625692
17.749622395833317	144.45371612625692
17.849622395833318	144.45371612625692
17.94962239583332	144.45371612625692
18.04962239583332	144.45371612625692
18.149622395833322	144.45371612625692
18.249622395833324	144.45371612625692
18.349622395833325	144.45371612625692
18.449622395833327	144.45371612625692
18.549622395833328	144.45371612625692
18.64962239583333	144.45371612625692
18.74962239583333	144.45371612625692
18.849622395833332	144.45371612625692
18.949622395833334	144.45371612625692
19.049622395833335	144.45371612625692
19.149622395833337	144.45371612625692
19.249622395833338	144.45371612625692
19.34962239583334	144.45371612625692
19.44962239583334	144.45371612625692
19.549622395833342	144.45371612625692
19.649622395833344	144.45371612625692
19.749622395833345	144.45371612625692
19.849622395833347	144.45371612625692
19.949622395833348	144.45371612625692
20.04962239583335	144.45371612625692
20.14962239583335	144.45371612625692
20.249622395833352	144.45371612625692
20.349622395833354	144.45371612625692
20.449622395833355	144.45371612625692
20.549622395833357	144.45371612625692
20.649622395833358	144.45371612625692
20.74962239583336	144.45371612625692
20.84962239583336	144.45371612625692
20.949622395833362	144.45371612625692
21.049622395833364	144.45371612625692
21.149622395833365	144.45371612625692
21.249622395833367	144.45371612625692
21.349622395833368	144.45371612625692
21.44962239583337	144.45371612625692
21.54962239583337	144.45371612625692
21.649622395833372	144.45371612625692
21.749622395833374	144.45371612625692
21.849622395833375	144.45371612625692
21.949622395833376	144.45371612625692
22.049622395833378	144.45371612625692
22.14962239583338	144.45371612625692
22.24962239583338	144.45371612625692
22.349622395833382	144.45371612625692
22.449622395833384	144.45371612625692
22.549622395833385	144.45371612625692
22.649622395833386	144.45371612625692
22.749622395833388	144.45371612625692
22.84962239583339	144.45371612625692
22.94962239583339	144.45371612625692
23.049622395833392	144.45371612625692
23.149622395833394	144.45371612625692
23.249622395833395	144.45371612625692
23.349622395833396	144.45371612625692
23.449622395833398	144.45371612625692
23.5496223958334	144.45371612625692
23.6496223958334	144.45371612625692
23.749622395833402	144.45371612625692
23.849622395833403	144.51648783352596
23.949622395833405	144.61490778376464
24.049622395833406	144.7133277340032
24.149622395833408	144.81174768424208
24.24962239583341	144.91016456013193
24.34962239583341	145.0085852890482
24.449622395833412	145.1070044915537
24.549622395833413	145.20542216006982
24.649622395833415	145.30384212581075
24.749622395833416	145.40226209155142
24.849622395833418	145.50068205729238
24.94962239583342	145.59910202303303
25.04962239583342	145.69752198877407
25.149622395833422	145.7959419545149
25.235684803001877	145.87996291612285
1000025.235684803	145.87996291612285
