-100000	0
0	0
0.0033333333333333335	0.03294309600548676
0.008333333333333333	0.08302350537700322
0.01583333333333333	0.1589692167592598
0.02708333333333333	0.2741988595731794
0.043958333333333335	0.4492039205487567
0.06927083333333334	0.71535013452199
0.10723958333333333	1.1206207299544726
0.16419270833333333	1.739018431711672
0.24962239583333334	2.6835714689050714
0.3496223958333333	3.8079065877196503
0.4496223958333333	4.946892275230411
0.5496223958333333	6.096720276753633
0.6496223958333333	7.254648923394762
0.7496223958333332	8.418572355732223
0.8496223958333332	9.586793451584219
0.9496223958333332	10.757921743791549
1.0496223958333333	11.930765234435198
1.1496223958333334	13.104313777841622
1.2496223958333335	14.277952545061417
1.3496223958333335	15.451591938837097
1.4496223958333336	16.625231906154113
1.5496223958333337	17.79887162616426
1.6496223958333338	18.972512260980345
1.749622395833334	20.146152075057113
1.849622395833334	21.319791889134034
1.949622395833334	22.493431703210835
2.049622395833334	23.667071517287702
2.149622395833334	24.840711331364577
2.249622395833334	26.014351145441363
2.349622395833334	27.18799095951826
2.4496223958333343	28.361630773595067
2.5496223958333344	29.535270587671917
2.6496223958333345	30.708910401748764
2.7496223958333346	31.882550215825614
2.8496223958333347	33.056190029902446
2.9496223958333347	34.229829843979246
3.049622395833335	35.4034696580561
3.149622395833335	36.57710947213296
3.249622395833335	37.75074928620979
3.349622395833335	38.92438910028667
3.449622395833335	40.09802891436349
3.5496223958333353	41.27166872844038
3.6496223958333354	42.44530854251716
3.7496223958333355	43.618948356594046
3.8496223958333355	44.792588170670854
3.9496223958333356	45.96622798474765
4.049622395833335	47.13986779882457
4.149622395833335	48.31350761290133
4.249622395833335	49.48714742697826
4.349622395833334	50.660787241055104
4.449622395833334	51.834427055131776
4.5496223958333335	53.00806686920872
4.649622395833333	54.181706683285576
4.749622395833333	55.355346497362454
4.849622395833332	56.52898631143918
4.949622395833332	57.70262612551608
5.049622395833332	58.876265939593004
5.149622395833331	60.04990575366987
5.249622395833331	61.22354918028053
5.349622395833331	62.39718907069457
5.44962239583333	63.57082896110847
5.54962239583333	64.7444688515225
5.64962239583333	65.91810874193666
5.749622395833329	67.09174863235054
5.849622395833329	68.26538852276447
5.9496223958333285	69.43902841317832
6.049622395833328	70.6126683035923
6.149622395833328	71.78630819400622
6.2496223958333275	72.95994808442012
6.349622395833327	74.133587974834
6.449622395833327	75.3072278652478
6.549622395833326	76.48086775566156
6.649622395833326	77.65450764607529
6.749622395833326	78.82814753648906
6.849622395833325	80.00178742690285
6.949622395833325	81.1754273173166
7.049622395833325	82.3490672077303
7.149622395833324	83.52270709814402
7.249622395833324	84.6963469885576
7.3496223958333236	85.86998687897147
7.449622395833323	87.04362676938501
7.549622395833323	88.21726665979863
7.6496223958333225	89.39090655021232
7.749622395833322	90.56454644062586
7.849622395833322	91.73818633103937
7.949622395833321	92.91182812588849
8.049622395833321	94.0854680443394
8.14962239583332	95.25910796279054
8.24962239583332	96.43274788124153
8.34962239583332	97.60638779969271
8.44962239583332	98.78002771814396
8.54962239583332	99.95366763659501
8.649622395833319	101.12730755504633
8.749622395833319	102.30094747349767
8.849622395833318	103.4745873919489
8.949622395833318	104.64822653439468
9.049622395833318	105.82186645052641
9.149622395833317	106.99550636665839
9.249622395833317	108.16914628278997
9.349622395833316	109.3427861989218
9.449622395833316	110.51642611505369
9.549622395833316	111.69006603118532
9.649622395833315	112.86370594731707
9.749622395833315	114.03734397859955
9.849622395833315	115.2109838882983
9.949622395833314	116.38462327909842
10.049622395833314	117.558262925301
10.149622395833314	118.73190282655507
10.249622395833313	119.90554272780919
10.349622395833313	121.07918262906335
10.449622395833313	122.25282253031747
10.549622395833312	123.42646209977381
10.649622395833312	124.60010200358747
10.749622395833311	125.77374190740085
10.849622395833311	126.94738146967345
10.94962239583331	128.12102137014028
11.04962239583331	129.29466127060712
11.14962239583331	130.46830117107365
11.24962239583331	131.47340285900975
11.34962239583331	132.45020243866944
11.449622395833309	133.4270023474994
11.549622395833309	134.40380225632904
11.649622395833308	135.38060216515913
11.749622395833308	136.3574017377618
11.849622395833308	137.33420164191736
11.949622395833307	138.3110015460729
12.049622395833307	139.31728728461707
12.149622395833306	140.32368718630403
12.249622395833306	141.33008708799102
12.349622395833306	142.3364869896778
12.449622395833305	143.34288706397518
12.549622395833305	144.3492869769542
12.649622395833305	144.45373660076334
12.749622395833304	144.45373660076334
12.849622395833304	144.45373660076334
12.949622395833304	144.45373660076334
13.049622395833303	144.45373660076334
13.149622395833303	144.45373660076334
13.249622395833303	144.45373660076334
13.349622395833302	144.45373660076334
13.449622395833302	144.45373660076334
13.549622395833302	144.45373660076334
13.649622395833301	144.45373660076334
13.7496223958333	144.45373660076334
13.8496223958333	144.45373660076334
13.9496223958333	144.45373660076334
14.0496223958333	144.45373660076334
14.1496223958333	144.45373660076334
14.249622395833299	144.45373660076334
14.349622395833299	144.45373660076334
14.449622395833298	144.45373660076334
14.549622395833298	144.45373660076334
14.649622395833298	144.45373660076334
14.749622395833297	144.45373660076334
14.849622395833297	144.45373660076334
14.949622395833297	144.45373660076334
15.049622395833296	144.45373660076334
15.149622395833296	144.45373660076334
15.249622395833295	144.45373660076334
15.349622395833295	144.45373660076334
15.449622395833295	144.45373660076334
15.549622395833294	144.45373660076334
15.649622395833294	144.45373660076334
15.749622395833294	144.45373660076334
15.849622395833293	144.45373660076334
15.949622395833293	144.45373660076334
16.049622395833293	144.45373660076334
16.149622395833294	144.45373660076334
16.249622395833295	144.45373660076334
16.349622395833297	144.45373660076334
16.4496223958333	144.45373660076334
16.5496223958333	144.45373660076334
16.6496223958333	144.45373660076334
16.749622395833303	144.45373660076334
16.849622395833304	144.45373660076334
16.949622395833305	144.45373660076334
17.049622395833307	144.45373660076334
17.14962239583331	144.45373660076334
17.24962239583331	144.45373660076334
17.34962239583331	144.45373660076334
17.449622395833313	144.45373660076334
17.549622395833314	144.45373660076334
17.649622395833315	144.45373660076334
17.749622395833317	144.45373660076334
17.849622395833318	144.45373660076334
17.94962239583332	144.45373660076334
18.04962239583332	144.45373660076334
18.149622395833322	144.45373660076334
18.249622395833324	144.45373660076334
18.349622395833325	144.45373660076334
18.449622395833327	144.45373660076334
18.549622395833328	144.45373660076334
18.64962239583333	144.45373660076334
18.74962239583333	144.45373660076334
18.849622395833332	144.45373660076334
18.949622395833334	144.45373660076334
19.049622395833335	144.45373660076334
19.149622395833337	144.45373660076334
19.249622395833338	144.45373660076334
19.34962239583334	144.45373660076334
19.44962239583334	144.45373660076334
19.549622395833342	144.45373660076334
19.649622395833344	144.45373660076334
19.749622395833345	144.45373660076334
19.849622395833347	144.45373660076334
19.949622395833348	144.45373660076334
20.04962239583335	144.45373660076334
20.14962239583335	144.45373660076334
20.249622395833352	144.45373660076334
20.349622395833354	144.45373660076334
20.449622395833355	144.45373660076334
20.549622395833357	144.45373660076334
20.649622395833358	144.45373660076334
20.74962239583336	144.45373660076334
20.84962239583336	144.45373660076334
20.949622395833362	144.45373660076334
21.049622395833364	144.45373660076334
21.149622395833365	144.45373660076334
21.249622395833367	144.45373660076334
21.349622395833368	144.45373660076334
21.44962239583337	144.45373660076334
21.54962239583337	144.45373660076334
21.649622395833372	144.45373660076334
21.749622395833374	144.45373660076334
21.849622395833375	144.45373660076334
21.949622395833376	144.45373660076334
22.049622395833378	144.45373660076334
22.14962239583338	144.45373660076334
22.24962239583338	144.45373660076334
22.349622395833382	144.45373660076334
22.449622395833384	144.45373660076334
22.549622395833385	144.45373660076334
22.649622395833386	144.45373660076334
22.749622395833388	144.45373660076334
22.84962239583339	144.45373660076334
22.94962239583339	144.45373660076334
23.049622395833392	144.45373660076334
23.149622395833394	144.45373660076334
23.249622395833395	144.45373660076334
23.349622395833396	144.45373660076334
23.449622395833398	144.45373660076334
23.5496223958334	144.45373660076334
23.6496223958334	144.45373660076334
23.749622395833402	144.45388929193328
23.849622395833403	144.54215733255816
23.949622395833405	144.64057730890522
24.049622395833406	144.73899616392424
24.149622395833408	144.83741615246797
24.24962239583341	144.9358355365296
24.34962239583341	145.03425572995388
24.449622395833412	145.13267571922017
24.549622395833413	145.2310952654059
24.649622395833415	145.32951525638762
24.749622395833416	145.42793524737004
24.849622395833418	145.52635523835184
24.94962239583342	145.62477522933395
25.04962239583342	145.72319522031623
25.149622395833422	145.8216152112984
25.23707317073171	145.90700149195175
1000025.2370731707	145.90700149195175
