-100000	0
0	0
0.0033333333333333335	0.03294310834719992
0.008333333333333333	0.08302353793761517
0.01583333333333333	0.15896928286107243
0.02708333333333333	0.27419898310363217
0.043958333333333335	0.4492041434962548
0.06927083333333334	0.7153505396625927
0.10723958333333333	1.1206214683320295
0.16419270833333333	1.7390197549164417
0.24962239583333334	2.683573846459127
0.3496223958333333	3.807910393553389
0.4496223958333333	4.946897632943715
0.5496223958333333	6.096727208858644
0.6496223958333333	7.254657421009997
0.7496223958333332	8.418582356368239
0.8496223958333332	9.58680487782444
0.9496223958333332	10.757934421935467
1.0496223958333333	11.930779007248193
1.1496223958333334	13.104328316211172
1.2496223958333335	14.277967722720213
1.3496223958333335	15.451607529506242
1.4496223958333336	16.625247592808368
1.5496223958333337	17.798887624282315
1.6496223958333338	18.972526628597716
1.749622395833334	20.14616753519613
1.849622395833334	21.319807537197004
1.949622395833334	22.4934475391979
2.049622395833334	23.66708754119874
2.149622395833334	24.840727543199705
2.249622395833334	26.01436754520057
2.349622395833334	27.18800754720143
2.4496223958333343	28.361647549202363
2.5496223958333344	29.53528755120324
2.6496223958333345	30.70892755320416
2.7496223958333346	31.882567555204997
2.8496223958333347	33.056207557205845
2.9496223958333347	34.22984755920674
3.049622395833335	35.40348756120762
3.149622395833335	36.57712756320856
3.249622395833335	37.750767565209436
3.349622395833335	38.92440756721034
3.449622395833335	40.09804756921116
3.5496223958333353	41.271687571212155
3.6496223958333354	42.445327573212936
3.7496223958333355	43.61896757521386
3.8496223958333355	44.79260757721478
3.9496223958333356	45.96624757921561
4.049622395833335	47.13988758121651
4.149622395833335	48.313527583217365
4.249622395833335	49.487167585218266
4.349622395833334	50.66080758721918
4.449622395833334	51.834447589219955
4.5496223958333335	53.00808759122084
4.649622395833333	54.18172759322175
4.749622395833333	55.355367595222674
4.849622395833332	56.52900759722356
4.949622395833332	57.702647599224335
5.049622395833332	58.87628760122535
5.149622395833331	60.049927603226166
5.249622395833331	61.22356660666563
5.349622395833331	62.39720749686757
5.44962239583333	63.57084749952856
5.54962239583333	64.74448750218956
5.64962239583333	65.91812750485063
5.749622395833329	67.09176750751156
5.849622395833329	68.26540751017251
5.9496223958333285	69.4390475128334
6.049622395833328	70.61268751549451
6.149622395833328	71.78632751815525
6.2496223958333275	72.95996752081605
6.349622395833327	74.1336075234771
6.449622395833327	75.30724752613781
6.549622395833326	76.48088752879856
6.649622395833326	77.65452753145945
6.749622395833326	78.82816753412027
6.849622395833325	80.00180753678103
6.949622395833325	81.17544753944178
7.049622395833325	82.3490875421024
7.149622395833324	83.52272754476304
7.249622395833324	84.6963675474238
7.3496223958333236	85.87000755008454
7.449622395833323	87.04364755274518
7.549622395833323	88.21728755540586
7.6496223958333225	89.39092755806641
7.749622395833322	90.56456756072708
7.849622395833322	91.73820756338752
7.949622395833321	92.91184752632513
8.049622395833321	94.08548753187765
8.14962239583332	95.25912753743016
8.24962239583332	96.43276754298289
8.34962239583332	97.60640754853556
8.44962239583332	98.78004755408813
8.54962239583332	99.95368755964097
8.649622395833319	101.12732756519387
8.749622395833319	102.30096757074672
8.849622395833318	103.4746075762997
8.949622395833318	104.6482474990738
9.049622395833318	105.82188751036657
9.149622395833317	106.9955275216592
9.249622395833317	108.1691675329518
9.349622395833316	109.34280754424445
9.449622395833316	110.5164475555371
9.549622395833316	111.69008756682977
9.649622395833315	112.86372757812234
9.749622395833315	114.03736750501317
9.849622395833315	115.21100752557757
9.949622395833314	116.38464752127405
10.049622395833314	117.5582875107202
10.149622395833314	118.73192752055859
10.249622395833313	119.90556753039719
10.349622395833313	121.07920754023579
10.449622395833313	122.25284755007422
10.549622395833312	123.42648758247232
10.649622395833312	124.60012753268506
10.749622395833311	125.7737675511093
10.849622395833311	126.94740759347249
10.94962239583331	128.12104753771854
11.04962239583331	129.2946875549344
11.14962239583331	130.46832757215026
11.24962239583331	131.47342841546617
11.34962239583331	132.45022843404354
11.449622395833309	133.42702842002407
11.549622395833309	134.40382840600412
11.649622395833308	135.38062839198415
11.749622395833308	136.35742841384544
11.849622395833308	137.33422839277216
11.949622395833307	138.31102837169885
12.049622395833307	139.31731663773073
12.149622395833306	140.32371663578382
12.249622395833306	141.33011663383692
12.349622395833306	142.3365166782918
12.449622395833305	143.34291664675905
12.549622395833305	144.34931663754935
12.649622395833305	144.45375682892137
12.749622395833304	144.45375682892137
12.849622395833304	144.45375682892137
12.949622395833304	144.45375682892137
13.049622395833303	144.45375682892137
13.149622395833303	144.45375682892137
13.249622395833303	144.45375682892137
13.349622395833302	144.45375682892137
13.449622395833302	144.45375682892137
13.549622395833302	144.45375682892137
13.649622395833301	144.45375682892137
13.7496223958333	144.45375682892137
13.8496223958333	144.45375682892137
13.9496223958333	144.45375682892137
14.0496223958333	144.45375682892137
14.1496223958333	144.45375682892137
14.249622395833299	144.45375682892137
14.349622395833299	144.45375682892137
14.449622395833298	144.45375682892137
14.549622395833298	144.45375682892137
14.649622395833298	144.45375682892137
14.749622395833297	144.45375682892137
14.849622395833297	144.45375682892137
14.949622395833297	144.45375682892137
15.049622395833296	144.45375682892137
15.149622395833296	144.45375682892137
15.249622395833295	144.45375682892137
15.349622395833295	144.45375682892137
15.449622395833295	144.45375682892137
15.549622395833294	144.45375682892137
15.649622395833294	144.45375682892137
15.749622395833294	144.45375682892137
15.849622395833293	144.45375682892137
15.949622395833293	144.45375682892137
16.049622395833293	144.45375682892137
16.149622395833294	144.45375682892137
16.249622395833295	144.45375682892137
16.349622395833297	144.45375682892137
16.4496223958333	144.45375682892137
16.5496223958333	144.45375682892137
16.6496223958333	144.45375682892137
16.749622395833303	144.45375682892137
16.849622395833304	144.45375682892137
16.949622395833305	144.45375682892137
17.049622395833307	144.45375682892137
17.14962239583331	144.45375682892137
17.24962239583331	144.45375682892137
17.34962239583331	144.45375682892137
17.449622395833313	144.45375682892137
17.549622395833314	144.45375682892137
17.649622395833315	144.45375682892137
17.749622395833317	144.45375682892137
17.849622395833318	144.45375682892137
17.94962239583332	144.45375682892137
18.04962239583332	144.45375682892137
18.149622395833322	144.45375682892137
18.249622395833324	144.45375682892137
18.349622395833325	144.45375682892137
18.449622395833327	144.45375682892137
18.549622395833328	144.45375682892137
18.64962239583333	144.45375682892137
18.74962239583333	144.45375682892137
18.849622395833332	144.45375682892137
18.949622395833334	144.45375682892137
19.049622395833335	144.45375682892137
19.149622395833337	144.45375682892137
19.249622395833338	144.45375682892137
19.34962239583334	144.45375682892137
19.44962239583334	144.45375682892137
19.549622395833342	144.45375682892137
19.649622395833344	144.45375682892137
19.749622395833345	144.45375682892137
19.849622395833347	144.45375682892137
19.949622395833348	144.45375682892137
20.04962239583335	144.45375682892137
20.14962239583335	144.45375682892137
20.249622395833352	144.45375682892137
20.349622395833354	144.45375682892137
20.449622395833355	144.45375682892137
20.549622395833357	144.45375682892137
20.649622395833358	144.45375682892137
20.74962239583336	144.45375682892137
20.84962239583336	144.45375682892137
20.949622395833362	144.45375682892137
21.049622395833364	144.45375682892137
21.149622395833365	144.45375682892137
21.249622395833367	144.45375682892137
21.349622395833368	144.45375682892137
21.44962239583337	144.45375682892137
21.54962239583337	144.45375682892137
21.649622395833372	144.45375682892137
21.749622395833374	144.45375682892137
21.849622395833375	144.45375682892137
21.949622395833376	144.45375682892137
22.049622395833378	144.45375682892137
22.14962239583338	144.45375682892137
22.24962239583338	144.45375682892137
22.349622395833382	144.45375682892137
22.449622395833384	144.45375682892137
22.549622395833385	144.45375682892137
22.649622395833386	144.45375682892137
22.749622395833388	144.45375682892137
22.84962239583339	144.45375682892137
22.94962239583339	144.45375682892137
23.049622395833392	144.45375682892137
23.149622395833394	144.45375682892137
23.249622395833395	144.45375682892137
23.349622395833396	144.45375682892137
23.449622395833398	144.45375682892137
23.5496223958334	144.45375682892137
23.6496223958334	144.45375682892137
23.749622395833402	144.46939921173455
23.849622395833403	144.5678192205395
23.949622395833405	144.66623922934437
24.049622395833406	144.76465932796563
24.149622395833408	144.86307931637194
24.24962239583341	144.96149926998996
24.34962239583341	145.05991930746674
24.449622395833412	145.15833929231712
24.549622395833413	145.25675925747143
24.649622395833415	145.35517925987853
24.749622395833416	145.4535992622856
24.849622395833418	145.55201926469286
24.94962239583342	145.65043926710007
25.04962239583342	145.7488592695072
25.149622395833422	145.8472792719143
25.23846153846154	145.9340315610102
1000025.2384615385	145.9340315610102
