-100000	0
0	0
0.0033333333333333335	0.03294306355284465
0.008333333333333333	0.08302342780444463
0.01583333333333333	0.15896907643505007
0.02708333333333333	0.2741986424455064
0.043958333333333335	0.44920361599202735
0.06927083333333334	0.7153497743742422
0.10723958333333333	1.12062041359537
0.16419270833333333	1.739018361660008
0.24962239583333334	2.6835721898831015
0.3496223958333333	3.807908716087199
0.4496223958333333	4.946896152325255
0.5496223958333333	6.096726093636145
0.6496223958333333	7.254656788285462
0.7496223958333332	8.418582269655426
0.8496223958333332	9.586805289757192
0.9496223958333332	10.75793537332279
1.0496223958333333	11.930780357427736
1.1496223958333334	13.10433005081582
1.2496223958333335	14.277969623753098
1.3496223958333335	15.451609470615356
1.4496223958333336	16.625249472216385
1.5496223958333337	17.798889467676492
1.6496223958333338	18.97252946313668
1.749622395833334	20.146169671616313
1.849622395833334	21.319809476177255
1.949622395833334	22.493449475740185
2.049622395833334	23.667089475303147
2.149622395833334	24.840729474866126
2.249622395833334	26.014369474429092
2.349622395833334	27.18800947399203
2.4496223958333343	28.36164947355495
2.5496223958333344	29.5352894731179
2.6496223958333345	30.70892947268091
2.7496223958333346	31.882569472243766
2.8496223958333347	33.05620947180679
2.9496223958333347	34.22984947136977
3.049622395833335	35.40348947093267
3.149622395833335	36.577129470495684
3.249622395833335	37.75076947005854
3.349622395833335	38.9244094696215
3.449622395833335	40.09804946918442
3.5496223958333353	41.27168946874743
3.6496223958333354	42.44532946831032
3.7496223958333355	43.61896946787331
3.8496223958333355	44.7926094674363
3.9496223958333356	45.96624946699924
4.049622395833335	47.13988946656219
4.149622395833335	48.31352946612518
4.249622395833335	49.487169465688005
4.349622395833334	50.660809465251006
4.449622395833334	51.834449464814
4.5496223958333335	53.00808946437689
4.649622395833333	54.18172946393985
4.749622395833333	55.355369463502825
4.849622395833332	56.52900946306581
4.949622395833332	57.70264946262873
5.049622395833332	58.87628946219165
5.149622395833331	60.04992946175458
5.249622395833331	61.22356946131755
5.349622395833331	62.39720948525672
5.44962239583333	63.57084948467558
5.54962239583333	64.74448948409432
5.64962239583333	65.91812948351304
5.749622395833329	67.09176948293197
5.849622395833329	68.26540948235065
5.9496223958333285	69.4390494817693
6.049622395833328	70.61268948118799
6.149622395833328	71.78632948060662
6.2496223958333275	72.9599694800254
6.349622395833327	74.13360947944402
6.449622395833327	75.30724947886269
6.549622395833326	76.4808894782813
6.649622395833326	77.65452947769988
6.749622395833326	78.82816947711845
6.849622395833325	80.00180947653699
6.949622395833325	81.17544947595545
7.049622395833325	82.3490894753741
7.149622395833324	83.52272947479247
7.249622395833324	84.69636947421088
7.3496223958333236	85.87000947362935
7.449622395833323	87.04364947304786
7.549622395833323	88.21728947246622
7.6496223958333225	89.39092947188469
7.749622395833322	90.56456947130292
7.849622395833322	91.73820947072129
7.949622395833321	92.91184947886217
8.049622395833321	94.08548947767501
8.14962239583332	95.2591294764881
8.24962239583332	96.43276947530127
8.34962239583332	97.6064094741143
8.44962239583332	98.78004947292732
8.54962239583332	99.95368947174062
8.649622395833319	101.12732947055396
8.749622395833319	102.3009694693672
8.849622395833318	103.47460946818057
8.949622395833318	104.64824948480238
9.049622395833318	105.82188948234753
9.149622395833317	106.99552947989297
9.249622395833317	108.16916947743799
9.349622395833316	109.34280947498323
9.449622395833316	110.51644947252855
9.549622395833316	111.69008947007376
9.649622395833315	112.86372946761902
9.749622395833315	114.03736948390905
9.849622395833315	115.2110094794388
9.949622395833314	116.38464946920223
10.049622395833314	117.55828948223984
10.149622395833314	118.73192948020053
10.249622395833313	119.90556947816128
10.349622395833313	121.0792094761222
10.449622395833313	122.252849474083
10.549622395833312	123.42648947204373
10.649622395833312	124.60012947878913
10.749622395833311	125.77376947502633
10.849622395833311	126.94740947126348
10.94962239583331	128.12104946870363
11.04962239583331	129.29468947340771
11.14962239583331	130.46832946878226
11.24962239583331	131.473430353667
11.34962239583331	132.45023034815077
11.449622395833309	133.42703035114482
11.549622395833309	134.4038303541385
11.649622395833308	135.3806303571325
11.749622395833308	136.35743035243763
11.849622395833308	137.33423035678072
11.949622395833307	138.31103036112356
12.049622395833307	139.31731858233155
12.149622395833306	140.32371858286012
12.249622395833306	141.3301185833888
12.349622395833306	142.33651857562705
12.449622395833305	143.3429185778229
12.549622395833305	144.3493185825146
12.649622395833305	144.45375879013832
12.749622395833304	144.45375879013832
12.849622395833304	144.45375879013832
12.949622395833304	144.45375879013832
13.049622395833303	144.45375879013832
13.149622395833303	144.45375879013832
13.249622395833303	144.45375879013832
13.349622395833302	144.45375879013832
13.449622395833302	144.45375879013832
13.549622395833302	144.45375879013832
13.649622395833301	144.45375879013832
13.7496223958333	144.45375879013832
13.8496223958333	144.45375879013832
13.9496223958333	144.45375879013832
14.0496223958333	144.45375879013832
14.1496223958333	144.45375879013832
14.249622395833299	144.45375879013832
14.349622395833299	144.45375879013832
14.449622395833298	144.45375879013832
14.549622395833298	144.45375879013832
14.649622395833298	144.45375879013832
14.749622395833297	144.45375879013832
14.849622395833297	144.45375879013832
14.949622395833297	144.45375879013832
15.049622395833296	144.45375879013832
15.149622395833296	144.45375879013832
15.249622395833295	144.45375879013832
15.349622395833295	144.45375879013832
15.449622395833295	144.45375879013832
15.549622395833294	144.45375879013832
15.649622395833294	144.45375879013832
15.749622395833294	144.45375879013832
15.849622395833293	144.45375879013832
15.949622395833293	144.45375879013832
16.049622395833293	144.45375879013832
16.149622395833294	144.45375879013832
16.249622395833295	144.45375879013832
16.349622395833297	144.45375879013832
16.4496223958333	144.45375879013832
16.5496223958333	144.45375879013832
16.6496223958333	144.45375879013832
16.749622395833303	144.45375879013832
16.849622395833304	144.45375879013832
16.949622395833305	144.45375879013832
17.049622395833307	144.45375879013832
17.14962239583331	144.45375879013832
17.24962239583331	144.45375879013832
17.34962239583331	144.45375879013832
17.449622395833313	144.45375879013832
17.549622395833314	144.45375879013832
17.649622395833315	144.45375879013832
17.749622395833317	144.45375879013832
17.849622395833318	144.45375879013832
17.94962239583332	144.45375879013832
18.04962239583332	144.45375879013832
18.149622395833322	144.45375879013832
18.249622395833324	144.45375879013832
18.349622395833325	144.45375879013832
18.449622395833327	144.45375879013832
18.549622395833328	144.45375879013832
18.64962239583333	144.45375879013832
18.74962239583333	144.45375879013832
18.849622395833332	144.45375879013832
18.949622395833334	144.45375879013832
19.049622395833335	144.45375879013832
19.149622395833337	144.45375879013832
19.249622395833338	144.45375879013832
19.34962239583334	144.45375879013832
19.44962239583334	144.45375879013832
19.549622395833342	144.45375879013832
19.649622395833344	144.45375879013832
19.749622395833345	144.45375879013832
19.849622395833347	144.45375879013832
19.949622395833348	144.45375879013832
20.04962239583335	144.45375879013832
20.14962239583335	144.45375879013832
20.249622395833352	144.45375879013832
20.349622395833354	144.45375879013832
20.449622395833355	144.45375879013832
20.549622395833357	144.45375879013832
20.649622395833358	144.45375879013832
20.74962239583336	144.45375879013832
20.84962239583336	144.45375879013832
20.949622395833362	144.45375879013832
21.049622395833364	144.45375879013832
21.149622395833365	144.45375879013832
21.249622395833367	144.45375879013832
21.349622395833368	144.45375879013832
21.44962239583337	144.45375879013832
21.54962239583337	144.45375879013832
21.649622395833372	144.45375879013832
21.749622395833374	144.45375879013832
21.849622395833375	144.45375879013832
21.949622395833376	144.45375879013832
22.049622395833378	144.45375879013832
22.14962239583338	144.45375879013832
22.24962239583338	144.45375879013832
22.349622395833382	144.45375879013832
22.449622395833384	144.45375879013832
22.549622395833385	144.45375879013832
22.649622395833386	144.45375879013832
22.749622395833388	144.45375879013832
22.84962239583339	144.45375879013832
22.94962239583339	144.45375879013832
23.049622395833392	144.45375879013832
23.149622395833394	144.45375879013832
23.249622395833395	144.45664720340613
23.349622395833396	144.47735284744434
23.449622395833398	144.52851936471737
23.5496223958334	144.600882751723
23.6496223958334	144.69277913960553
23.749622395833402	144.7893176711298
23.849622395833403	144.8877376786324
23.949622395833405	144.9861576788956
24.049622395833406	145.08457767915917
24.149622395833408	145.18299767942247
24.24962239583341	145.2814176796858
24.34962239583341	145.3798377032625
24.449622395833412	145.47825771597664
24.549622395833413	145.57667771974158
24.649622395833415	145.67509772088013
24.749622395833416	145.77351770450815
24.849622395833418	145.87193770461556
24.94962239583342	145.97035770472314
25.04962239583342	146.06877770483067
25.149622395833422	146.1671977091429
25.23984990619137	146.25531641218663
1000025.2398499062	146.25531641218663
