-100000	0
5.748293211454591	0
5.751626544787924	0.000000546120406049067
5.756626544787924	0.000006234396717803068
5.764126544787924	0.00003668799968341955
5.775376544787925	0.00016861642744543607
5.792251544787924	0.0006856765670811289
5.817564044787924	0.0026111699755024483
5.8555327947879245	0.009501433835751843
5.912485919787924	0.03241169949388993
5.997915607287924	0.09562106092811345
6.0979156072879235	0.20951781585396095
6.197915607287923	0.3621638655242637
6.297915607287923	0.5498782800703534
6.397915607287922	0.7697239622133348
6.497915607287922	1.01917778871104
6.597915607287922	1.2961935602323282
6.697915607287921	1.5990815815222774
6.797915607287921	1.9262658163302946
6.897915607287921	2.276379012905133
6.99791560728792	2.6482671476018083
7.09791560728792	3.0406852247902076
7.19791560728792	3.4526148527012714
7.297915607287919	3.883233988570779
7.397915607287919	4.331597939634016
7.4979156072879185	4.796887385384762
7.597915607287918	5.278305724685358
7.697915607287918	5.775025533365875
7.797915607287917	6.286525931004542
7.897915607287917	6.812085721978815
7.997915607287917	7.3511329733046225
8.097915607287916	7.902997333867623
8.197915607287916	8.467284757119367
8.297915607287916	9.043341870246305
8.397915607287915	9.63080623657036
8.497915607287915	10.22912171290037
8.597915607287915	10.837850049139258
8.697915607287914	11.456512823971979
8.797915607287914	12.084823505244811
8.897915607287914	12.722368813111824
8.997915607287913	13.368799363173698
9.097915607287913	14.023842673899258
9.197915607287912	14.687117135600213
9.297915607287912	15.35845244205297
9.397915607287912	16.03747786706524
9.497915607287911	16.724097963052262
9.597915607287911	17.418023396735904
9.69791560728791	18.119098609524052
9.79791560728791	18.82710888156233
9.89791560728791	19.541902808260836
9.99791560728791	20.263274125952915
10.09791560728791	20.991081576640877
10.197915607287909	21.725110514152227
10.297915607287909	22.465183596184534
10.397915607287908	23.21112029807212
10.497915607287908	23.962710896843188
10.597915607287907	24.719792850226327
10.697915607287907	25.482184651387485
10.797915607287907	26.249687567093694
10.897915607287906	27.022128074637852
10.997915607287906	27.799305972909433
11.097915607287906	28.581020991359278
11.197915607287905	29.367089571608965
11.297915607287905	30.15729409738004
11.397915607287905	30.951435384522245
11.497915607287904	31.74930852948757
11.597915607287904	32.55067936730157
11.697915607287904	33.35534631518181
11.797915607287903	34.1630770322684
11.897915607287903	34.973626761837714
11.997915607287903	35.78679811100717
12.097915607287902	36.602330629021935
12.197915607287902	37.41997226144691
12.297915607287901	38.239473076066254
12.397915607287901	39.06058600477014
12.4979156072879	39.88304914461373
12.5979156072879	40.706600339875095
12.6979156072879	41.53097353635692
12.7979156072879	41.97128130867863
12.8979156072879	42.241281308679056
12.997915607287899	42.511281308679386
13.097915607287899	42.78128130867984
13.197915607287898	43.05128130868017
13.297915607287898	43.32128130868054
13.397915607287898	43.59128130868093
13.497915607287897	43.86128130868127
13.597915607287897	44.13128130868154
13.697915607287896	44.401281308681995
13.797915607287896	44.67128130868224
13.897915607287896	44.941281308682676
13.997915607287895	45.21128130868288
14.097915607287895	45.48128130868326
14.197915607287895	45.751281308683666
14.297915607287894	46.02128130868386
14.397915607287894	46.291281308684106
14.497915607287894	46.56128130868439
14.597915607287893	46.83128130868469
14.697915607287893	47.10128130868495
14.797915607287893	47.3712813086853
14.897915607287892	47.641281308685535
14.997915607287892	47.911281308685766
15.097915607287892	48.181281308686046
15.197915607287891	48.45128130868624
15.29791560728789	48.72128130868652
15.39791560728789	48.991281308686695
15.49791560728789	49.26128130868689
15.59791560728789	49.531281308687156
15.69791560728789	49.801281308687415
15.797915607287889	50.07128130868747
15.897915607287889	50.34128130868775
15.997915607287888	50.611281308687985
16.097915607287888	50.881281308688166
16.19791560728789	51.15128130868834
16.29791560728789	51.421281308688535
16.397915607287892	51.69128130868869
16.497915607287894	51.961281308688825
16.597915607287895	52.23128130868904
16.697915607287896	52.50128130868926
16.797915607287898	52.771281308689325
16.8979156072879	53.04128130868956
16.9979156072879	53.31128130868971
17.097915607287902	53.581281308689825
17.197915607287904	53.851281308689956
17.297915607287905	54.12128130869002
17.397915607287906	54.39128130869022
17.497915607287908	54.66128130869029
17.59791560728791	54.93128130869039
17.69791560728791	55.201281308690646
17.797915607287912	55.47128130869071
17.897915607287914	55.741281308690844
17.997915607287915	56.011281308690904
18.097915607287916	56.28128130869112
18.197915607287918	56.55128130869113
18.29791560728792	56.821281308691326
18.39791560728792	57.091281308691336
18.497915607287922	57.36128130869145
18.597915607287923	57.631281308691534
18.697915607287925	57.90128130869161
18.797915607287926	58.17128130869168
18.897915607287928	58.44128130869179
18.99791560728793	58.711281308691845
19.09791560728793	58.98128130869196
19.197915607287932	59.25128130869192
19.297915607287933	59.521281308692046
19.397915607287935	59.79128130869219
19.497915607287936	60.06128130869224
19.597915607287938	60.33128130869217
19.69791560728794	60.6012813086923
19.79791560728794	60.87128130869237
19.897915607287942	61.14128130869244
19.997915607287943	61.41128130869247
20.097915607287945	61.681281308692554
20.197915607287946	61.951281308692494
20.297915607287948	62.221281308692646
20.39791560728795	62.49128130869258
20.49791560728795	62.76128130869264
20.597915607287952	63.031281308692655
20.697915607287953	63.301281308692715
20.797915607287955	63.57128130869272
20.897915607287956	63.84128130869279
20.997915607287958	64.11128130869271
21.09791560728796	64.38128130869276
21.19791560728796	64.65128130869279
21.297915607287962	64.92128130869281
21.397915607287963	65.19128130869291
21.497915607287965	65.46128130869295
21.597915607287966	65.73128130869294
21.697915607287968	66.00128130869302
21.79791560728797	66.27128130869293
21.89791560728797	66.54128130869289
21.997915607287972	66.81128130869291
22.097915607287973	67.08128130869304
22.197915607287975	67.35128130869293
22.297915607287976	67.62128130869301
22.397915607287977	67.891281308693
22.49791560728798	68.16128130869313
22.59791560728798	68.431281308693
22.69791560728798	68.70128130869305
22.797915607287983	68.971281308693
22.897915607287985	69.24128130869312
22.997915607287986	69.511281308693
23.097915607287987	69.78128130869294
23.19791560728799	70.051281308693
23.29791560728799	70.32128130869305
23.39791560728799	70.59128130869306
23.45	70.73190916901558
1000023.45	70.73190916901558
