-100000	0
0	0
0.0033333333333333335	0.032942930691112315
0.008333333333333333	0.0830230977048178
0.01583333333333333	0.15896845514015484
0.02708333333333333	0.2741975945910954
0.043958333333333335	0.4492019482300612
0.06927083333333334	0.7153472210851995
0.10723958333333333	1.1206166324790494
0.16419270833333333	1.739012893258298
0.24962239583333334	2.6835645423736088
0.3496223958333333	3.8078989810654713
0.4496223958333333	4.94688476452432
0.5496223958333333	6.096713409000293
0.6496223958333333	7.2546431096089705
0.7496223958333332	8.418567845612564
0.8496223958333332	9.58679032301494
0.9496223958333332	10.757920029175587
1.0496223958333333	11.930764752964725
1.1496223958333334	13.104314273322428
1.2496223958333335	14.27795374293416
1.3496223958333335	15.451593555797416
1.4496223958333336	16.625233551700358
1.5496223958333337	17.79887354827544
1.6496223958333338	18.972513544850507
1.749622395833334	20.14615354142554
1.849622395833334	21.319793750881136
1.949622395833334	22.493433565316725
2.049622395833334	23.667073564873107
2.149622395833334	24.84071356442942
2.249622395833334	26.014353563985775
2.349622395833334	27.187993563542086
2.4496223958333343	28.361633563098398
2.5496223958333344	29.535273562654712
2.6496223958333345	30.70891356221107
2.7496223958333346	31.882553561767427
2.8496223958333347	33.05619356132381
2.9496223958333347	34.22983356088008
3.049622395833335	35.403473560436375
3.149622395833335	36.577113559992725
3.249622395833335	37.75075355954911
3.349622395833335	38.92439355910541
3.449622395833335	40.09803355866172
3.5496223958333353	41.271673558218
3.6496223958333354	42.44531355777443
3.7496223958333355	43.61895355733081
3.8496223958333355	44.79259355688715
3.9496223958333356	45.966233556443456
4.049622395833335	47.139873555999685
4.149622395833335	48.313513555556106
4.249622395833335	49.48715355511244
4.349622395833334	50.66079355466867
4.449622395833334	51.834433554225086
4.5496223958333335	53.00807355378132
4.649622395833333	54.1817135533378
4.749622395833333	55.355353552894094
4.849622395833332	56.52899355245041
4.949622395833332	57.702633552006695
5.049622395833332	58.876273551563074
5.149622395833331	60.049913551119296
5.249622395833331	61.223553550675696
5.349622395833331	62.39719374684131
5.44962239583333	63.57083357025681
5.54962239583333	64.7444735696662
5.64962239583333	65.91811356907569
5.749622395833329	67.09175356848506
5.849622395833329	68.2653935678943
5.9496223958333285	69.43903356730365
6.049622395833328	70.61267356671284
6.149622395833328	71.78631356612222
6.2496223958333275	72.95995356553155
6.349622395833327	74.1335935649408
6.449622395833327	75.30723356435001
6.549622395833326	76.48087356375916
6.649622395833326	77.65451356316852
6.749622395833326	78.82815356257757
6.849622395833325	80.0017935619867
6.949622395833325	81.17543356139582
7.049622395833325	82.34907356080488
7.149622395833324	83.52271356021386
7.249622395833324	84.69635355962305
7.3496223958333236	85.86999355903205
7.449622395833323	87.04363355844109
7.549622395833323	88.21727355785009
7.6496223958333225	89.39091355725907
7.749622395833322	90.56455355666796
7.849622395833322	91.73819355607696
7.949622395833321	92.91183356420113
8.049622395833321	94.08547356302107
8.14962239583332	95.25911356184118
8.24962239583332	96.43275356066124
8.34962239583332	97.60639355948155
8.44962239583332	98.78003355830175
8.54962239583332	99.9536735571221
8.649622395833319	101.12731355594238
8.749622395833319	102.30095355476297
8.849622395833318	103.47459355358332
8.949622395833318	104.64823357029316
9.049622395833318	105.82187356781107
9.149622395833317	106.99551356532886
9.249622395833317	108.16915356284659
9.349622395833316	109.34279356036444
9.449622395833316	110.51643355788217
9.549622395833316	111.69007355539988
9.649622395833315	112.86371355291772
9.749622395833315	114.03735356994468
9.849622395833315	115.21099356542372
9.949622395833314	116.38463356090259
10.049622395833314	117.55827356784658
10.149622395833314	118.73191356587536
10.249622395833313	119.90555356390409
10.349622395833313	121.07919356193293
10.449622395833313	122.25283355996167
10.549622395833312	123.42647355799043
10.649622395833312	124.60011355257859
10.749622395833311	125.77375356194867
10.849622395833311	126.94739355836114
10.94962239583331	128.12103355477402
11.04962239583331	129.2946735606476
11.14962239583331	130.46831355432388
11.24962239583331	131.4734144409347
11.34962239583331	132.45021443380952
11.449622395833309	133.427014436789
11.549622395833309	134.40381443976813
11.649622395833308	135.3806144427474
11.749622395833308	136.35741443805728
11.849622395833308	137.3342144422271
11.949622395833307	138.31101444639717
12.049622395833307	139.31730266772303
12.149622395833306	140.32370266835878
12.249622395833306	141.33010266899427
12.349622395833306	142.33650266146168
12.449622395833305	143.3429026635717
12.549622395833305	144.3493026681996
12.649622395833305	144.45374287542342
12.749622395833304	144.45374287542342
12.849622395833304	144.45374287542342
12.949622395833304	144.45374287542342
13.049622395833303	144.45374287542342
13.149622395833303	144.45374287542342
13.249622395833303	144.45374287542342
13.349622395833302	144.45374287542342
13.449622395833302	144.45374287542342
13.549622395833302	144.45374287542342
13.649622395833301	144.45374287542342
13.7496223958333	144.45374287542342
13.8496223958333	144.45374287542342
13.9496223958333	144.45374287542342
14.0496223958333	144.45374287542342
14.1496223958333	144.45374287542342
14.249622395833299	144.45374287542342
14.349622395833299	144.45374287542342
14.449622395833298	144.45374287542342
14.549622395833298	144.45374287542342
14.649622395833298	144.45374287542342
14.749622395833297	144.45374287542342
14.849622395833297	144.45374287542342
14.949622395833297	144.45374287542342
15.049622395833296	144.45374287542342
15.149622395833296	144.45374287542342
15.249622395833295	144.45374287542342
15.349622395833295	144.45374287542342
15.449622395833295	144.45374287542342
15.549622395833294	144.45374287542342
15.649622395833294	144.45374287542342
15.749622395833294	144.45374287542342
15.849622395833293	144.45374287542342
15.949622395833293	144.45374287542342
16.049622395833293	144.45374287542342
16.149622395833294	144.45374287542342
16.249622395833295	144.45374287542342
16.349622395833297	144.45374287542342
16.4496223958333	144.45374287542342
16.5496223958333	144.45374287542342
16.6496223958333	144.45374287542342
16.749622395833303	144.45374287542342
16.849622395833304	144.45374287542342
16.949622395833305	144.45374287542342
17.049622395833307	144.45374287542342
17.14962239583331	144.45374287542342
17.24962239583331	144.45374287542342
17.34962239583331	144.45374287542342
17.449622395833313	144.45374287542342
17.549622395833314	144.45374287542342
17.649622395833315	144.45374287542342
17.749622395833317	144.45374287542342
17.849622395833318	144.45374287542342
17.94962239583332	144.45374287542342
18.04962239583332	144.45374287542342
18.149622395833322	144.45374287542342
18.249622395833324	144.45374287542342
18.349622395833325	144.45374287542342
18.449622395833327	144.45374287542342
18.549622395833328	144.45374287542342
18.64962239583333	144.45374287542342
18.74962239583333	144.45374287542342
18.849622395833332	144.45374287542342
18.949622395833334	144.45374287542342
19.049622395833335	144.45374287542342
19.149622395833337	144.45374287542342
19.249622395833338	144.45374287542342
19.34962239583334	144.45374287542342
19.44962239583334	144.45374287542342
19.549622395833342	144.45374287542342
19.649622395833344	144.45374287542342
19.749622395833345	144.45374287542342
19.849622395833347	144.45374287542342
19.949622395833348	144.45374287542342
20.04962239583335	144.45374287542342
20.14962239583335	144.45374287542342
20.249622395833352	144.45374287542342
20.349622395833354	144.45374287542342
20.449622395833355	144.45374287542342
20.549622395833357	144.45374287542342
20.649622395833358	144.45374287542342
20.74962239583336	144.45374287542342
20.84962239583336	144.45374287542342
20.949622395833362	144.45374287542342
21.049622395833364	144.45374287542342
21.149622395833365	144.45374287542342
21.249622395833367	144.45374287542342
21.349622395833368	144.45374287542342
21.44962239583337	144.45374287542342
21.54962239583337	144.45374287542342
21.649622395833372	144.45374287542342
21.749622395833374	144.45374287542342
21.849622395833375	144.45374287542342
21.949622395833376	144.45374287542342
22.049622395833378	144.45374287542342
22.14962239583338	144.45374287542342
22.24962239583338	144.45374287542342
22.349622395833382	144.45374287542342
22.449622395833384	144.45374287542342
22.549622395833385	144.45374287542342
22.649622395833386	144.45374287542342
22.749622395833388	144.45374287542342
22.84962239583339	144.4546432097437
22.94962239583339	144.4747782696648
23.049622395833392	144.52137761530005
23.149622395833394	144.59491589006893
23.249622395833395	144.69179048451173
23.349622395833396	144.77492090835597
23.449622395833398	144.83211199170344
23.5496223958334	144.8634642869192
23.6496223958334	144.8752932366783
23.749622395833402	144.91257387093592
23.849622395833403	145.0109938787211
23.949622395833405	145.1094138824037
24.049622395833406	145.207833880527
24.149622395833408	145.30625387865044
24.24962239583341	145.40467387677387
24.34962239583341	145.5030938724861
24.449622395833412	145.60151386648133
24.549622395833413	145.6999338624582
24.649622395833415	145.79835386434823
24.749622395833416	145.8967738747477
24.849622395833418	145.99519387690805
24.94962239583342	146.09361387906836
25.04962239583342	146.1920338756261
25.149622395833422	146.2880494001433
25.240000000000002	146.32868671661691
1000025.24	146.32868671661691
