-100000	0
0	0
0.0033333333333333335	0.03294289818566932
0.008333333333333333	0.08302301779284821
0.01583333333333333	0.1589683101248274
0.02708333333333333	0.27419735741242124
0.043958333333333335	0.4492015883916629
0.06927083333333334	0.715346699697093
0.10723958333333333	1.1206159537173517
0.16419270833333333	1.7390120798071451
0.24962239583333334	2.6835637295674273
0.3496223958333333	3.8078984193545566
0.4496223958333333	4.946884691241673
0.5496223958333333	6.096713947635542
0.6496223958333333	7.254644328484314
0.7496223958333332	8.418569758282999
0.8496223958333332	9.58679297390797
0.9496223958333332	10.757923276547997
1.0496223958333333	11.930768564827739
1.1496223958333334	13.1043184039341
1.2496223958333335	14.27795814739158
1.3496223958333335	15.451598080777154
1.4496223958333336	16.62523805990849
1.5496223958333337	17.798878075026703
1.6496223958333338	18.972518090144895
1.749622395833334	20.14615810526315
1.849622395833334	21.31979812038135
1.949622395833334	22.493438042637113
2.049622395833334	23.66707804510835
2.149622395833334	24.840718047579664
2.249622395833334	26.01435805005091
2.349622395833334	27.187998052522186
2.4496223958333343	28.361638054993435
2.5496223958333344	29.53527805746472
2.6496223958333345	30.708918059935982
2.7496223958333346	31.882558062407252
2.8496223958333347	33.05619806487848
2.9496223958333347	34.229838067349775
3.049622395833335	35.40347806982105
3.149622395833335	36.577118072292286
3.249622395833335	37.75075807476355
3.349622395833335	38.92439807723475
3.449622395833335	40.09803807970601
3.5496223958333353	41.27167808217738
3.6496223958333354	42.445318084648584
3.7496223958333355	43.61895808711984
3.8496223958333355	44.79259808959116
3.9496223958333356	45.96623809206238
4.049622395833335	47.139878094533564
4.149622395833335	48.313518097004994
4.249622395833335	49.48715809947626
4.349622395833334	50.660798101947364
4.449622395833334	51.83443810441868
4.5496223958333335	53.00807810688996
4.649622395833333	54.18171810936113
4.749622395833333	55.35535811183238
4.849622395833332	56.52899811430374
4.949622395833332	57.7026381167749
5.049622395833332	58.876278119246315
5.149622395833331	60.049918121717496
5.249622395833331	61.22355812418879
5.349622395833331	62.397198126659966
5.44962239583333	63.57083799242226
5.54962239583333	64.74447799571524
5.64962239583333	65.91811799900802
5.749622395833329	67.09175800230086
5.849622395833329	68.2653980055937
5.9496223958333285	69.4390380088865
6.049622395833328	70.61267801217927
6.149622395833328	71.78631801547226
6.2496223958333275	72.95995801876487
6.349622395833327	74.13359802205764
6.449622395833327	75.30723802535033
6.549622395833326	76.48087802864302
6.649622395833326	77.65451803193575
6.749622395833326	78.82815803522831
6.849622395833325	80.00179803852097
6.949622395833325	81.17543804181365
7.049622395833325	82.34907804510622
7.149622395833324	83.52271804839887
7.249622395833324	84.69635805169116
7.3496223958333236	85.86999805498392
7.449622395833323	87.04363805827656
7.549622395833323	88.21727806156903
7.6496223958333225	89.39091806486141
7.749622395833322	90.56455806815389
7.849622395833322	91.73819807144649
7.949622395833321	92.91183805084914
8.049622395833321	94.08547805728986
8.14962239583332	95.25911806373061
8.24962239583332	96.43275807017152
8.34962239583332	97.60639807661228
8.44962239583332	98.78003808305316
8.54962239583332	99.95367808949413
8.649622395833319	101.12731809593494
8.749622395833319	102.300958102376
8.849622395833318	103.47459810881729
8.949622395833318	104.64823801651052
9.049622395833318	105.82187803029989
9.149622395833317	106.99551804408951
9.249622395833317	108.16915805787913
9.349622395833316	109.3427980716683
9.449622395833316	110.5164380854579
9.549622395833316	111.6900780992475
9.649622395833315	112.86371811303707
9.749622395833315	114.0373580817576
9.849622395833315	115.21099804048255
9.949622395833314	116.38463806560097
10.049622395833314	117.55827802947243
10.149622395833314	118.73191803996473
10.249622395833313	119.90555805045719
10.349622395833313	121.07919806094964
10.449622395833313	122.25283807144176
10.549622395833312	123.42647808193433
10.649622395833312	124.60011809242657
10.749622395833311	125.77375805546036
10.849622395833311	126.94739807430585
10.94962239583331	128.12103809315187
11.04962239583331	129.29467812838084
11.14962239583331	130.46831810203156
11.24962239583331	131.47341900037105
11.34962239583331	132.45021898403317
11.449622395833309	133.4270189676952
11.549622395833309	134.4038189513573
11.649622395833308	135.38061892974025
11.749622395833308	136.35741896078966
11.849622395833308	137.33421893873543
11.949622395833307	138.311018916681
12.049622395833307	139.3173071874885
12.149622395833306	140.3237071834177
12.249622395833306	141.3301071793466
12.349622395833306	142.33650721975678
12.449622395833305	143.3429072085889
12.549622395833305	144.34930718101535
12.649622395833305	144.45374737741253
12.749622395833304	144.45374737741253
12.849622395833304	144.45374737741253
12.949622395833304	144.45374737741253
13.049622395833303	144.45374737741253
13.149622395833303	144.45374737741253
13.249622395833303	144.45374737741253
13.349622395833302	144.45374737741253
13.449622395833302	144.45374737741253
13.549622395833302	144.45374737741253
13.649622395833301	144.45374737741253
13.7496223958333	144.45374737741253
13.8496223958333	144.45374737741253
13.9496223958333	144.45374737741253
14.0496223958333	144.45374737741253
14.1496223958333	144.45374737741253
14.249622395833299	144.45374737741253
14.349622395833299	144.45374737741253
14.449622395833298	144.45374737741253
14.549622395833298	144.45374737741253
14.649622395833298	144.45374737741253
14.749622395833297	144.45374737741253
14.849622395833297	144.45374737741253
14.949622395833297	144.45374737741253
15.049622395833296	144.45374737741253
15.149622395833296	144.45374737741253
15.249622395833295	144.45374737741253
15.349622395833295	144.45374737741253
15.449622395833295	144.45374737741253
15.549622395833294	144.45374737741253
15.649622395833294	144.45374737741253
15.749622395833294	144.45374737741253
15.849622395833293	144.45374737741253
15.949622395833293	144.45374737741253
16.049622395833293	144.45374737741253
16.149622395833294	144.45374737741253
16.249622395833295	144.45374737741253
16.349622395833297	144.45374737741253
16.4496223958333	144.45374737741253
16.5496223958333	144.45374737741253
16.6496223958333	144.45374737741253
16.749622395833303	144.45374737741253
16.849622395833304	144.45374737741253
16.949622395833305	144.45374737741253
17.049622395833307	144.45374737741253
17.14962239583331	144.45374737741253
17.24962239583331	144.45374737741253
17.34962239583331	144.45374737741253
17.449622395833313	144.45374737741253
17.549622395833314	144.45374737741253
17.649622395833315	144.45374737741253
17.749622395833317	144.45374737741253
17.849622395833318	144.45374737741253
17.94962239583332	144.45374737741253
18.04962239583332	144.45374737741253
18.149622395833322	144.45374737741253
18.249622395833324	144.45374737741253
18.349622395833325	144.45374737741253
18.449622395833327	144.45374737741253
18.549622395833328	144.45374737741253
18.64962239583333	144.45374737741253
18.74962239583333	144.45374737741253
18.849622395833332	144.45374737741253
18.949622395833334	144.45374737741253
19.049622395833335	144.45374737741253
19.149622395833337	144.45374737741253
19.249622395833338	144.45374737741253
19.34962239583334	144.45374737741253
19.44962239583334	144.45374737741253
19.549622395833342	144.45374737741253
19.649622395833344	144.45374737741253
19.749622395833345	144.45374737741253
19.849622395833347	144.45374737741253
19.949622395833348	144.45374737741253
20.04962239583335	144.45374737741253
20.14962239583335	144.45374737741253
20.249622395833352	144.45374737741253
20.349622395833354	144.45374737741253
20.449622395833355	144.45374737741253
20.549622395833357	144.45374737741253
20.649622395833358	144.45374737741253
20.74962239583336	144.45374737741253
20.84962239583336	144.45374737741253
20.949622395833362	144.45374737741253
21.049622395833364	144.45374737741253
21.149622395833365	144.45374737741253
21.249622395833367	144.45374737741253
21.349622395833368	144.45374737741253
21.44962239583337	144.45374737741253
21.54962239583337	144.45374737741253
21.649622395833372	144.45374737741253
21.749622395833374	144.45374737741253
21.849622395833375	144.45374737741253
21.949622395833376	144.45374737741253
22.049622395833378	144.45374737741253
22.14962239583338	144.45374737741253
22.24962239583338	144.45374737741253
22.349622395833382	144.45374737741253
22.449622395833384	144.45374737741253
22.549622395833385	144.4664504116701
22.649622395833386	144.50561257163693
22.749622395833388	144.57123920059928
22.84962239583339	144.66242985823894
22.94962239583339	144.75119446275195
23.049622395833392	144.81415944561596
23.149622395833394	144.85107288208826
23.249622395833395	144.86202435177117
23.349622395833396	144.86202435177117
23.449622395833398	144.86202435177117
23.5496223958334	144.86202435177117
23.6496223958334	144.86202435177117
23.749622395833402	144.89341160371504
23.849622395833403	144.99183162202053
23.949622395833405	145.09025161156305
24.049622395833406	145.18867158094568
24.149622395833408	145.28709159298282
24.24962239583341	145.38551160501996
24.34962239583341	145.4839315882204
24.449622395833412	145.58235151833608
24.549622395833413	145.68077156834295
24.649622395833415	145.77919155493137
24.749622395833416	145.87761154151985
24.849622395833418	145.9760315236303
24.94962239583342	146.07445153385527
25.04962239583342	146.1615056297757
25.124463894967178	146.18278372295262
1000025.124463895	146.18278372295262
