-100000	0
0	0
0.0033333333333333335	0.032942881699408094
0.008333333333333333	0.08302297822435199
0.01583333333333333	0.158968237680601
0.02708333333333333	0.27419724479696445
0.043958333333333335	0.44920142848041805
0.06927083333333334	0.7153465047762516
0.10723958333333333	1.1206157709688878
0.16419270833333333	1.7390119927905745
0.24962239583333334	2.683563990868584
0.3496223958333333	3.8078993164804693
0.4496223958333333	4.946886379880522
0.5496223958333333	6.096716532742188
0.6496223958333333	7.25464786370693
0.7496223958333332	8.418574244041706
0.8496223958333332	9.586798301251894
0.9496223958333332	10.757929422072099
1.0496223958333333	11.930775325800154
1.1496223958333334	13.104325702059157
1.2496223958333335	14.277965702059156
1.3496223958333335	15.451605702059208
1.4496223958333336	16.625245702059196
1.5496223958333337	17.798885702059206
1.6496223958333338	18.97252570205922
1.749622395833334	20.146165702059264
1.849622395833334	21.319805702059266
1.949622395833334	22.49344570205929
2.049622395833334	23.66708570205932
2.149622395833334	24.840725702059334
2.249622395833334	26.014365702059308
2.349622395833334	27.188005702059378
2.4496223958333343	28.361645702059356
2.5496223958333344	29.535285702059365
2.6496223958333345	30.70892570205936
2.7496223958333346	31.882565702059424
2.8496223958333347	33.05620570205948
2.9496223958333347	34.22984570205948
3.049622395833335	35.40348570205947
3.149622395833335	36.577125702059476
3.249622395833335	37.75076570205951
3.349622395833335	38.92440570205957
3.449622395833335	40.09804570205951
3.5496223958333353	41.27168570205949
3.6496223958333354	42.44532570205955
3.7496223958333355	43.6189657020596
3.8496223958333355	44.79260570205953
3.9496223958333356	45.96624570205957
4.049622395833335	47.139885702059644
4.149622395833335	48.313525702059756
4.249622395833335	49.48716570205966
4.349622395833334	50.66080570205962
4.449622395833334	51.834445702059725
4.5496223958333335	53.008085702059645
4.649622395833333	54.181725702059715
4.749622395833333	55.35536570205975
4.849622395833332	56.52900570205968
4.949622395833332	57.702645702059705
5.049622395833332	58.876285702059796
5.149622395833331	60.04992570205987
5.249622395833331	61.22356570205977
5.349622395833331	62.3972057020598
5.44962239583333	63.57084570205972
5.54962239583333	64.74448570205988
5.64962239583333	65.91812570205973
5.749622395833329	67.09176570205977
5.849622395833329	68.26540570205974
5.9496223958333285	69.43904570205957
6.049622395833328	70.61268570205957
6.149622395833328	71.78632570205943
6.2496223958333275	72.95996570205918
6.349622395833327	74.13360570205894
6.449622395833327	75.30724570205885
6.549622395833326	76.48088570205864
6.649622395833326	77.65452570205849
6.749622395833326	78.82816570205814
6.849622395833325	80.00180570205792
6.949622395833325	81.17544570205764
7.049622395833325	82.34908570205747
7.149622395833324	83.52272570205714
7.249622395833324	84.6963657020566
7.3496223958333236	85.87000570205635
7.449622395833323	87.04364570205588
7.549622395833323	88.21728570205549
7.6496223958333225	89.390925702055
7.749622395833322	90.56456570205457
7.849622395833322	91.73820570205405
7.949622395833321	92.91184570205361
8.049622395833321	94.08548570205312
8.14962239583332	95.25912570205271
8.24962239583332	96.43276570205255
8.34962239583332	97.60640570205206
8.44962239583332	98.78004570205177
8.54962239583332	99.95368570205147
8.649622395833319	101.12732570205135
8.749622395833319	102.30096570205133
8.849622395833318	103.47460570205126
8.949622395833318	104.64824570205113
9.049622395833318	105.82188570205116
9.149622395833317	106.9955257020511
9.249622395833317	108.16916570205117
9.349622395833316	109.34280570205111
9.449622395833316	110.51644570205126
9.549622395833316	111.69008570205119
9.649622395833315	112.86372570205144
9.749622395833315	114.03736570205128
9.849622395833315	115.2110057020514
9.949622395833314	116.38464570205129
10.049622395833314	117.55828570205145
10.149622395833314	118.73192570205126
10.249622395833313	119.90556570205136
10.349622395833313	121.07920570205113
10.449622395833313	122.25284570205135
10.549622395833312	123.42648570205137
10.649622395833312	124.60012570205124
10.749622395833311	125.77376570205152
10.849622395833311	126.94740570205161
10.94962239583331	128.12104570205145
11.04962239583331	129.29468570205134
11.14962239583331	130.46832570205135
11.24962239583331	131.47342657809338
11.34962239583331	132.45022657809315
11.449622395833309	133.42702657809312
11.549622395833309	134.4038265780931
11.649622395833308	135.38062657809303
11.749622395833308	136.35742657809317
11.849622395833308	137.33422657809314
11.949622395833307	138.31102657809325
12.049622395833307	139.31731480725978
12.149622395833306	140.32371480726
12.249622395833306	141.33011480725992
12.349622395833306	142.33651480725982
12.449622395833305	143.34291480725997
12.549622395833305	144.3493148072599
12.649622395833305	144.4537550155938
12.749622395833304	144.4537550155938
12.849622395833304	144.4537550155938
12.949622395833304	144.4537550155938
13.049622395833303	144.4537550155938
13.149622395833303	144.4537550155938
13.249622395833303	144.4537550155938
13.349622395833302	144.4537550155938
13.449622395833302	144.4537550155938
13.549622395833302	144.4537550155938
13.649622395833301	144.4537550155938
13.7496223958333	144.4537550155938
13.8496223958333	144.4537550155938
13.9496223958333	144.4537550155938
14.0496223958333	144.4537550155938
14.1496223958333	144.4537550155938
14.249622395833299	144.4537550155938
14.349622395833299	144.4537550155938
14.449622395833298	144.4537550155938
14.549622395833298	144.4537550155938
14.649622395833298	144.4537550155938
14.749622395833297	144.4537550155938
14.849622395833297	144.4537550155938
14.949622395833297	144.4537550155938
15.049622395833296	144.4537550155938
15.149622395833296	144.4537550155938
15.249622395833295	144.4537550155938
15.349622395833295	144.4537550155938
15.449622395833295	144.4537550155938
15.549622395833294	144.4537550155938
15.649622395833294	144.4537550155938
15.749622395833294	144.4537550155938
15.849622395833293	144.4537550155938
15.949622395833293	144.4537550155938
16.049622395833293	144.4537550155938
16.149622395833294	144.4537550155938
16.249622395833295	144.4537550155938
16.349622395833297	144.4537550155938
16.4496223958333	144.4537550155938
16.5496223958333	144.4537550155938
16.6496223958333	144.4537550155938
16.749622395833303	144.4537550155938
16.849622395833304	144.4537550155938
16.949622395833305	144.4537550155938
17.049622395833307	144.4537550155938
17.14962239583331	144.4537550155938
17.24962239583331	144.4537550155938
17.34962239583331	144.4537550155938
17.449622395833313	144.4537550155938
17.549622395833314	144.4537550155938
17.649622395833315	144.4537550155938
17.749622395833317	144.4537550155938
17.849622395833318	144.4537550155938
17.94962239583332	144.4537550155938
18.04962239583332	144.4537550155938
18.149622395833322	144.4537550155938
18.249622395833324	144.4537550155938
18.349622395833325	144.4537550155938
18.449622395833327	144.4537550155938
18.549622395833328	144.4537550155938
18.64962239583333	144.4537550155938
18.74962239583333	144.4537550155938
18.849622395833332	144.4537550155938
18.949622395833334	144.4537550155938
19.049622395833335	144.4537550155938
19.149622395833337	144.4537550155938
19.249622395833338	144.4537550155938
19.34962239583334	144.4537550155938
19.44962239583334	144.4537550155938
19.549622395833342	144.4537550155938
19.649622395833344	144.4537550155938
19.749622395833345	144.4537550155938
19.849622395833347	144.4537550155938
19.949622395833348	144.4537550155938
20.04962239583335	144.4537550155938
20.14962239583335	144.4537550155938
20.249622395833352	144.4537550155938
20.349622395833354	144.4537550155938
20.449622395833355	144.4537550155938
20.549622395833357	144.4537550155938
20.649622395833358	144.4537550155938
20.74962239583336	144.4537550155938
20.84962239583336	144.4537550155938
20.949622395833362	144.4537550155938
21.049622395833364	144.4537550155938
21.149622395833365	144.4537550155938
21.249622395833367	144.4537550155938
21.349622395833368	144.4537550155938
21.44962239583337	144.4537550155938
21.54962239583337	144.4537550155938
21.649622395833372	144.4537550155938
21.749622395833374	144.4537550155938
21.849622395833375	144.4537550155938
21.949622395833376	144.4537550155938
22.049622395833378	144.4537550155938
22.14962239583338	144.46039487081006
22.24962239583338	144.4921199405648
22.349622395833382	144.55030929603356
22.449622395833384	144.63496293721647
22.549622395833385	144.72806125314835
22.649622395833386	144.79681230528507
22.749622395833388	144.83951181103052
22.84962239583339	144.85615977038424
22.94962239583339	144.8564115833157
23.049622395833392	144.8564115833157
23.149622395833394	144.8564115833157
23.249622395833395	144.8564115833157
23.349622395833396	144.8564115833157
23.449622395833398	144.8564115833157
23.5496223958334	144.8564115833157
23.6496223958334	144.8564115833157
23.749622395833402	144.88940302459048
23.849622395833403	144.98782302459028
23.949622395833405	145.0862430245901
24.049622395833406	145.18466302459058
24.149622395833408	145.28308302459018
24.24962239583341	145.38150302459036
24.34962239583341	145.4799230245904
24.449622395833412	145.57834302459045
24.549622395833413	145.67676302459068
24.649622395833415	145.77518302459038
24.749622395833416	145.87360302459027
24.849622395833418	145.97202302459058
24.94962239583342	146.0434855599236
24.99492341356674	146.05128141534644
1000024.9949234136	146.05128141534644
