-100000	0
0	0
0.0033333333333333335	0.03294277986237129
0.008333333333333333	0.08302272546959227
0.01583333333333333	0.15896776322268533
0.02708333333333333	0.27419644688859357
0.043958333333333335	0.44920016365666493
0.06927083333333334	0.7153445770532632
0.10723958333333333	1.1206129461370788
0.16419270833333333	1.7390079570871844
0.24962239583333334	2.6835584474557463
0.3496223958333333	3.8078924069320426
0.4496223958333333	4.946878471216001
0.5496223958333333	6.096707911522768
0.6496223958333333	7.2546387635142935
0.7496223958333332	8.418564844699503
0.8496223958333332	9.586788738299436
0.9496223958333332	10.757919790635732
1.0496223958333333	11.930765675365178
1.1496223958333334	13.104316050887471
1.2496223958333335	14.277956050887477
1.3496223958333335	15.451596050887463
1.4496223958333336	16.62523605088746
1.5496223958333337	17.798876050887433
1.6496223958333338	18.97251605088744
1.749622395833334	20.14615605088741
1.849622395833334	21.319796050887444
1.949622395833334	22.493436050887407
2.049622395833334	23.66707605088739
2.149622395833334	24.840716050887398
2.249622395833334	26.014356050887375
2.349622395833334	27.187996050887346
2.4496223958333343	28.361636050887363
2.5496223958333344	29.535276050887322
2.6496223958333345	30.708916050887346
2.7496223958333346	31.882556050887302
2.8496223958333347	33.05619605088729
2.9496223958333347	34.22983605088735
3.049622395833335	35.40347605088728
3.149622395833335	36.577116050887305
3.249622395833335	37.7507560508873
3.349622395833335	38.92439605088721
3.449622395833335	40.09803605088731
3.5496223958333353	41.27167605088722
3.6496223958333354	42.44531605088723
3.7496223958333355	43.61895605088723
3.8496223958333355	44.79259605088731
3.9496223958333356	45.96623605088725
4.049622395833335	47.13987605088727
4.149622395833335	48.3135160508873
4.249622395833335	49.48715605088715
4.349622395833334	50.660796050887186
4.449622395833334	51.83443605088712
4.5496223958333335	53.00807605088719
4.649622395833333	54.18171605088716
4.749622395833333	55.35535605088717
4.849622395833332	56.528996050887194
4.949622395833332	57.70263605088708
5.049622395833332	58.87627605088719
5.149622395833331	60.04991605088717
5.249622395833331	61.22355605088709
5.349622395833331	62.397196050887125
5.44962239583333	63.57083605088711
5.54962239583333	64.74447605088706
5.64962239583333	65.91811605088704
5.749622395833329	67.09175605088707
5.849622395833329	68.26539605088699
5.9496223958333285	69.43903605088677
6.049622395833328	70.61267605088673
6.149622395833328	71.78631605088661
6.2496223958333275	72.95995605088645
6.349622395833327	74.1335960508862
6.449622395833327	75.30723605088596
6.549622395833326	76.48087605088583
6.649622395833326	77.65451605088535
6.749622395833326	78.82815605088535
6.849622395833325	80.001796050885
6.949622395833325	81.17543605088474
7.049622395833325	82.34907605088434
7.149622395833324	83.52271605088399
7.249622395833324	84.69635605088361
7.3496223958333236	85.86999605088326
7.449622395833323	87.04363605088294
7.549622395833323	88.2172760508825
7.6496223958333225	89.39091605088191
7.749622395833322	90.56455605088138
7.849622395833322	91.73819605088103
7.949622395833321	92.91183605088041
8.049622395833321	94.08547605087999
8.14962239583332	95.25911605087948
8.24962239583332	96.432756050879
8.34962239583332	97.60639605087881
8.44962239583332	98.78003605087844
8.54962239583332	99.95367605087822
8.649622395833319	101.12731605087797
8.749622395833319	102.30095605087773
8.849622395833318	103.47459605087792
8.949622395833318	104.6482360508778
9.049622395833318	105.82187605087779
9.149622395833317	106.99551605087774
9.249622395833317	108.1691560508777
9.349622395833316	109.34279605087772
9.449622395833316	110.51643605087767
9.549622395833316	111.6900760508776
9.649622395833315	112.86371605087764
9.749622395833315	114.03735605087776
9.849622395833315	115.21099605087788
9.949622395833314	116.3846360508777
10.049622395833314	117.55827605087778
10.149622395833314	118.73191605087759
10.249622395833313	119.90555605087762
10.349622395833313	121.07919605087773
10.449622395833313	122.25283605087778
10.549622395833312	123.42647605087781
10.649622395833312	124.60011605087752
10.749622395833311	125.77375605087762
10.849622395833311	126.94739605087753
10.94962239583331	128.12103605087756
11.04962239583331	129.2946760508774
11.14962239583331	130.46831605087746
11.24962239583331	131.56321363819117
11.34962239583331	132.62263952994226
11.449622395833309	133.58872513818406
11.549622395833309	134.61568131575848
11.649622395833308	135.63928711712845
11.749622395833308	136.65954254371334
11.849622395833308	137.676447596933
11.949622395833307	138.6900022782074
12.049622395833307	139.72469153647194
12.149622395833306	140.75662609833822
12.249622395833306	141.78571411032885
12.349622395833306	142.81195557437277
12.449622395833305	143.83535049239913
12.549622395833305	144.8558988663367
12.649622395833305	144.97341026161706
12.749622395833304	144.98336210923586
12.849622395833304	144.9899635964423
12.949622395833304	144.99321472236133
13.049622395833303	144.9935853692329
13.149622395833303	144.9935853692329
13.249622395833303	144.9935853692329
13.349622395833302	144.9935853692329
13.449622395833302	144.9935853692329
13.549622395833302	144.9935853692329
13.649622395833301	144.9935853692329
13.7496223958333	144.9935853692329
13.8496223958333	144.9935853692329
13.9496223958333	144.9935853692329
14.0496223958333	144.9935853692329
14.1496223958333	144.9935853692329
14.249622395833299	144.9935853692329
14.349622395833299	144.9935853692329
14.449622395833298	144.9935853692329
14.549622395833298	144.9935853692329
14.649622395833298	144.9935853692329
14.749622395833297	144.9935853692329
14.849622395833297	144.9935853692329
14.949622395833297	144.9935853692329
15.049622395833296	144.9935853692329
15.149622395833296	144.9935853692329
15.249622395833295	144.9935853692329
15.349622395833295	144.9935853692329
15.449622395833295	144.9935853692329
15.549622395833294	144.9935853692329
15.649622395833294	144.9935853692329
15.749622395833294	144.9935853692329
15.849622395833293	144.9935853692329
15.949622395833293	144.9935853692329
16.049622395833293	144.9935853692329
16.149622395833294	144.9935853692329
16.249622395833295	144.9935853692329
16.349622395833297	144.9935853692329
16.4496223958333	144.9935853692329
16.5496223958333	144.9935853692329
16.6496223958333	144.9935853692329
16.749622395833303	144.9935853692329
16.849622395833304	144.9935853692329
16.949622395833305	144.9935853692329
17.049622395833307	144.9935853692329
17.14962239583331	144.9935853692329
17.24962239583331	144.9935853692329
17.34962239583331	144.9935853692329
17.449622395833313	144.9935853692329
17.549622395833314	144.9935853692329
17.649622395833315	144.9935853692329
17.749622395833317	144.9935853692329
17.849622395833318	144.9935853692329
17.94962239583332	144.9935853692329
18.04962239583332	144.9935853692329
18.149622395833322	144.9935853692329
18.249622395833324	144.9935853692329
18.349622395833325	144.9935853692329
18.449622395833327	144.9935853692329
18.549622395833328	144.9935853692329
18.64962239583333	144.9935853692329
18.74962239583333	144.9935853692329
18.849622395833332	144.9935853692329
18.949622395833334	144.9935853692329
19.049622395833335	144.9935853692329
19.149622395833337	144.9935853692329
19.249622395833338	144.9935853692329
19.34962239583334	144.9935853692329
19.44962239583334	144.9935853692329
19.549622395833342	144.9935853692329
19.649622395833344	144.9935853692329
19.749622395833345	144.9935853692329
19.849622395833347	144.9935853692329
19.949622395833348	144.9935853692329
20.04962239583335	144.9935853692329
20.14962239583335	144.9935853692329
20.249622395833352	144.9935853692329
20.349622395833354	144.9935853692329
20.449622395833355	144.9935853692329
20.549622395833357	144.9935853692329
20.649622395833358	144.9935853692329
20.74962239583336	144.9935853692329
20.84962239583336	144.9935853692329
20.949622395833362	144.9935853692329
21.049622395833364	144.9935853692329
21.149622395833365	144.9935853692329
21.249622395833367	144.9935853692329
21.349622395833368	144.9935853692329
21.44962239583337	144.9935853692329
21.54962239583337	144.9935853692329
21.649622395833372	144.9935853692329
21.749622395833374	144.99878331700705
21.849622395833375	145.02750512111615
21.949622395833376	145.08134914744724
22.049622395833378	145.16031539600056
22.14962239583338	145.25558306950103
22.24962239583338	145.33022493234807
22.349622395833382	145.3787734618619
22.449622395833384	145.40122865804233
22.549622395833385	145.40292754901625
22.649622395833386	145.40292754901625
22.749622395833388	145.40292754901625
22.84962239583339	145.40292754901625
22.94962239583339	145.40292754901625
23.049622395833392	145.40292754901625
23.149622395833394	145.40292754901625
23.249622395833395	145.40292754901625
23.349622395833396	145.40292754901625
23.449622395833398	145.40292754901625
23.5496223958334	145.40292754901625
23.6496223958334	145.40292754901625
23.749622395833402	145.43752319293375
23.849622395833403	145.53594319293364
23.949622395833405	145.63436319293376
24.049622395833406	145.73278319293368
24.149622395833408	145.8312031929336
24.24962239583341	145.9296231929337
24.34962239583341	146.02804319293358
24.449622395833412	146.1264631929337
24.549622395833413	146.22488319293367
24.649622395833415	146.3233031929337
24.749622395833416	146.42100184825722
24.849622395833418	146.4709642377432
24.865382932166302	146.47190784189533
1000024.8653829321	146.47190784189533
