-100000	0
0	0
0.0033333333333333335	0.03294267799209218
0.008333333333333333	0.08302247260771045
0.01583333333333333	0.15896728865764997
0.02708333333333333	0.2741956487418818
0.043958333333333335	0.44919889838834764
0.06927083333333334	0.715342647936483
0.10723958333333333	1.1206101191645417
0.16419270833333333	1.7390039184206307
0.24962239583333334	2.6835528995008033
0.3496223958333333	3.807885490911272
0.4496223958333333	4.946870554670236
0.5496223958333333	6.096699280999675
0.6496223958333333	7.254629652639935
0.7496223958333332	8.4185554334628
0.8496223958333332	9.586779162933203
0.9496223958333332	10.757910146035641
1.0496223958333333	11.930756011546265
1.1496223958333334	13.104306386258266
1.2496223958333335	14.27794638625831
1.3496223958333335	15.451586386258313
1.4496223958333336	16.625226386258344
1.5496223958333337	17.79886638625831
1.6496223958333338	18.972506386258317
1.749622395833334	20.146146386258344
1.849622395833334	21.31978638625834
1.949622395833334	22.49342638625837
2.049622395833334	23.66706638625838
2.149622395833334	24.840706386258372
2.249622395833334	26.014346386258374
2.349622395833334	27.18798638625847
2.4496223958333343	28.361626386258454
2.5496223958333344	29.53526638625847
2.6496223958333345	30.708906386258494
2.7496223958333346	31.882546386258525
2.8496223958333347	33.05618638625853
2.9496223958333347	34.22982638625855
3.049622395833335	35.40346638625855
3.149622395833335	36.577106386258535
3.249622395833335	37.75074638625849
3.349622395833335	38.92438638625856
3.449622395833335	40.098026386258574
3.5496223958333353	41.27166638625854
3.6496223958333354	42.4453063862586
3.7496223958333355	43.618946386258656
3.8496223958333355	44.7925863862587
3.9496223958333356	45.96622638625869
4.049622395833335	47.13986638625867
4.149622395833335	48.31350638625867
4.249622395833335	49.48714638625864
4.349622395833334	50.66078638625866
4.449622395833334	51.83442638625873
4.5496223958333335	53.00806638625873
4.649622395833333	54.18170638625868
4.749622395833333	55.355346386258844
4.849622395833332	56.528986386258815
4.949622395833332	57.70262638625878
5.049622395833332	58.87626638625876
5.149622395833331	60.049906386258854
5.249622395833331	61.2235463862588
5.349622395833331	62.39718638625884
5.44962239583333	63.570826386258844
5.54962239583333	64.74446638625886
5.64962239583333	65.9181063862589
5.749622395833329	67.09174638625892
5.849622395833329	68.26538638625883
5.9496223958333285	69.43902638625873
6.049622395833328	70.61266638625855
6.149622395833328	71.7863063862585
6.2496223958333275	72.95994638625847
6.349622395833327	74.13358638625827
6.449622395833327	75.30722638625818
6.549622395833326	76.48086638625792
6.649622395833326	77.65450638625765
6.749622395833326	78.82814638625747
6.849622395833325	80.0017863862572
6.949622395833325	81.17542638625692
7.049622395833325	82.3490663862566
7.149622395833324	83.52270638625625
7.249622395833324	84.69634638625598
7.3496223958333236	85.86998638625556
7.449622395833323	87.04362638625513
7.549622395833323	88.2172663862547
7.6496223958333225	89.39090638625441
7.749622395833322	90.56454638625392
7.849622395833322	91.7381863862534
7.949622395833321	92.91182638625291
8.049622395833321	94.08546638625246
8.14962239583332	95.25910638625203
8.24962239583332	96.43274638625158
8.34962239583332	97.60638638625126
8.44962239583332	98.78002638625114
8.54962239583332	99.95366638625083
8.649622395833319	101.1273063862506
8.749622395833319	102.30094638625049
8.849622395833318	103.47458638625031
8.949622395833318	104.64822638625047
9.049622395833318	105.8218663862505
9.149622395833317	106.9955063862505
9.249622395833317	108.16914638625043
9.349622395833316	109.34278638625047
9.449622395833316	110.51642638625049
9.549622395833316	111.69006638625044
9.649622395833315	112.86370638625054
9.749622395833315	114.03734638625043
9.849622395833315	115.2109863862506
9.949622395833314	116.38462638625042
10.049622395833314	117.5582663862505
10.149622395833314	118.73190638625051
10.249622395833313	119.90554638625065
10.349622395833313	121.07918638625073
10.449622395833313	122.25282638625067
10.549622395833312	123.42646638625068
10.649622395833312	124.6001063862506
10.749622395833311	125.77374638625069
10.849622395833311	126.94738638625071
10.94962239583331	128.1210263862507
11.04962239583331	129.2946663862506
11.14962239583331	130.46830638625067
11.24962239583331	131.55767682427157
11.34962239583331	132.63289682427143
11.449622395833309	133.70811682427154
11.549622395833309	134.78333682427152
11.649622395833308	135.85855682427163
11.749622395833308	136.93377682427163
11.849622395833308	138.0089968242718
11.949622395833307	139.08421682427158
12.049622395833307	140.17418093885485
12.149622395833306	141.26420093885503
12.249622395833306	142.35422093885504
12.349622395833306	143.44424093885516
12.449622395833305	144.53426093885497
12.549622395833305	145.6242809388549
12.649622395833305	145.825605261772
12.749622395833304	145.92402526177196
12.849622395833304	146.02244526177194
12.949622395833304	146.1208652617719
13.049622395833303	146.218815378656
13.149622395833303	146.31378577937443
13.249622395833303	146.40540581617998
13.349622395833302	146.49367548819765
13.449622395833302	146.57859479455277
13.549622395833302	146.66016373436986
13.649622395833301	146.738382306774
13.7496223958333	146.81325051088987
13.8496223958333	146.88476834584287
13.9496223958333	146.9529358107582
14.0496223958333	147.0177529047598
14.1496223958333	147.0792196269736
14.249622395833299	147.1373359765241
14.349622395833299	147.19210195253652
14.449622395833298	147.24351755413605
14.549622395833298	147.29158278044662
14.649622395833298	147.33629763059417
14.749622395833297	147.37766210370302
14.849622395833297	147.41567619889875
14.949622395833297	147.45033991530622
15.049622395833296	147.48165325204988
15.149622395833296	147.50961620825493
15.249622395833295	147.53431766557
15.349622395833295	147.556018551729
15.449622395833295	147.5747357876984
15.549622395833294	147.59046937347784
15.649622395833294	147.60321930906656
15.749622395833294	147.61298559446539
15.849622395833293	147.6197682296739
15.949622395833293	147.62356721469268
16.049622395833293	147.62445924066313
16.149622395833294	147.62445924066313
16.249622395833295	147.62445924066313
16.349622395833297	147.62445924066313
16.4496223958333	147.62445924066313
16.5496223958333	147.62445924066313
16.6496223958333	147.62445924066313
16.749622395833303	147.62445924066313
16.849622395833304	147.62445924066313
16.949622395833305	147.62445924066313
17.049622395833307	147.62445924066313
17.14962239583331	147.62445924066313
17.24962239583331	147.62445924066313
17.34962239583331	147.62445924066313
17.449622395833313	147.62445924066313
17.549622395833314	147.62445924066313
17.649622395833315	147.62445924066313
17.749622395833317	147.62445924066313
17.849622395833318	147.62445924066313
17.94962239583332	147.62445924066313
18.04962239583332	147.62445924066313
18.149622395833322	147.62445924066313
18.249622395833324	147.62445924066313
18.349622395833325	147.62445924066313
18.449622395833327	147.62445924066313
18.549622395833328	147.62445924066313
18.64962239583333	147.62445924066313
18.74962239583333	147.62445924066313
18.849622395833332	147.62445924066313
18.949622395833334	147.62445924066313
19.049622395833335	147.62445924066313
19.149622395833337	147.62445924066313
19.249622395833338	147.62445924066313
19.34962239583334	147.62445924066313
19.44962239583334	147.62445924066313
19.549622395833342	147.62445924066313
19.649622395833344	147.62445924066313
19.749622395833345	147.62445924066313
19.849622395833347	147.62445924066313
19.949622395833348	147.62445924066313
20.04962239583335	147.62445924066313
20.14962239583335	147.62445924066313
20.249622395833352	147.62445924066313
20.349622395833354	147.62445924066313
20.449622395833355	147.62445924066313
20.549622395833357	147.62445924066313
20.649622395833358	147.62445924066313
20.74962239583336	147.62445924066313
20.84962239583336	147.62445924066313
20.949622395833362	147.62445924066313
21.049622395833364	147.62445924066313
21.149622395833365	147.62445924066313
21.249622395833367	147.62445924066313
21.349622395833368	147.6284114973799
21.44962239583337	147.6550644126002
21.54962239583337	147.70683955004205
21.649622395833372	147.78373690970642
21.749622395833374	147.8801210643609
21.849622395833375	147.96071626054123
21.949622395833376	148.01521812338856
22.049622395833378	148.04362665290247
22.14962239583338	148.0481486284416
22.24962239583338	148.0481486284416
22.349622395833382	148.0481486284416
22.449622395833384	148.0481486284416
22.549622395833385	148.0481486284416
22.649622395833386	148.0481486284416
22.749622395833388	148.0481486284416
22.84962239583339	148.0481486284416
22.94962239583339	148.0481486284416
23.049622395833392	148.0481486284416
23.149622395833394	148.0481486284416
23.249622395833395	148.0481486284416
23.349622395833396	148.0481486284416
23.449622395833398	148.0481486284416
23.5496223958334	148.0481486284416
23.6496223958334	148.0481486284416
23.749622395833402	148.08434847500246
23.849622395833403	148.18276847500218
23.949622395833405	148.28118847500238
24.049622395833406	148.37960847500258
24.149622395833408	148.47802847500253
24.24962239583341	148.57644847500248
24.34962239583341	148.67486847500237
24.449622395833412	148.77328847500246
24.549622395833413	148.8717084750024
24.649622395833415	148.9629993980078
24.735842450765865	148.9912393821697
1000024.7358424508	148.9912393821697
