-100000	0
0	0
0.0033333333333333335	0.032942576088569826
0.008333333333333333	0.08302167694379797
0.01583333333333333	0.15896681398548854
0.02708333333333333	0.2741948503568171
0.043958333333333335	0.4491976326754491
0.06927083333333334	0.7153407180132372
0.10723958333333333	1.1206072900512298
0.16419270833333333	1.7389998767908386
0.24962239583333334	2.683547347003641
0.3496223958333333	3.807878568417991
0.4496223958333333	4.946862630243041
0.5496223958333333	6.096690641172673
0.6496223958333333	7.254620531083551
0.7496223958333332	8.418546010331298
0.8496223958333332	9.586769575152797
0.9496223958333332	10.757900488271327
1.0496223958333333	11.930746334342862
1.1496223958333334	13.104296708170892
1.2496223958333335	14.277936708170941
1.3496223958333335	15.451576708170961
1.4496223958333336	16.625216708170964
1.5496223958333337	17.798856708170995
1.6496223958333338	18.972496708171033
1.749622395833334	20.146136708171046
1.849622395833334	21.319776708171023
1.949622395833334	22.49341670817107
2.049622395833334	23.667056708171064
2.149622395833334	24.840696708171112
2.249622395833334	26.014336708171115
2.349622395833334	27.187976708171128
2.4496223958333343	28.3616167081712
2.5496223958333344	29.53525670817111
2.6496223958333345	30.70889670817118
2.7496223958333346	31.882536708171205
2.8496223958333347	33.056176708171186
2.9496223958333347	34.22981670817121
3.049622395833335	35.403456708171234
3.149622395833335	36.57709670817119
3.249622395833335	37.75073670817127
3.349622395833335	38.9243767081713
3.449622395833335	40.09801670817129
3.5496223958333353	41.27165670817137
3.6496223958333354	42.44529670817141
3.7496223958333355	43.61893670817142
3.8496223958333355	44.79257670817137
3.9496223958333356	45.966216708171466
4.049622395833335	47.139856708171486
4.149622395833335	48.313496708171435
4.249622395833335	49.48713670817141
4.349622395833334	50.66077670817147
4.449622395833334	51.83441670817139
4.5496223958333335	53.00805670817148
4.649622395833333	54.18169670817149
4.749622395833333	55.35533670817156
4.849622395833332	56.52897670817155
4.949622395833332	57.702616708171576
5.049622395833332	58.876256708171546
5.149622395833331	60.04989670817157
5.249622395833331	61.22353670817154
5.349622395833331	62.39717670817168
5.44962239583333	63.570816708171556
5.54962239583333	64.74445670817167
5.64962239583333	65.91809670817157
5.749622395833329	67.09173670817168
5.849622395833329	68.26537670817166
5.9496223958333285	69.43901670817142
6.049622395833328	70.61265670817133
6.149622395833328	71.78629670817139
6.2496223958333275	72.95993670817124
6.349622395833327	74.13357670817105
6.449622395833327	75.30721670817093
6.549622395833326	76.48085670817072
6.649622395833326	77.65449670817054
6.749622395833326	78.82813670817033
6.849622395833325	80.00177670817
6.949622395833325	81.17541670816975
7.049622395833325	82.34905670816956
7.149622395833324	83.5226967081691
7.249622395833324	84.6963367081688
7.3496223958333236	85.86997670816837
7.449622395833323	87.04361670816803
7.549622395833323	88.21725670816764
7.6496223958333225	89.39089670816726
7.749622395833322	90.56453670816686
7.849622395833322	91.73817670816629
7.949622395833321	92.91181670816579
8.049622395833321	94.08545670816532
8.14962239583332	95.25909670816492
8.24962239583332	96.43273670816454
8.34962239583332	97.60637670816418
8.44962239583332	98.78001670816393
8.54962239583332	99.95365670816373
8.649622395833319	101.12729670816351
8.749622395833319	102.30093670816363
8.849622395833318	103.47457670816335
8.949622395833318	104.64821670816335
9.049622395833318	105.82185670816332
9.149622395833317	106.99549670816333
9.249622395833317	108.16913670816334
9.349622395833316	109.34277670816341
9.449622395833316	110.5164167081633
9.549622395833316	111.6900567081635
9.649622395833315	112.8636967081632
9.749622395833315	114.0373367081633
9.849622395833315	115.21097670816346
9.949622395833314	116.38461670816343
10.049622395833314	117.55825670816338
10.149622395833314	118.7318967081634
10.249622395833313	119.90553670816361
10.349622395833313	121.0791767081634
10.449622395833313	122.2528167081635
10.549622395833312	123.4264567081636
10.649622395833312	124.60009670816358
10.749622395833311	125.7737367081634
10.849622395833311	126.94737670816362
10.94962239583331	128.12101670816344
11.04962239583331	129.29465670816342
11.14962239583331	130.46829670816373
11.24962239583331	131.5576671461845
11.34962239583331	132.6328871461844
11.449622395833309	133.70810714618435
11.549622395833309	134.78332714618466
11.649622395833308	135.8585471461845
11.749622395833308	136.93376714618452
11.849622395833308	138.00898714618467
11.949622395833307	139.08420714618467
12.049622395833307	140.17417126076788
12.149622395833306	141.2641912607679
12.249622395833306	142.35421126076767
12.349622395833306	143.44423126076794
12.449622395833305	144.5342512607678
12.549622395833305	145.624271260768
12.649622395833305	145.8255955836851
12.749622395833304	145.924015583685
12.849622395833304	146.02243558368457
12.949622395833304	146.12085558368474
13.049622395833303	146.21927558368512
13.149622395833303	146.31769558368504
13.249622395833303	146.41611558368467
13.349622395833302	146.51453558368482
13.449622395833302	146.61295558368502
13.549622395833302	146.7113755836853
13.649622395833301	146.8097955836849
13.7496223958333	146.90821558368478
13.8496223958333	147.00663558368495
13.9496223958333	147.10505558368502
14.0496223958333	147.20347558368488
14.1496223958333	147.30189558368468
14.249622395833299	147.40031558368491
14.349622395833299	147.49873558368463
14.449622395833298	147.5971555836847
14.549622395833298	147.6955755836847
14.649622395833298	147.79399558368493
14.749622395833297	147.89241558368482
14.849622395833297	147.99083558368483
14.949622395833297	148.0892555836846
15.049622395833296	148.1876755836846
15.149622395833296	148.2860955836847
15.249622395833295	148.3845155836847
15.349622395833295	148.48293558368493
15.449622395833295	148.58135558368483
15.549622395833294	148.6797755836851
15.649622395833294	148.7781955836851
15.749622395833294	148.87661558368515
15.849622395833293	148.97503558368524
15.949622395833293	149.07345558368516
16.049622395833293	149.17179889254282
16.149622395833294	149.26805057718147
16.249622395833295	149.36131861162957
16.349622395833297	149.45160299588767
16.4496223958333	149.5389037299557
16.5496223958333	149.62322081383346
16.6496223958333	149.7045542475214
16.749622395833303	149.78290403101923
16.849622395833304	149.8582701643266
16.949622395833305	149.93065264744422
17.049622395833307	150.00005148037198
17.14962239583331	150.06646666310868
17.24962239583331	150.12989819565607
17.34962239583331	150.19034607801294
17.449622395833313	150.24781031017977
17.549622395833314	150.30229089215678
17.649622395833315	150.35378782394346
17.749622395833317	150.4023011055398
17.849622395833318	150.4478372614579
17.94962239583332	150.49045773526356
18.04962239583332	150.53017767715446
18.149622395833322	150.56699708713106
18.249622395833324	150.60091596519237
18.349622395833325	150.63193431133848
18.449622395833327	150.66005212557008
18.549622395833328	150.68526940788703
18.64962239583333	150.70758615828822
18.74962239583333	150.72700237677532
18.849622395833332	150.74351806334718
18.949622395833334	150.7571332180041
19.049622395833335	150.76784784074627
19.149622395833337	150.7756619315734
19.249622395833338	150.78057549048606
19.34962239583334	150.7825885174833
19.44962239583334	150.78264311091627
19.549622395833342	150.78264311091627
19.649622395833344	150.78264311091627
19.749622395833345	150.78264311091627
19.849622395833347	150.78264311091627
19.949622395833348	150.78264311091627
20.04962239583335	150.78264311091627
20.14962239583335	150.78264311091627
20.249622395833352	150.78264311091627
20.349622395833354	150.78264311091627
20.449622395833355	150.78740097810362
20.549622395833357	150.79538097810368
20.649622395833358	150.80259311091615
20.74962239583336	150.80259311091615
20.84962239583336	150.80274736570266
20.949622395833362	150.80664784450988
21.049622395833364	150.82600697022667
21.149622395833365	150.8757132187805
21.249622395833367	150.95054168955548
21.349622395833368	151.0465401258365
21.44962239583337	151.1338626121196
21.54962239583337	151.19431780830018
21.649622395833372	151.2286796711474
21.749622395833374	151.23738568011967
21.849622395833375	151.23738568011967
21.949622395833376	151.23738568011967
22.049622395833378	151.23738568011967
22.14962239583338	151.23738568011967
22.24962239583338	151.23738568011967
22.349622395833382	151.23738568011967
22.449622395833384	151.23738568011967
22.549622395833385	151.23738568011967
22.649622395833386	151.23738568011967
22.749622395833388	151.23738568011967
22.84962239583339	151.23738568011967
22.94962239583339	151.23738568011967
23.049622395833392	151.23738568011967
23.149622395833394	151.23738568011967
23.249622395833395	151.23738568011967
23.349622395833396	151.23738568011967
23.449622395833398	151.23738568011967
23.5496223958334	151.23738568011967
23.6496223958334	151.23738568011967
23.749622395833402	151.27518972932313
23.849622395833403	151.37360972932336
23.949622395833405	151.47202972932348
24.049622395833406	151.57044972932357
24.149622395833408	151.66886972932315
24.24962239583341	151.7672897293235
24.34962239583341	151.8657097293231
24.449622395833412	151.96412972932322
24.549622395833413	152.04238292821609
24.60630196936543	152.0545868946963
1000024.6063019694	152.0545868946963
