-100000	0
0	0
0.0033333333333333335	0.03294247415180383
0.008333333333333333	0.08302278067495195
0.01583333333333333	0.15896633920620123
0.02708333333333333	0.2741940517333991
0.043958333333333335	0.44919636651796824
0.06927083333333334	0.715338787330041
0.10723958333333333	1.1206044587971467
0.16419270833333333	1.7389958321978192
0.24962239583333334	2.6835417899642633
0.3496223958333333	3.8078716394522063
0.4496223958333333	4.946854697934366
0.5496223958333333	6.0966819920417485
0.6496223958333333	7.254611398845128
0.7496223958333332	8.41853657530497
0.8496223958333332	9.586759974958271
0.9496223958333332	10.757890817342828
1.0496223958333333	11.930736643755045
1.1496223958333334	13.104287016625454
1.2496223958333335	14.277927016625453
1.3496223958333335	15.451567016625503
1.4496223958333336	16.625207016625527
1.5496223958333337	17.79884701662549
1.6496223958333338	18.97248701662552
1.749622395833334	20.146127016625506
1.849622395833334	21.319767016625587
1.949622395833334	22.49340701662553
2.049622395833334	23.667047016625602
2.149622395833334	24.840687016625616
2.249622395833334	26.014327016625646
2.349622395833334	27.187967016625635
2.4496223958333343	28.361607016625626
2.5496223958333344	29.535247016625625
2.6496223958333345	30.708887016625642
2.7496223958333346	31.882527016625694
2.8496223958333347	33.056167016625665
2.9496223958333347	34.22980701662569
3.049622395833335	35.40344701662578
3.149622395833335	36.57708701662573
3.249622395833335	37.75072701662577
3.349622395833335	38.9243670166257
3.449622395833335	40.09800701662573
3.5496223958333353	41.271647016625735
3.6496223958333354	42.445287016625805
3.7496223958333355	43.61892701662578
3.8496223958333355	44.792567016625775
3.9496223958333356	45.966207016625816
4.049622395833335	47.13984701662581
4.149622395833335	48.31348701662575
4.249622395833335	49.48712701662574
4.349622395833334	50.66076701662586
4.449622395833334	51.83440701662593
4.5496223958333335	53.00804701662593
4.649622395833333	54.18168701662587
4.749622395833333	55.35532701662592
4.849622395833332	56.52896701662588
4.949622395833332	57.70260701662607
5.049622395833332	58.87624701662598
5.149622395833331	60.04988701662591
5.249622395833331	61.223527016626036
5.349622395833331	62.39716701662588
5.44962239583333	63.570807016626055
5.54962239583333	64.74444701662593
5.64962239583333	65.918087016626
5.749622395833329	67.0917270166261
5.849622395833329	68.26536701662602
5.9496223958333285	69.43900701662602
6.049622395833328	70.61264701662594
6.149622395833328	71.78628701662583
6.2496223958333275	72.9599270166257
6.349622395833327	74.1335670166256
6.449622395833327	75.30720701662538
6.549622395833326	76.48084701662536
6.649622395833326	77.65448701662501
6.749622395833326	78.8281270166249
6.849622395833325	80.00176701662463
6.949622395833325	81.17540701662433
7.049622395833325	82.34904701662397
7.149622395833324	83.52268701662366
7.249622395833324	84.69632701662336
7.3496223958333236	85.869967016623
7.449622395833323	87.04360701662262
7.549622395833323	88.21724701662212
7.6496223958333225	89.39088701662183
7.749622395833322	90.56452701662128
7.849622395833322	91.73816701662086
7.949622395833321	92.91180701662043
8.049622395833321	94.08544701661985
8.14962239583332	95.25908701661939
8.24962239583332	96.43272701661914
8.34962239583332	97.60636701661876
8.44962239583332	98.78000701661854
8.54962239583332	99.95364701661832
8.649622395833319	101.12728701661803
8.749622395833319	102.30092701661803
8.849622395833318	103.47456701661785
8.949622395833318	104.64820701661783
9.049622395833318	105.82184701661788
9.149622395833317	106.99548701661779
9.249622395833317	108.16912701661795
9.349622395833316	109.34276701661778
9.449622395833316	110.5164070166178
9.549622395833316	111.69004701661787
9.649622395833315	112.86368701661789
9.749622395833315	114.03732701661787
9.849622395833315	115.21096701661794
9.949622395833314	116.38460701661803
10.049622395833314	117.55824701661801
10.149622395833314	118.731887016618
10.249622395833313	119.90552701661804
10.349622395833313	121.07916701661816
10.449622395833313	122.25280701661798
10.549622395833312	123.42644701661816
10.649622395833312	124.60008701661818
10.749622395833311	125.77372701661807
10.849622395833311	126.94736701661803
10.94962239583331	128.12100701661822
11.04962239583331	129.294647016618
11.14962239583331	130.46828701661812
11.24962239583331	131.5576574546388
11.34962239583331	132.63287745463904
11.449622395833309	133.70809745463896
11.549622395833309	134.78331745463902
11.649622395833308	135.85853745463885
11.749622395833308	136.93375745463908
11.849622395833308	138.00897745463902
11.949622395833307	139.08419745463917
12.049622395833307	140.17416156922232
12.149622395833306	141.2641815692224
12.249622395833306	142.35420156922237
12.349622395833306	143.4442215692225
12.449622395833305	144.53424156922233
12.549622395833305	145.6242615692223
12.649622395833305	145.82558589213926
12.749622395833304	145.92400589213926
12.849622395833304	146.02242589213913
12.949622395833304	146.12084589213933
13.049622395833303	146.2192658921392
13.149622395833303	146.31768589213948
13.249622395833303	146.41610589213943
13.349622395833302	146.51452589213915
13.449622395833302	146.61294589213944
13.549622395833302	146.7113658921391
13.649622395833301	146.80978589213922
13.7496223958333	146.90820589213925
13.8496223958333	147.00662589213943
13.9496223958333	147.10504589213917
14.0496223958333	147.20346589213952
14.1496223958333	147.30188589213935
14.249622395833299	147.40030589213958
14.349622395833299	147.49872589213902
14.449622395833298	147.59714589213948
14.549622395833298	147.6955658921394
14.649622395833298	147.7939858921391
14.749622395833297	147.89240589213924
14.849622395833297	147.99082589213938
14.949622395833297	148.0892458921395
15.049622395833296	148.18766589213936
15.149622395833296	148.28608589213928
15.249622395833295	148.38450589213937
15.349622395833295	148.48292589213963
15.449622395833295	148.58134589213944
15.549622395833294	148.67976589213936
15.649622395833294	148.77818589213942
15.749622395833294	148.87660589213934
15.849622395833293	148.9750258921394
15.949622395833293	149.07344589213946
16.049622395833293	149.1718658921394
16.149622395833294	149.2702858921395
16.249622395833295	149.36870589213942
16.349622395833297	149.4671258921393
16.4496223958333	149.5655458921393
16.5496223958333	149.66396589213954
16.6496223958333	149.76238589213935
16.749622395833303	149.86080589213924
16.849622395833304	149.9592258921393
16.949622395833305	150.05764589213948
17.049622395833307	150.15606589213948
17.14962239583331	150.2544858921393
17.24962239583331	150.35290589213943
17.34962239583331	150.4513258921395
17.449622395833313	150.54974589213924
17.549622395833314	150.6481658921392
17.649622395833315	150.74658589213928
17.749622395833317	150.84500589213948
17.849622395833318	150.94342589213935
17.94962239583332	151.04184589213935
18.04962239583332	151.14026589213958
18.149622395833322	151.23868589213936
18.249622395833324	151.33710589213936
18.349622395833325	151.43552589213957
18.449622395833327	151.53394589213966
18.549622395833328	151.6323658921392
18.64962239583333	151.73078589213938
18.74962239583333	151.82920589213944
18.849622395833332	151.9276258921394
18.949622395833334	152.0260458921395
19.049622395833335	152.12446589213926
19.149622395833337	152.22288589213977
19.249622395833338	152.32130589213935
19.34962239583334	152.41972589213935
19.44962239583334	152.5172037937893
19.549622395833342	152.61183575695694
19.649622395833344	152.70356718820958
19.749622395833345	152.79291363245343
19.849622395833347	152.88202363245318
19.949622395833348	152.97113363245316
20.04962239583335	153.06024363245325
20.14962239583335	153.14935363245326
20.249622395833352	153.2384636324533
20.349622395833354	153.32757363245338
20.449622395833355	153.42223447750553
20.549622395833357	153.5206544775053
20.649622395833358	153.61817863245327
20.74962239583336	153.7072886324535
20.84962239583336	153.80027367750537
20.949622395833362	153.89869367750532
21.049622395833364	153.99711367750535
21.149622395833365	154.09553367750547
21.249622395833367	154.1939536775057
21.349622395833368	154.68709182691455
21.44962239583337	154.3440678501157
21.54962239583337	154.40696280530926
21.649622395833372	154.47002540756066
21.749622395833374	154.53325565687146
21.849622395833375	154.5966535532409
21.949622395833376	154.66021909666932
22.049622395833378	154.72395228715618
22.14962239583338	154.78785312470234
22.24962239583338	154.85192160930688
22.349622395833382	154.9161577409707
22.449622395833384	154.98056151969323
22.549622395833385	155.04513294547442
22.649622395833386	155.10987201831435
22.749622395833388	155.1747787382136
22.84962239583339	155.23985310517108
22.94962239583339	155.3050951191874
23.049622395833392	155.37050478026273
23.149622395833394	155.43608208839726
23.249622395833395	155.50182704359023
23.349622395833396	155.56773964584224
23.449622395833398	155.63381989515256
23.5496223958334	155.70006779152214
23.6496223958334	155.76648333495078
23.749622395833402	153.9391729237275
23.849622395833403	154.62207987426132
23.949622395833405	154.84197248912946
24.049622395833406	155.5340257976923
24.149622395833408	155.05081350389997
24.24962239583341	154.8781617799213
24.34962239583341	154.48574704979214
24.449622395833412	154.85112248011876
24.549622395833413	156.15258587000395
24.560000000000002	156.15479422417067
1000024.56	156.15479422417067
