-100000	0
0	0
0.0033333333333333335	0.0329423721817936
0.008333333333333333	0.08302361570888668
0.01583333333333333	0.15896586431978713
0.02708333333333333	0.2741932528716304
0.043958333333333335	0.4491950999159043
0.06927083333333334	0.7153368558868951
0.10723958333333333	1.1206016254022821
0.16419270833333333	1.7389917846415512
0.24962239583333334	2.6835362283826742
0.3496223958333333	3.807864704013896
0.4496223958333333	4.946846757744221
0.5496223958333333	6.096673333606848
0.6496223958333333	7.2546022559246515
0.7496223958333332	8.418527128383783
0.8496223958333332	9.586750362349534
0.9496223958333332	10.757881133250107
1.0496223958333333	11.930726939782726
1.1496223958333334	13.104277311621816
1.2496223958333335	14.277917311621831
1.3496223958333335	15.451557311621805
1.4496223958333336	16.62519731162179
1.5496223958333337	17.798837311621785
1.6496223958333338	18.972477311621777
1.749622395833334	20.146117311621772
1.849622395833334	21.31975731162177
1.949622395833334	22.493397311621784
2.049622395833334	23.667037311621733
2.149622395833334	24.84067731162176
2.249622395833334	26.014317311621845
2.349622395833334	27.187957311621712
2.4496223958333343	28.361597311621757
2.5496223958333344	29.53523731162178
2.6496223958333345	30.70887731162174
2.7496223958333346	31.882517311621722
2.8496223958333347	33.0561573116217
2.9496223958333347	34.22979731162174
3.049622395833335	35.40343731162172
3.149622395833335	36.577077311621615
3.249622395833335	37.750717311621706
3.349622395833335	38.924357311621684
3.449622395833335	40.09799731162167
3.5496223958333353	41.27163731162171
3.6496223958333354	42.44527731162165
3.7496223958333355	43.618917311621665
3.8496223958333355	44.7925573116216
3.9496223958333356	45.96619731162164
4.049622395833335	47.1398373116216
4.149622395833335	48.3134773116217
4.249622395833335	49.487117311621624
4.349622395833334	50.660757311621644
4.449622395833334	51.834397311621636
4.5496223958333335	53.00803731162155
4.649622395833333	54.18167731162157
4.749622395833333	55.355317311621505
4.849622395833332	56.52895731162143
4.949622395833332	57.702597311621496
5.049622395833332	58.87623731162151
5.149622395833331	60.049877311621444
5.249622395833331	61.22351731162146
5.349622395833331	62.397157311621534
5.44962239583333	63.570797311621405
5.54962239583333	64.74443731162135
5.64962239583333	65.91807731162137
5.749622395833329	67.09171731162161
5.849622395833329	68.2653573116216
5.9496223958333285	69.43899731162145
6.049622395833328	70.61263731162133
6.149622395833328	71.78627731162118
6.2496223958333275	72.95991731162106
6.349622395833327	74.13355731162096
6.449622395833327	75.3071973116209
6.549622395833326	76.48083731162058
6.649622395833326	77.6544773116203
6.749622395833326	78.82811731162002
6.849622395833325	80.00175731161993
6.949622395833325	81.17539731161958
7.049622395833325	82.34903731161927
7.149622395833324	83.5226773116188
7.249622395833324	84.69631731161863
7.3496223958333236	85.8699573116182
7.449622395833323	87.04359731161769
7.549622395833323	88.2172373116175
7.6496223958333225	89.39087731161705
7.749622395833322	90.56451731161644
7.849622395833322	91.73815731161586
7.949622395833321	92.91179731161547
8.049622395833321	94.08543731161508
8.14962239583332	95.2590773116143
8.24962239583332	96.43271731161404
8.34962239583332	97.60635731161375
8.44962239583332	98.77999731161347
8.54962239583332	99.95363731161316
8.649622395833319	101.12727731161304
8.749622395833319	102.30091731161288
8.849622395833318	103.47455731161274
8.949622395833318	104.64819731161265
9.049622395833318	105.8218373116126
9.149622395833317	106.99547731161269
9.249622395833317	108.16911731161247
9.349622395833316	109.34275731161252
9.449622395833316	110.51639731161256
9.549622395833316	111.69003731161264
9.649622395833315	112.86367731161252
9.749622395833315	114.03731731161278
9.849622395833315	115.21095731161266
9.949622395833314	116.38459731161245
10.049622395833314	117.55823731161263
10.149622395833314	118.73187731161258
10.249622395833313	119.90551731161264
10.349622395833313	121.07915731161242
10.449622395833313	122.25279731161261
10.549622395833312	123.42643731161255
10.649622395833312	124.60007731161252
10.749622395833311	125.77371731161233
10.849622395833311	126.94735731161222
10.94962239583331	128.12099731161248
11.04962239583331	129.29463731161238
11.14962239583331	130.46827731161238
11.24962239583331	131.55764774963333
11.34962239583331	132.6328677496331
11.449622395833309	133.7080877496331
11.549622395833309	134.7833077496331
11.649622395833308	135.8585277496333
11.749622395833308	136.93374774963323
11.849622395833308	138.00896774963326
11.949622395833307	139.08418774963323
12.049622395833307	140.17415186421653
12.149622395833306	141.26417186421628
12.249622395833306	142.3541918642164
12.349622395833306	143.44421186421656
12.449622395833305	144.53423186421648
12.549622395833305	145.62425186421635
12.649622395833305	145.82557618713338
12.749622395833304	145.92399618713316
12.849622395833304	146.02241618713322
12.949622395833304	146.12083618713325
13.049622395833303	146.2192561871333
13.149622395833303	146.3176761871332
13.249622395833303	146.41609618713298
13.349622395833302	146.51451618713332
13.449622395833302	146.6129361871334
13.549622395833302	146.7113561871334
13.649622395833301	146.8097761871333
13.7496223958333	146.90819618713326
13.8496223958333	147.00661618713352
13.9496223958333	147.10503618713327
14.0496223958333	147.20345618713318
14.1496223958333	147.30187618713347
14.249622395833299	147.40029618713328
14.349622395833299	147.49871618713323
14.449622395833298	147.5971361871334
14.549622395833298	147.69555618713338
14.649622395833298	147.79397618713327
14.749622395833297	147.89239618713322
14.849622395833297	147.99081618713328
14.949622395833297	148.08923618713314
15.049622395833296	148.18765618713317
15.149622395833296	148.28607618713352
15.249622395833295	148.38449618713335
15.349622395833295	148.48291618713347
15.449622395833295	148.5813361871332
15.549622395833294	148.67975618713356
15.649622395833294	148.77817618713317
15.749622395833294	148.87659618713343
15.849622395833293	148.97501618713335
15.949622395833293	149.07343618713313
16.049622395833293	149.17185618713359
16.149622395833294	149.270276187133
16.249622395833295	149.36869618713357
16.349622395833297	149.4671161871335
16.4496223958333	149.56553618713338
16.5496223958333	149.66395618713318
16.6496223958333	149.76237618713344
16.749622395833303	149.8607961871334
16.849622395833304	149.95921618713334
16.949622395833305	150.0576361871335
17.049622395833307	150.15605618713326
17.14962239583331	150.2544761871334
17.24962239583331	150.35289618713364
17.34962239583331	150.4513161871335
17.449622395833313	150.54973618713302
17.549622395833314	150.64815618713328
17.649622395833315	150.74657618713323
17.749622395833317	150.84499618713335
17.849622395833318	150.94341618713295
17.94962239583332	151.04183618713353
18.04962239583332	151.1402561871337
18.149622395833322	151.23867618713314
18.249622395833324	151.3370961871337
18.349622395833325	151.43551618713343
18.449622395833327	151.53393618713324
18.549622395833328	151.63235618713327
18.64962239583333	151.7307761871333
18.74962239583333	151.8291961871334
18.849622395833332	151.92761618713325
18.949622395833334	152.02603618713323
19.049622395833335	152.1244561871332
19.149622395833337	152.22287618713295
19.249622395833338	152.32129618713333
19.34962239583334	152.419716187133
19.44962239583334	152.5181361871333
19.549622395833342	152.61655618713365
19.649622395833344	152.71497618713354
19.749622395833345	152.8133961871333
19.849622395833347	152.9118161871331
19.949622395833348	153.01023618713333
20.04962239583335	153.1086561871332
20.14962239583335	153.2070761871334
20.249622395833352	153.30549618713368
20.349622395833354	153.40391618713312
20.449622395833355	153.5023361871334
20.549622395833357	153.60075618713338
20.649622395833358	153.69917618713322
20.74962239583336	153.79759618713342
20.84962239583336	153.89601618713297
20.949622395833362	153.99443618713332
21.049622395833364	154.0928561871336
21.149622395833365	154.19127618713327
21.249622395833367	154.28969618713347
21.349622395833368	154.3881161871337
21.44962239583337	154.48653618713305
21.54962239583337	154.58495618713368
21.649622395833372	154.68337618713355
21.749622395833374	154.78179618713352
21.849622395833375	154.88021618713339
21.949622395833376	154.97863618713336
22.049622395833378	155.07705618713356
22.14962239583338	155.17547618713326
22.24962239583338	155.2738961871332
22.349622395833382	155.3723161871333
22.449622395833384	155.4707361871333
22.549622395833385	155.5691561871331
22.649622395833386	155.66757618713322
22.749622395833388	155.76599618713365
22.84962239583339	155.86441618713326
22.94962239583339	155.9628361871336
23.049622395833392	156.0612561871331
23.149622395833394	156.15967618713324
23.249622395833395	156.25809618713367
23.349622395833396	156.35651618713322
23.449622395833398	156.45493618713311
23.5496223958334	156.55335618713352
23.6496223958334	156.65177618713312
23.749622395833402	156.7501961871336
23.849622395833403	156.84861618713333
23.949622395833405	156.94703618713348
24.049622395833406	157.04545618713328
24.149622395833408	157.14387618713337
24.24962239583341	157.24229618713352
24.34962239583341	157.34071618713324
24.449622395833412	157.4391361871334
24.549622395833413	157.53755618713345
24.649622395833415	157.58225740023445
24.749622395833416	157.61773602436608
24.849622395833418	157.65004798183173
24.94962239583342	157.67919327263039
25.04962239583342	157.69997004935158
25.087999999999997	157.70178382515397
1000025.088	157.70178382515397
