-100000	0
0	0
0.0033333333333333335	0.032942270178542024
0.008333333333333333	0.08302146028409163
0.01583333333333333	0.15896538932625226
0.02708333333333333	0.27419245377151624
0.043958333333333335	0.44919383286927417
0.06927083333333334	0.7153349236838268
0.10723958333333333	1.1205987898666836
0.16419270833333333	1.7389877341221114
0.24962239583333334	2.6835306622589568
0.3496223958333333	3.8078577621032212
0.4496223958333333	4.946838809672786
0.5496223958333333	6.096664665868251
0.6496223958333333	7.254593102322437
0.7496223958333332	8.418517669568095
0.8496223958333332	9.586740737326986
0.9496223958333332	10.75787143599358
1.0496223958333333	11.930717222426379
1.1496223958333334	13.104267593160564
1.2496223958333335	14.277907593160586
1.3496223958333335	15.451547593160571
1.4496223958333336	16.62518759316061
1.5496223958333337	17.79882759316065
1.6496223958333338	18.97246759316064
1.749622395833334	20.14610759316064
1.849622395833334	21.319747593160667
1.949622395833334	22.493387593160715
2.049622395833334	23.66702759316072
2.149622395833334	24.840667593160713
2.249622395833334	26.014307593160755
2.349622395833334	27.187947593160782
2.4496223958333343	28.361587593160813
2.5496223958333344	29.535227593160787
2.6496223958333345	30.708867593160793
2.7496223958333346	31.88250759316082
2.8496223958333347	33.056147593160844
2.9496223958333347	34.22978759316089
3.049622395833335	35.40342759316086
3.149622395833335	36.57706759316086
3.249622395833335	37.75070759316091
3.349622395833335	38.924347593160945
3.449622395833335	40.09798759316091
3.5496223958333353	41.271627593160936
3.6496223958333354	42.44526759316095
3.7496223958333355	43.61890759316098
3.8496223958333355	44.792547593160954
3.9496223958333356	45.966187593161095
4.049622395833335	47.13982759316117
4.149622395833335	48.31346759316105
4.249622395833335	49.4871075931611
4.349622395833334	50.660747593161084
4.449622395833334	51.834387593161104
4.5496223958333335	53.008027593161046
4.649622395833333	54.18166759316112
4.749622395833333	55.355307593161236
4.849622395833332	56.52894759316115
4.949622395833332	57.702587593161205
5.049622395833332	58.87622759316114
5.149622395833331	60.049867593161196
5.249622395833331	61.22350759316124
5.349622395833331	62.39714759316135
5.44962239583333	63.57078759316135
5.54962239583333	64.7444275931612
5.64962239583333	65.91806759316124
5.749622395833329	67.09170759316136
5.849622395833329	68.26534759316132
5.9496223958333285	69.4389875931612
6.049622395833328	70.6126275931612
6.149622395833328	71.78626759316104
6.2496223958333275	72.95990759316113
6.349622395833327	74.13354759316103
6.449622395833327	75.30718759316085
6.549622395833326	76.48082759316073
6.649622395833326	77.6544675931605
6.749622395833326	78.82810759316025
6.849622395833325	80.00174759316012
6.949622395833325	81.17538759315985
7.049622395833325	82.34902759315952
7.149622395833324	83.52266759315934
7.249622395833324	84.69630759315895
7.3496223958333236	85.86994759315857
7.449622395833323	87.04358759315821
7.549622395833323	88.21722759315774
7.6496223958333225	89.39086759315731
7.749622395833322	90.56450759315692
7.849622395833322	91.73814759315634
7.949622395833321	92.91178759315594
8.049622395833321	94.08542759315539
8.14962239583332	95.25906759315515
8.24962239583332	96.43270759315472
8.34962239583332	97.60634759315425
8.44962239583332	98.77998759315399
8.54962239583332	99.95362759315378
8.649622395833319	101.12726759315376
8.749622395833319	102.3009075931536
8.849622395833318	103.47454759315339
8.949622395833318	104.64818759315344
9.049622395833318	105.82182759315332
9.149622395833317	106.99546759315346
9.249622395833317	108.16910759315338
9.349622395833316	109.34274759315333
9.449622395833316	110.51638759315325
9.549622395833316	111.69002759315345
9.649622395833315	112.86366759315342
9.749622395833315	114.03730759315353
9.849622395833315	115.21094759315343
9.949622395833314	116.38458759315348
10.049622395833314	117.55822759315349
10.149622395833314	118.73186759315368
10.249622395833313	119.90550759315346
10.349622395833313	121.07914759315359
10.449622395833313	122.2527875931535
10.549622395833312	123.42642759315363
10.649622395833312	124.60006759315355
10.749622395833311	125.7737075931536
10.849622395833311	126.94734759315352
10.94962239583331	128.12098759315361
11.04962239583331	129.29462759315348
11.14962239583331	130.46826759315357
11.24962239583331	131.55763803117435
11.34962239583331	132.6328580311745
11.449622395833309	133.7080780311744
11.549622395833309	134.7832980311745
11.649622395833308	135.85851803117453
11.749622395833308	136.93373803117439
11.849622395833308	138.0089580311746
11.949622395833307	139.0841780311745
12.049622395833307	140.17414214575786
12.149622395833306	141.26416214575778
12.249622395833306	142.35418214575782
12.349622395833306	143.44420214575794
12.449622395833305	144.53422214575784
12.549622395833305	145.62424214575788
12.649622395833305	145.82556646867488
12.749622395833304	145.92398646867494
12.849622395833304	146.02240646867503
12.949622395833304	146.12082646867478
13.049622395833303	146.2192464686749
13.149622395833303	146.31766646867496
13.249622395833303	146.4160864686749
13.349622395833302	146.5145064686748
13.449622395833302	146.61292646867503
13.549622395833302	146.7113464686749
13.649622395833301	146.80976646867515
13.7496223958333	146.90818646867496
13.8496223958333	147.00660646867482
13.9496223958333	147.1050264686748
14.0496223958333	147.20344646867468
14.1496223958333	147.3018664686748
14.249622395833299	147.40028646867486
14.349622395833299	147.4987064686747
14.449622395833298	147.5971264686744
14.549622395833298	147.69554646867465
14.649622395833298	147.79396646867502
14.749622395833297	147.8923864686748
14.849622395833297	147.99080646867478
14.949622395833297	148.0892264686749
15.049622395833296	148.18764646867479
15.149622395833296	148.28606646867493
15.249622395833295	148.38448646867482
15.349622395833295	148.48290646867454
15.449622395833295	148.58132646867463
15.549622395833294	148.67974646867486
15.649622395833294	148.77816646867473
15.749622395833294	148.87658646867462
15.849622395833293	148.9750064686748
15.949622395833293	149.0734264686749
16.049622395833293	149.17184646867545
16.149622395833294	149.27026646867495
16.249622395833295	149.368686468675
16.349622395833297	149.46710646867484
16.4496223958333	149.56552646867505
16.5496223958333	149.66394646867508
16.6496223958333	149.76236646867486
16.749622395833303	149.86078646867512
16.849622395833304	149.95920646867464
16.949622395833305	150.0576264686748
17.049622395833307	150.15604646867507
17.14962239583331	150.2544664686751
17.24962239583331	150.3528864686748
17.34962239583331	150.45130646867483
17.449622395833313	150.5497264686749
17.549622395833314	150.64814646867507
17.649622395833315	150.74656646867513
17.749622395833317	150.84498646867507
17.849622395833318	150.9434064686752
17.94962239583332	151.04182646867488
18.04962239583332	151.140246468675
18.149622395833322	151.23866646867467
18.249622395833324	151.33708646867498
18.349622395833325	151.43550646867484
18.449622395833327	151.5339264686749
18.549622395833328	151.63234646867508
18.64962239583333	151.7307664686751
18.74962239583333	151.82918646867495
18.849622395833332	151.9276064686748
18.949622395833334	152.0260264686748
19.049622395833335	152.1244464686748
19.149622395833337	152.2228664686752
19.249622395833338	152.3212864686747
19.34962239583334	152.41970646867495
19.44962239583334	152.51711036826768
19.549622395833342	152.61168159248126
19.649622395833344	152.70338418924385
19.749622395833345	152.79272803271382
19.849622395833347	152.8818380327137
19.949622395833348	152.9709480327137
20.04962239583335	153.06005803271358
20.14962239583335	153.1491680327137
20.249622395833352	153.23827803271394
20.349622395833354	153.32738803271377
20.449622395833355	153.423910877766
20.549622395833357	153.52233087776588
20.649622395833358	153.62075087776617
20.74962239583336	153.70852705569294
20.84962239583336	153.79617439050176
20.949622395833362	153.8837330586442
21.049622395833364	153.97120306011985
21.149622395833365	154.05858439492934
21.249622395833367	154.14587706307103
21.349622395833368	154.23308106454698
21.44962239583337	154.320196399356
21.54962239583337	154.4072230674986
21.649622395833372	154.49416106897425
21.749622395833374	154.58101040378318
21.849622395833375	154.66777107192533
21.949622395833376	154.75444307340155
22.049622395833378	154.84102640821035
22.14962239583338	154.92752107635212
22.24962239583338	155.01392707782824
22.349622395833382	155.10024441263704
22.449622395833384	155.18647308077965
22.549622395833385	155.2726130822552
22.649622395833386	155.3586644170646
22.749622395833388	155.4446270852068
22.84962239583339	155.5305010866825
22.94962239583339	155.61628642149154
23.049622395833392	155.70198308963387
23.149622395833394	155.7875910911094
23.249622395833395	155.87311042591844
23.349622395833396	155.95854109406062
23.449622395833398	156.04388309553664
23.5496223958334	156.12913643034597
23.6496223958334	156.2143010984879
23.749622395833402	156.31232087776604
23.849622395833403	156.41074087776622
23.949622395833405	156.50916087776577
24.049622395833406	156.60758087776625
24.149622395833408	156.70600087776648
24.24962239583341	156.80442087776618
24.34962239583341	156.9028408777658
24.449622395833412	157.0012608777662
24.549622395833413	157.099680877766
24.649622395833415	157.19657580087846
24.749622395833416	157.29436627776604
24.849622395833418	157.39278627776557
24.94962239583342	157.49120627776594
25.04962239583342	157.58672376145518
25.149622395833422	157.65712023567505
25.249622395833423	157.68131120089652
25.25	157.68131154323802
1000025.25	157.68131154323802
