-100000	0
0	0
0.0033333333333333335	0.03294216814204609
0.008333333333333333	0.08302120709199819
0.01583333333333333	0.15896491422559123
0.02708333333333333	0.2741916544330516
0.043958333333333335	0.4491925653780614
0.06927083333333334	0.7153329907208104
0.10723958333333333	1.1205969671080245
0.16419270833333333	1.7389836806394368
0.24962239583333334	2.683525091593025
0.3496223958333333	3.8078508137200386
0.4496223958333333	4.946830853719902
0.5496223958333333	6.096655988825705
0.6496223958333333	7.254583938038167
0.7496223958333332	8.41850819885756
0.8496223958333332	9.586731099890264
0.9496223958333332	10.757861725572798
1.0496223958333333	11.930707491685569
1.1496223958333334	13.104257861241106
1.2496223958333335	14.277897861241124
1.3496223958333335	15.451537861241134
1.4496223958333336	16.625177861241156
1.5496223958333337	17.79881786124119
1.6496223958333338	18.9724578612412
1.749622395833334	20.14609786124121
1.849622395833334	21.31973786124122
1.949622395833334	22.493377861241246
2.049622395833334	23.667017861241266
2.149622395833334	24.840657861241286
2.249622395833334	26.014297861241303
2.349622395833334	27.187937861241313
2.4496223958333343	28.361577861241294
2.5496223958333344	29.53521786124129
2.6496223958333345	30.708857861241373
2.7496223958333346	31.882497861241287
2.8496223958333347	33.056137861241275
2.9496223958333347	34.22977786124135
3.049622395833335	35.40341786124133
3.149622395833335	36.5770578612414
3.249622395833335	37.750697861241406
3.349622395833335	38.924337861241455
3.449622395833335	40.097977861241404
3.5496223958333353	41.271617861241374
3.6496223958333354	42.44525786124144
3.7496223958333355	43.618897861241486
3.8496223958333355	44.79253786124141
3.9496223958333356	45.96617786124148
4.049622395833335	47.13981786124155
4.149622395833335	48.31345786124146
4.249622395833335	49.48709786124142
4.349622395833334	50.66073786124155
4.449622395833334	51.8343778612415
4.5496223958333335	53.008017861241576
4.649622395833333	54.1816578612416
4.749622395833333	55.35529786124154
4.849622395833332	56.52893786124151
4.949622395833332	57.70257786124155
5.049622395833332	58.8762178612416
5.149622395833331	60.04985786124159
5.249622395833331	61.22349786124162
5.349622395833331	62.39713786124169
5.44962239583333	63.570777861241666
5.54962239583333	64.74441786124156
5.64962239583333	65.91805786124159
5.749622395833329	67.09169786124163
5.849622395833329	68.26533786124169
5.9496223958333285	69.43897786124157
6.049622395833328	70.61261786124157
6.149622395833328	71.78625786124155
6.2496223958333275	72.9598978612415
6.349622395833327	74.13353786124134
6.449622395833327	75.30717786124112
6.549622395833326	76.48081786124112
6.649622395833326	77.65445786124087
6.749622395833326	78.82809786124064
6.849622395833325	80.0017378612406
6.949622395833325	81.1753778612402
7.049622395833325	82.3490178612401
7.149622395833324	83.52265786123976
7.249622395833324	84.69629786123934
7.3496223958333236	85.86993786123905
7.449622395833323	87.04357786123872
7.549622395833323	88.21721786123825
7.6496223958333225	89.39085786123769
7.749622395833322	90.56449786123758
7.849622395833322	91.73813786123688
7.949622395833321	92.91177786123646
8.049622395833321	94.08541786123594
8.14962239583332	95.25905786123548
8.24962239583332	96.43269786123506
8.34962239583332	97.60633786123473
8.44962239583332	98.7799778612344
8.54962239583332	99.95361786123419
8.649622395833319	101.1272578612341
8.749622395833319	102.3008978612339
8.849622395833318	103.47453786123373
8.949622395833318	104.64817786123376
9.049622395833318	105.82181786123368
9.149622395833317	106.9954578612336
9.249622395833317	108.16909786123368
9.349622395833316	109.34273786123393
9.449622395833316	110.51637786123392
9.549622395833316	111.69001786123378
9.649622395833315	112.86365786123379
9.749622395833315	114.03729786123372
9.849622395833315	115.210937861234
9.949622395833314	116.38457786123381
10.049622395833314	117.5582178612339
10.149622395833314	118.73185786123378
10.249622395833313	119.9054978612339
10.349622395833313	121.0791378612339
10.449622395833313	122.25277786123392
10.549622395833312	123.42641786123386
10.649622395833312	124.60005786123388
10.749622395833311	125.77369786123406
10.849622395833311	126.9473378612341
10.94962239583331	128.1209778612341
11.04962239583331	129.2946178612339
11.14962239583331	130.46825786123375
11.24962239583331	131.55762829925496
11.34962239583331	132.63284829925476
11.449622395833309	133.70806829925473
11.549622395833309	134.78328829925474
11.649622395833308	135.85850829925482
11.749622395833308	136.9337282992551
11.849622395833308	138.0089482992548
11.949622395833307	139.08416829925494
12.049622395833307	140.1741324138382
12.149622395833306	141.2641524138386
12.249622395833306	142.35417241383834
12.349622395833306	143.4441924138384
12.449622395833305	144.53421241383833
12.549622395833305	145.62423241383817
12.649622395833305	145.82555673675506
12.749622395833304	145.92397673675515
12.849622395833304	146.0223967367553
12.949622395833304	146.12081673675524
13.049622395833303	146.21923673675514
13.149622395833303	146.3176567367552
13.249622395833303	146.41607673675497
13.349622395833302	146.5144967367553
13.449622395833302	146.6129167367553
13.549622395833302	146.71133673675527
13.649622395833301	146.80975673675536
13.7496223958333	146.90817673675517
13.8496223958333	147.00659673675534
13.9496223958333	147.10501673675532
14.0496223958333	147.20343673675552
14.1496223958333	147.3018567367553
14.249622395833299	147.4002767367552
14.349622395833299	147.49869673675533
14.449622395833298	147.5971167367551
14.549622395833298	147.69553673675532
14.649622395833298	147.7939567367553
14.749622395833297	147.89237673675512
14.849622395833297	147.9907967367553
14.949622395833297	148.08921673675565
15.049622395833296	148.18763673675528
15.149622395833296	148.28605673675509
15.249622395833295	148.3844767367551
15.349622395833295	148.48289673675532
15.449622395833295	148.5813167367553
15.549622395833294	148.67973673675522
15.649622395833294	148.77815673675514
15.749622395833294	148.8765767367551
15.849622395833293	148.97499673675503
15.949622395833293	149.07341673675515
16.049622395833293	149.17132697566723
16.149622395833294	149.2664816316214
16.249622395833295	149.35861546738653
16.349622395833297	149.44772848296188
16.4496223958333	149.53382067834858
16.5496223958333	149.61689205354585
16.6496223958333	149.69694260855348
16.749622395833303	149.7739729290983
16.849622395833304	149.8480572777868
16.949622395833305	149.9192473259571
17.049622395833307	149.9875430736091
17.14962239583331	150.05294452074324
17.24962239583331	150.11545166735928
17.34962239583331	150.17506451345676
17.449622395833313	150.2317830590371
17.549622395833314	150.28560730409845
17.649622395833315	150.3365372486419
17.749622395833317	150.38457289266705
17.849622395833318	150.42971423617425
17.94962239583332	150.4719612791633
18.04962239583332	150.5113140216338
18.149622395833322	150.5477724635866
18.249622395833324	150.5813366050213
18.349622395833325	150.61200644593782
18.449622395833327	150.63978198633583
18.549622395833328	150.66466322621602
18.64962239583333	150.68665016557804
18.74962239583333	150.7057509424326
18.849622395833332	150.72198255880326
18.949622395833334	150.73534554772243
19.049622395833335	150.74583990919098
19.149622395833337	150.7534656432089
19.249622395833338	150.75822274977563
19.34962239583334	150.76011122889105
19.44962239583334	150.76014718096317
19.549622395833342	150.76014718096317
19.649622395833344	150.76014718096317
19.749622395833345	150.76014718096317
19.849622395833347	150.76014718096317
19.949622395833348	150.76014718096317
20.04962239583335	150.76014718096317
20.14962239583335	150.76014718096317
20.249622395833352	150.76014718096317
20.349622395833354	150.76014718096317
20.449622395833355	150.7643830924213
20.549622395833357	150.76970309242148
20.649622395833358	150.77502309242107
20.74962239583336	150.7750431809629
20.84962239583336	150.7750431809629
20.949622395833362	150.7750431809629
21.049622395833364	150.7750431809629
21.149622395833365	150.7750431809629
21.249622395833367	150.7750431809629
21.349622395833368	150.7750431809629
21.44962239583337	150.7750431809629
21.54962239583337	150.7750431809629
21.649622395833372	150.7750431809629
21.749622395833374	150.7750431809629
21.849622395833375	150.7750431809629
21.949622395833376	150.7750431809629
22.049622395833378	150.7750431809629
22.14962239583338	150.7750431809629
22.24962239583338	150.7750431809629
22.349622395833382	150.7750431809629
22.449622395833384	150.7750431809629
22.549622395833385	150.7750431809629
22.649622395833386	150.7750431809629
22.749622395833388	150.7750431809629
22.84962239583339	150.7750431809629
22.94962239583339	150.7750431809629
23.049622395833392	150.7750431809629
23.149622395833394	150.7750431809629
23.249622395833395	150.7750431809629
23.349622395833396	150.7750431809629
23.449622395833398	150.7750431809629
23.5496223958334	150.7750431809629
23.6496223958334	150.7750431809629
23.749622395833402	150.82629564059832
23.849622395833403	150.88880564059866
23.949622395833405	150.95131564059855
24.049622395833406	151.01382564059875
24.149622395833408	151.07633564059856
24.24962239583341	151.13884564059842
24.34962239583341	151.20135564059836
24.449622395833412	151.26386564059834
24.549622395833413	151.32637564059846
24.649622395833415	151.35786668096296
24.749622395833416	151.35818669814373
24.849622395833418	151.36157163665627
24.94962239583342	151.36865101961354
24.999803921568628	151.37145015351217
1000024.9998039216	151.37145015351217
