-100000	0
5.638134269087232	0
5.6414676024205646	0.0000007772888535165254
5.6464676024205644	0.00000800562938040426
5.653967602420565	0.00004517713285298108
5.665217602420565	0.0002029663088618279
5.682092602420565	0.0008136556791089327
5.707405102420565	0.0030573065577546165
5.745373852420565	0.010869348193533707
5.802326977420565	0.03596206838173731
5.887756664920564	0.10341703343922472
5.987756664920564	0.22359344425329067
6.087756664920564	0.38387687049817726
6.187756664920563	0.5804685066977552
6.287756664920563	0.8103975433084378
6.387756664920563	1.071018847674001
6.487756664920562	1.360212034540469
6.587756664920562	1.6761262287464982
6.6877566649205615	2.017083162947463
6.787756664920561	2.381655635527124
6.887756664920561	2.7686470758204313
6.9877566649205605	3.1768032393653782
7.08775666492056	3.6049936216098457
7.18775666492056	4.052293602148946
7.287756664920559	4.517751308974578
7.387756664920559	5.000523682528695
7.487756664920559	5.499779750560851
7.587756664920558	6.014763099531841
7.687756664920558	6.544746372213697
7.787756664920558	7.08907926817246
7.887756664920557	7.647194783188629
7.987756664920557	8.218385883563542
8.087756664920557	8.802187507892839
8.187756664920556	9.39803109138533
8.287756664920556	10.005415194301186
8.387756664920555	10.623890305698065
8.487756664920555	11.252935308548727
8.587756664920555	11.892195401115021
8.687756664920554	12.54118683047231
8.787756664920554	13.199595886679823
8.887756664920554	13.867002639636567
8.987756664920553	14.54310259287643
9.087756664920553	15.227561898767277
9.187756664920553	15.92005908074583
9.287756664920552	16.620371379605345
9.387756664920552	17.328138243837206
9.487756664920552	18.04325854133099
9.587756664920551	18.765362535105172
9.68775666492055	19.4943351902233
9.78775666492055	20.229975948967688
9.88775666492055	20.97209962902085
9.98775666492055	21.720518185545117
10.08775666492055	22.475072456138935
10.187756664920549	23.235568487918314
10.287756664920549	24.00181581948206
10.387756664920548	24.773637276279718
10.487756664920548	25.55083812158025
10.587756664920548	26.333232116519554
10.687756664920547	27.120636023471345
10.787756664920547	27.91285043947827
10.887756664920547	28.709691187618784
10.987756664920546	29.5109625846044
11.087756664920546	30.31646054222251
11.187756664920546	31.125998062225477
11.287756664920545	31.93936411218812
11.387756664920545	32.756352708768276
11.487756664920544	33.57676502412411
11.587756664920544	34.400375446828896
11.687756664920544	35.22697808043117
11.787756664920543	36.05635634379226
11.887756664920543	36.888273360657976
11.987756664920543	37.722541613279766
12.087756664920542	38.5589102592096
12.187756664920542	39.397146591493616
12.287756664920542	40.23701804700111
12.387756664920541	41.078294786288815
12.487756664920541	41.920736874310585
12.58775666492054	42.76410449611925
12.68775666492054	43.60815613940743
12.78775666492054	44.071697837355366
12.88775666492054	44.34169783735533
12.98775666492054	44.61169783735541
13.087756664920539	44.881697837355425
13.187756664920538	45.15169783735544
13.287756664920538	45.421697837355424
13.387756664920538	45.691697837355484
13.487756664920537	45.9616978373554
13.587756664920537	46.23169783735532
13.687756664920537	46.501697837355486
13.787756664920536	46.77169783735532
13.887756664920536	47.041697837355414
13.987756664920536	47.31169783735542
14.087756664920535	47.58169783735546
14.187756664920535	47.85169783735542
14.287756664920535	48.12169783735543
14.387756664920534	48.391697837355274
14.487756664920534	48.661697837355455
14.587756664920533	48.93169783735545
14.687756664920533	49.201697837355454
14.787756664920533	49.471697837355435
14.887756664920532	49.741697837355474
14.987756664920532	50.01169783735539
15.087756664920532	50.281697837355445
15.187756664920531	50.551697837355306
15.287756664920531	50.821697837355394
15.38775666492053	51.09169783735521
15.48775666492053	51.36169783735531
15.58775666492053	51.63169783735542
15.68775666492053	51.90169783735534
15.78775666492053	52.17169783735543
15.887756664920529	52.44169783735528
15.987756664920528	52.71169783735538
16.08775666492053	52.98169783735543
16.18775666492053	53.251697837355394
16.287756664920533	53.52169783735537
16.387756664920534	53.79169783735543
16.487756664920536	54.06169783735534
16.587756664920537	54.331697837355314
16.68775666492054	54.60169783735544
16.78775666492054	54.87169783735539
16.88775666492054	55.141697837355515
16.987756664920543	55.411697837355455
17.087756664920544	55.68169783735537
17.187756664920546	55.95169783735556
17.287756664920547	56.221697837355364
17.38775666492055	56.49169783735552
17.48775666492055	56.761697837355484
17.58775666492055	57.03169783735547
17.687756664920553	57.301697837355604
17.787756664920554	57.57169783735545
17.887756664920555	57.841697837355404
17.987756664920557	58.1116978373555
18.08775666492056	58.381697837355404
18.18775666492056	58.65169783735558
18.28775666492056	58.921697837355545
18.387756664920563	59.19169783735554
18.487756664920564	59.46169783735548
18.587756664920565	59.73169783735548
18.687756664920567	60.00169783735541
18.78775666492057	60.27169783735552
18.88775666492057	60.54169783735545
18.98775666492057	60.81169783735554
19.087756664920573	61.08169783735555
19.187756664920574	61.35169783735555
19.287756664920575	61.62169783735539
19.387756664920577	61.89169783735553
19.48775666492058	62.16169783735543
19.58775666492058	62.43169783735541
19.68775666492058	62.70169783735561
19.787756664920582	62.97169783735558
19.887756664920584	63.241697837355545
19.987756664920585	63.51169783735552
20.087756664920587	63.781697837355495
20.187756664920588	64.0516978373555
20.28775666492059	64.32169783735557
20.38775666492059	64.59169783735562
20.487756664920592	64.86169783735559
20.587756664920594	65.13169783735555
20.687756664920595	65.40169783735554
20.787756664920597	65.67169783735551
20.887756664920598	65.94169783735563
20.9877566649206	66.21169783735552
21.0877566649206	66.48169783735544
21.187756664920602	66.75169783735561
21.287756664920604	67.02169783735552
21.387756664920605	67.29169783735568
21.487756664920607	67.56169783735552
21.587756664920608	67.83169783735563
21.68775666492061	68.10169783735553
21.78775666492061	68.37169783735546
21.887756664920612	68.64169783735568
21.987756664920614	68.9116978373555
22.087756664920615	69.1816978373557
22.187756664920617	69.4516978373556
22.287756664920618	69.72169783735562
22.38775666492062	69.99169783735553
22.48775666492062	70.26169783735557
22.587756664920622	70.5316978373557
22.687756664920624	70.80169783735566
22.787756664920625	71.07169783735571
22.887756664920627	71.34169783735555
22.987756664920628	71.61169783735559
23.08775666492063	71.8816978373557
23.18775666492063	72.15169783735574
23.287756664920632	72.42169783735567
23.387756664920634	72.69169783735565
23.45	72.8597548420698
1000023.45	72.8597548420698
