-100000	0
0	0
0.0033333333333333335	0.03294206607230692
0.008333333333333333	0.08302095386665899
0.01583333333333333	0.15896443901780233
0.02708333333333333	0.2741908548562304
0.043958333333333335	0.44919129744226227
0.06927083333333334	0.7153310569978393
0.10723958333333333	1.1205893985165543
0.16419270833333333	1.7389796241935018
0.24962239583333334	2.6835195163848597
0.3496223958333333	3.807843858873246
0.4496223958333333	4.946822889885535
0.5496223958333333	6.096647302479248
0.6496223958333333	7.254574763071829
0.7496223958333332	8.418498716252145
0.8496223958333332	9.58672145003935
0.9496223958333332	10.757852001987809
1.0496223958333333	11.930697747560185
1.1496223958333334	13.10424811586353
1.2496223958333335	14.277888115863526
1.3496223958333335	15.45152811586353
1.4496223958333336	16.62516811586352
1.5496223958333337	17.798808115863515
1.6496223958333338	18.972448115863482
1.749622395833334	20.146088115863506
1.849622395833334	21.3197281158635
1.949622395833334	22.493368115863536
2.049622395833334	23.66700811586351
2.149622395833334	24.84064811586351
2.249622395833334	26.01428811586347
2.349622395833334	27.187928115863517
2.4496223958333343	28.3615681158635
2.5496223958333344	29.535208115863593
2.6496223958333345	30.708848115863603
2.7496223958333346	31.882488115863612
2.8496223958333347	33.05612811586359
2.9496223958333347	34.22976811586351
3.049622395833335	35.40340811586353
3.149622395833335	36.57704811586359
3.249622395833335	37.75068811586362
3.349622395833335	38.924328115863624
3.449622395833335	40.097968115863594
3.5496223958333353	41.27160811586355
3.6496223958333354	42.44524811586363
3.7496223958333355	43.618888115863655
3.8496223958333355	44.79252811586368
3.9496223958333356	45.96616811586364
4.049622395833335	47.139808115863715
4.149622395833335	48.31344811586365
4.249622395833335	49.487088115863635
4.349622395833334	50.660728115863634
4.449622395833334	51.8343681158636
4.5496223958333335	53.008008115863646
4.649622395833333	54.1816481158637
4.749622395833333	55.355288115863665
4.849622395833332	56.528928115863685
4.949622395833332	57.70256811586366
5.049622395833332	58.87620811586367
5.149622395833331	60.04984811586363
5.249622395833331	61.223488115863724
5.349622395833331	62.397128115863715
5.44962239583333	63.57076811586365
5.54962239583333	64.74440811586369
5.64962239583333	65.91804811586368
5.749622395833329	67.09168811586363
5.849622395833329	68.26532811586348
5.9496223958333285	69.43896811586356
6.049622395833328	70.61260811586367
6.149622395833328	71.7862481158635
6.2496223958333275	72.95988811586342
6.349622395833327	74.13352811586344
6.449622395833327	75.30716811586325
6.549622395833326	76.4808081158631
6.649622395833326	77.65444811586289
6.749622395833326	78.82808811586266
6.849622395833325	80.00172811586246
6.949622395833325	81.1753681158622
7.049622395833325	82.34900811586202
7.149622395833324	83.52264811586159
7.249622395833324	84.69628811586131
7.3496223958333236	85.86992811586099
7.449622395833323	87.04356811586055
7.549622395833323	88.21720811586013
7.6496223958333225	89.39084811585954
7.749622395833322	90.5644881158591
7.849622395833322	91.73812811585854
7.949622395833321	92.91176811585815
8.049622395833321	94.08540811585766
8.14962239583332	95.25904811585715
8.24962239583332	96.43268811585688
8.34962239583332	97.6063281158565
8.44962239583332	98.77996811585618
8.54962239583332	99.95360811585608
8.649622395833319	101.12724811585586
8.749622395833319	102.30088811585561
8.849622395833318	103.47452811585559
8.949622395833318	104.64816811585563
9.049622395833318	105.82180811585559
9.149622395833317	106.99544811585541
9.249622395833317	108.16908811585546
9.349622395833316	109.34272811585538
9.449622395833316	110.51636811585534
9.549622395833316	111.69000811585545
9.649622395833315	112.86364811585528
9.749622395833315	114.03728811585532
9.849622395833315	115.21092811585542
9.949622395833314	116.38456811585516
10.049622395833314	117.55820811585536
10.149622395833314	118.73184811585524
10.249622395833313	119.90548811585545
10.349622395833313	121.07912811585531
10.449622395833313	122.25276811585545
10.549622395833312	123.42640811585531
10.649622395833312	124.60004811585532
10.749622395833311	125.77368811585539
10.849622395833311	126.94732811585537
10.94962239583331	128.12096811585542
11.04962239583331	129.29460811585537
11.14962239583331	130.4682481158553
11.24962239583331	131.55761855387618
11.34962239583331	132.63283855387613
11.449622395833309	133.70805855387613
11.549622395833309	134.78327855387596
11.649622395833308	135.85849855387613
11.749622395833308	136.93371855387622
11.849622395833308	138.00893855387625
11.949622395833307	139.084158553876
12.049622395833307	140.17412266845932
12.149622395833306	141.2641426684595
12.249622395833306	142.35416266845928
12.349622395833306	143.44418266845932
12.449622395833305	144.5342026684598
12.549622395833305	145.62422266845928
12.649622395833305	145.82554699137617
12.749622395833304	145.92396699137663
12.849622395833304	146.02238699137607
12.949622395833304	146.12002858745615
13.049622395833303	146.2142091576561
13.149622395833303	146.30470259474467
13.249622395833303	146.39150889956673
13.349622395833302	146.47462807296787
13.449622395833302	146.55406011579402
13.549622395833302	146.62980502888914
13.649622395833301	146.70207402369874
13.7496223958333	146.77130836419565
13.8496223958333	146.8375218845032
13.9496223958333	146.90071458462117
14.0496223958333	146.9608864645504
14.1496223958333	147.01803752429046
14.249622395833299	147.07216776384067
14.349622395833299	147.12327718320194
14.449622395833298	147.17136578237378
14.549622395833298	147.2164335613566
14.649622395833298	147.25848052014993
14.749622395833297	147.29750665875403
14.849622395833297	147.33351197716877
14.949622395833297	147.36649647539448
15.049622395833296	147.39646015343072
15.149622395833296	147.4234030112776
15.249622395833295	147.4473250489356
15.349622395833295	147.46822626640397
15.449622395833295	147.48610666368302
15.549622395833294	147.5009662407729
15.649622395833294	147.51280499767373
15.749622395833294	147.52162293438494
15.849622395833293	147.52742005090715
15.949622395833293	147.5301963472399
15.991527777777772	147.53046158447128
1000015.9915277777	147.53046158447128
