-100000	0
0	0
0.0033333333333333335	0.032941963969326
0.008333333333333333	0.08302070060807905
0.01583333333333333	0.1589639637028948
0.02708333333333333	0.27419005504106814
0.043958333333333335	0.44919002906190125
0.06927083333333334	0.7153291225149507
0.10723958333333333	1.1205902706416204
0.16419270833333333	1.738975564784412
0.24962239583333334	2.683513936634584
0.3496223958333333	3.80783689785587
0.4496223958333333	4.946814918169892
0.5496223958333333	6.096638606829055
0.6496223958333333	7.254565577423737
0.7496223958333332	8.418489221752262
0.8496223958333332	9.586711787774608
0.9496223958333332	10.757842265239002
1.0496223958333333	11.930687990050806
1.1496223958333334	13.104238357028226
1.2496223958333335	14.277878357028253
1.3496223958333335	15.451518357028275
1.4496223958333336	16.625158357028248
1.5496223958333337	17.79879835702832
1.6496223958333338	18.972438357028306
1.749622395833334	20.146078357028312
1.849622395833334	21.319718357028318
1.949622395833334	22.49335835702832
2.049622395833334	23.666998357028337
2.149622395833334	24.84063835702837
2.249622395833334	26.01427835702841
2.349622395833334	27.18791835702843
2.4496223958333343	28.3615583570284
2.5496223958333344	29.53519835702849
2.6496223958333345	30.708838357028437
2.7496223958333346	31.882478357028468
2.8496223958333347	33.05611835702852
2.9496223958333347	34.229758357028516
3.049622395833335	35.403398357028514
3.149622395833335	36.57703835702856
3.249622395833335	37.750678357028555
3.349622395833335	38.924318357028575
3.449622395833335	40.097958357028595
3.5496223958333353	41.27159835702858
3.6496223958333354	42.44523835702854
3.7496223958333355	43.61887835702863
3.8496223958333355	44.79251835702865
3.9496223958333356	45.96615835702866
4.049622395833335	47.13979835702867
4.149622395833335	48.313438357028645
4.249622395833335	49.48707835702867
4.349622395833334	50.660718357028756
4.449622395833334	51.83435835702871
4.5496223958333335	53.007998357028626
4.649622395833333	54.18163835702867
4.749622395833333	55.35527835702871
4.849622395833332	56.528918357028786
4.949622395833332	57.70255835702867
5.049622395833332	58.87619835702873
5.149622395833331	60.04983835702874
5.249622395833331	61.22347835702864
5.349622395833331	62.39711835702873
5.44962239583333	63.570758357028694
5.54962239583333	64.74439835702867
5.64962239583333	65.91803835702879
5.749622395833329	67.09167835702883
5.849622395833329	68.26531835702873
5.9496223958333285	69.43895835702872
6.049622395833328	70.61259835702867
6.149622395833328	71.7862383570287
6.2496223958333275	72.95987835702857
6.349622395833327	74.13351835702859
6.449622395833327	75.30715835702841
6.549622395833326	76.48079835702819
6.649622395833326	77.65443835702807
6.749622395833326	78.82807835702786
6.849622395833325	80.00171835702776
6.949622395833325	81.17535835702749
7.049622395833325	82.34899835702731
7.149622395833324	83.52263835702692
7.249622395833324	84.69627835702647
7.3496223958333236	85.86991835702635
7.449622395833323	87.04355835702609
7.549622395833323	88.21719835702548
7.6496223958333225	89.39083835702495
7.749622395833322	90.56447835702458
7.849622395833322	91.73811835702419
7.949622395833321	92.91175835702363
8.049622395833321	94.08539835702317
8.14962239583332	95.25903835702275
8.24962239583332	96.43267835702237
8.34962239583332	97.60631835702199
8.44962239583332	98.77995835702181
8.54962239583332	99.95359835702156
8.649622395833319	101.12723835702145
8.749622395833319	102.30087835702123
8.849622395833318	103.47451835702124
8.949622395833318	104.64815835702115
9.049622395833318	105.82179835702112
9.149622395833317	106.99543835702113
9.249622395833317	108.16907835702123
9.349622395833316	109.34271835702103
9.449622395833316	110.51635835702109
9.549622395833316	111.68999835702125
9.649622395833315	112.86363835702112
9.749622395833315	114.03727835702102
9.849622395833315	115.21091835702101
9.949622395833314	116.38455835702105
10.049622395833314	117.5581983570212
10.149622395833314	118.73183835702102
10.249622395833313	119.90547835702112
10.349622395833313	121.07911835702109
10.449622395833313	122.25275835702104
10.549622395833312	123.42639835702133
10.649622395833312	124.6000383570212
10.749622395833311	125.77367835702115
10.849622395833311	126.94731835702117
10.94962239583331	128.12095835702124
11.04962239583331	129.29459835702121
11.14962239583331	130.4682383570212
11.24962239583331	131.5263087105397
11.34962239583331	132.56155066710357
11.449622395833309	133.59310547462323
11.549622395833309	134.62097313448436
11.649622395833308	135.64515364807372
11.749622395833308	136.6656470167776
11.849622395833308	137.68245324198278
11.949622395833307	138.69557232507552
12.049622395833307	139.7296050167748
12.149622395833306	140.76059722537207
12.249622395833306	141.78845675214703
12.349622395833306	142.5581088091682
12.449622395833305	143.60789372229883
12.549622395833305	144.66326546635247
12.649622395833305	144.96799877854383
12.749622395833304	144.97482075314974
12.849622395833304	144.97795559210897
12.884644724898283	144.97818170018542
1000012.8846447249	144.97818170018542
