-100000	0
0	0
0.0033333333333333335	0.03294186183310113
0.008333333333333333	0.0830204473162547
0.01583333333333333	0.158963488280859
0.02708333333333333	0.27418925498755126
0.043958333333333335	0.4491887602369515
0.06927083333333334	0.7153271872721064
0.10723958333333333	1.120587427089594
0.16419270833333333	1.7389715024120704
0.24962239583333334	2.6835083523420673
0.3496223958333333	3.8078299310197425
0.4496223958333333	4.946806938572751
0.5496223958333333	6.09662990187491
0.6496223958333333	7.2545563810935665
0.7496223958333332	8.41847971535749
0.8496223958333332	9.586702113095614
0.9496223958333332	10.757832515325925
1.0496223958333333	11.930678219156922
1.1496223958333334	13.104228584734779
1.2496223958333335	14.277868584734732
1.3496223958333335	15.451508584734768
1.4496223958333336	16.625148584734774
1.5496223958333337	17.79878858473481
1.6496223958333338	18.972428584734793
1.749622395833334	20.146068584734845
1.849622395833334	21.319708584734826
1.949622395833334	22.493348584734875
2.049622395833334	23.666988584734884
2.149622395833334	24.840628584734866
2.249622395833334	26.014268584734918
2.349622395833334	27.187908584734902
2.4496223958333343	28.361548584734976
2.5496223958333344	29.535188584734975
2.6496223958333345	30.70882858473496
2.7496223958333346	31.882468584734966
2.8496223958333347	33.056108584735
2.9496223958333347	34.229748584735
3.049622395833335	35.40338858473508
3.149622395833335	36.577028584735054
3.249622395833335	37.75066858473507
3.349622395833335	38.924308584735066
3.449622395833335	40.09794858473504
3.5496223958333353	41.27158858473506
3.6496223958333354	42.44522858473507
3.7496223958333355	43.61886858473507
3.8496223958333355	44.792508584735195
3.9496223958333356	45.96614858473517
4.049622395833335	47.1397885847352
4.149622395833335	48.31342858473515
4.249622395833335	49.48706858473511
4.349622395833334	50.66070858473526
4.449622395833334	51.83434858473527
4.5496223958333335	53.007988584735244
4.649622395833333	54.181628584735314
4.749622395833333	55.3552685847354
4.849622395833332	56.528908584735355
4.949622395833332	57.70254858473529
5.049622395833332	58.87618858473531
5.149622395833331	60.04982858473515
5.249622395833331	61.22346858473535
5.349622395833331	62.397108584735356
5.44962239583333	63.57074858473521
5.54962239583333	64.74438858473535
5.64962239583333	65.91802858473532
5.749622395833329	67.0916685847353
5.849622395833329	68.2653085847354
5.9496223958333285	69.43894858473531
6.049622395833328	70.61258858473538
6.149622395833328	71.78622858473535
6.2496223958333275	72.95986858473526
6.349622395833327	74.1335085847353
6.449622395833327	75.30714858473516
6.549622395833326	76.48078858473497
6.649622395833326	77.65442858473484
6.749622395833326	78.82806858473471
6.849622395833325	80.00170858473462
6.949622395833325	81.17534858473431
7.049622395833325	82.3489885847341
7.149622395833324	83.52262858473365
7.249622395833324	84.69626858473332
7.3496223958333236	85.86990858473293
7.449622395833323	87.04354858473258
7.549622395833323	88.21718858473241
7.6496223958333225	89.39082858473185
7.749622395833322	90.5644685847314
7.849622395833322	91.73810858473101
7.949622395833321	92.91174858473056
8.049622395833321	94.0853885847301
8.14962239583332	95.2590285847296
8.24962239583332	96.4326685847292
8.34962239583332	97.6063085847288
8.44962239583332	98.77994858472856
8.54962239583332	99.95358858472837
8.649622395833319	101.12722858472799
8.749622395833319	102.30086858472808
8.849622395833318	103.47450858472779
8.949622395833318	104.64814858472782
9.049622395833318	105.8217885847279
9.149622395833317	106.99542858472793
9.249622395833317	108.1690685847279
9.349622395833316	109.34270858472787
9.449622395833316	110.51634858472772
9.549622395833316	111.68998858472798
9.649622395833315	112.8636285847278
9.749622395833315	114.03726858472795
9.849622395833315	115.21090858472792
9.949622395833314	116.38454858472788
10.049622395833314	117.55818858472796
10.149622395833314	118.73182858472802
10.249622395833313	119.9054685847279
10.349622395833313	121.07910858472815
10.449622395833313	122.25274858472794
10.549622395833312	123.42638858472789
10.649622395833312	124.60002858472816
10.749622395833311	125.7736685847281
10.849622395833311	126.94730858472792
10.94962239583331	128.12094858472807
11.04962239583331	129.29458858472785
11.14962239583331	130.46822858472802
11.24962239583331	131.47332946076966
11.34962239583331	132.4501294607697
11.449622395833309	133.42692946076966
11.549622395833309	134.40372946076968
11.649622395833308	135.38052946076988
11.749622395833308	136.35732946076982
11.849622395833308	137.3341294607699
11.949622395833307	138.31092946077004
12.049622395833307	139.31721768993646
12.149622395833306	140.3236176899366
12.249622395833306	141.33001768993674
12.349622395833306	142.33641768993647
12.449622395833305	143.3428176899366
12.549622395833305	144.34921768993647
12.56	144.45365789826997
1000012.56	144.45365789826997
