-100000	0
0	0
0.0033333333333333335	0.03294175966363322
0.008333333333333333	0.08302019399118782
0.01583333333333333	0.15896301275169888
0.02708333333333333	0.2741884546956841
0.043958333333333335	0.4491874909674249
0.06927083333333334	0.7153252512693257
0.10723958333333333	1.1205845817336597
0.16419270833333333	1.7389674370765056
0.24962239583333334	2.6835027635073723
0.3496223958333333	3.8078229583857994
0.4496223958333333	4.946798951094218
0.5496223958333333	6.096621187616856
0.6496223958333333	7.254547174081457
0.7496223958333332	8.418470197067975
0.8496223958333332	9.5866924260026
0.9496223958333332	10.757822752248769
1.0496223958333333	11.93066843487864
1.1496223958333334	13.104218798983284
1.2496223958333335	14.277858798983333
1.3496223958333335	15.451498798983309
1.4496223958333336	16.62513879898333
1.5496223958333337	17.798778798983356
1.6496223958333338	18.972418798983426
1.749622395833334	20.146058798983347
1.849622395833334	21.319698798983413
1.949622395833334	22.493338798983377
2.049622395833334	23.666978798983465
2.149622395833334	24.84061879898346
2.249622395833334	26.014258798983487
2.349622395833334	27.1878987989835
2.4496223958333343	28.36153879898353
2.5496223958333344	29.535178798983516
2.6496223958333345	30.70881879898355
2.7496223958333346	31.882458798983624
2.8496223958333347	33.05609879898352
2.9496223958333347	34.22973879898363
3.049622395833335	35.40337879898368
3.149622395833335	36.57701879898366
3.249622395833335	37.75065879898366
3.349622395833335	38.92429879898366
3.449622395833335	40.09793879898371
3.5496223958333353	41.27157879898375
3.6496223958333354	42.44521879898371
3.7496223958333355	43.618858798983815
3.8496223958333355	44.79249879898375
3.9496223958333356	45.96613879898378
4.049622395833335	47.13977879898385
4.149622395833335	48.31341879898382
4.249622395833335	49.48705879898377
4.349622395833334	50.66069879898377
4.449622395833334	51.83433879898385
4.5496223958333335	53.00797879898389
4.649622395833333	54.181618798983905
4.749622395833333	55.35525879898399
4.849622395833332	56.52889879898393
4.949622395833332	57.70253879898398
5.049622395833332	58.87617879898392
5.149622395833331	60.04981879898396
5.249622395833331	61.22345879898395
5.349622395833331	62.39709879898393
5.44962239583333	63.57073879898395
5.54962239583333	64.74437879898406
5.64962239583333	65.91801879898394
5.749622395833329	67.09165879898396
5.849622395833329	68.26529879898393
5.9496223958333285	69.438938798984
6.049622395833328	70.61257879898398
6.149622395833328	71.78621879898417
6.2496223958333275	72.95985879898407
6.349622395833327	74.13349879898394
6.449622395833327	75.30713879898393
6.549622395833326	76.4807787989838
6.649622395833326	77.65441879898361
6.749622395833326	78.82805879898343
6.849622395833325	80.00169879898327
6.949622395833325	81.17533879898295
7.049622395833325	82.3489787989828
7.149622395833324	83.52261879898255
7.249622395833324	84.69625879898223
7.3496223958333236	85.8698987989818
7.449622395833323	87.04353879898142
7.549622395833323	88.21717879898115
7.6496223958333225	89.39081879898076
7.749622395833322	90.56445879898027
7.849622395833322	91.73809879897976
7.949622395833321	92.91173879897929
8.049622395833321	94.08537879897898
8.14962239583332	95.25901879897847
8.24962239583332	96.43265879897805
8.34962239583332	97.60629879897768
8.44962239583332	98.77993879897748
8.54962239583332	99.95357879897723
8.649622395833319	101.12721879897705
8.749622395833319	102.30085879897682
8.849622395833318	103.47449879897674
8.949622395833318	104.64813879897658
9.049622395833318	105.82177879897661
9.149622395833317	106.99541879897679
9.249622395833317	108.16905879897668
9.349622395833316	109.34269879897685
9.449622395833316	110.51633879897679
9.549622395833316	111.68997879897681
9.649622395833315	112.86361879897687
9.749622395833315	114.03725879897675
9.849622395833315	115.21089879897667
9.949622395833314	116.38453879897673
10.049622395833314	117.55817879897677
10.149622395833314	118.73181879897685
10.249622395833313	119.90545879897702
10.349622395833313	121.07909879897686
10.449622395833313	122.25273879897674
10.549622395833312	123.42637879897688
10.649622395833312	124.60001879897668
10.749622395833311	125.77365879897684
10.849622395833311	126.94729879897689
10.94962239583331	128.120938798977
11.04962239583331	129.2945787989769
11.14962239583331	130.46821879897678
11.24962239583331	131.47331967501856
11.34962239583331	132.45011967501864
11.449622395833309	133.42691967501872
11.549622395833309	134.40371967501864
11.649622395833308	135.3805196750188
11.749622395833308	136.35731967501857
11.849622395833308	137.3341196750185
11.949622395833307	138.3109196750187
12.049622395833307	139.31720790418532
12.149622395833306	140.32360790418525
12.249622395833306	141.33000790418535
12.349622395833306	142.33640790418534
12.449622395833305	143.34280790418552
12.549622395833305	144.34920790418528
12.56	144.453648112519
1000012.56	144.453648112519
