-100000	0
0	0
0.0033333333333333335	0.03294165746092108
0.008333333333333333	0.08301994063287496
0.01583333333333333	0.15896253711541017
0.02708333333333333	0.27418765416546054
0.043958333333333335	0.44918622125331115
0.06927083333333334	0.7153233145065799
0.10723958333333333	1.1205817345737896
0.16419270833333333	1.7389633687776818
0.24962239583333334	2.6834971701304178
0.3496223958333333	3.807815979953968
0.4496223958333333	4.946790955734142
0.5496223958333333	6.096612464054827
0.6496223958333333	7.254537956387199
0.7496223958333332	8.41846066688347
0.8496223958333332	9.586682726495274
0.9496223958333332	10.757812976007257
1.0496223958333333	11.930658637215782
1.1496223958333334	13.104208999773526
1.2496223958333335	14.277848999773529
1.3496223958333335	15.45148899977352
1.4496223958333336	16.625128999773466
1.5496223958333337	17.798768999773483
1.6496223958333338	18.97240899977347
1.749622395833334	20.146048999773495
1.849622395833334	21.31968899977343
1.949622395833334	22.49332899977348
2.049622395833334	23.666968999773452
2.149622395833334	24.840608999773462
2.249622395833334	26.014248999773432
2.349622395833334	27.187888999773445
2.4496223958333343	28.361528999773487
2.5496223958333344	29.535168999773365
2.6496223958333345	30.708808999773417
2.7496223958333346	31.882448999773427
2.8496223958333347	33.05608899977332
2.9496223958333347	34.229728999773336
3.049622395833335	35.40336899977332
3.149622395833335	36.57700899977333
3.249622395833335	37.75064899977328
3.349622395833335	38.924288999773296
3.449622395833335	40.09792899977322
3.5496223958333353	41.2715689997733
3.6496223958333354	42.44520899977334
3.7496223958333355	43.618848999773334
3.8496223958333355	44.792488999773305
3.9496223958333356	45.9661289997733
4.049622395833335	47.13976899977331
4.149622395833335	48.31340899977326
4.249622395833335	49.487048999773265
4.349622395833334	50.660688999773214
4.449622395833334	51.83432899977328
4.5496223958333335	53.007968999773105
4.649622395833333	54.181608999773196
4.749622395833333	55.3552489997731
4.849622395833332	56.528888999773066
4.949622395833332	57.702528999773136
5.049622395833332	58.87616899977312
5.149622395833331	60.04980899977306
5.249622395833331	61.223448999773105
5.349622395833331	62.39708899977311
5.44962239583333	63.570728999773046
5.54962239583333	64.74436899977313
5.64962239583333	65.91800899977304
5.749622395833329	67.09164899977303
5.849622395833329	68.26528899977315
5.9496223958333285	69.43892899977297
6.049622395833328	70.6125689997729
6.149622395833328	71.78620899977287
6.2496223958333275	72.95984899977282
6.349622395833327	74.13348899977282
6.449622395833327	75.30712899977274
6.549622395833326	76.48076899977262
6.649622395833326	77.6544089997726
6.749622395833326	78.82804899977225
6.849622395833325	80.00168899977203
6.949622395833325	81.17532899977175
7.049622395833325	82.3489689997716
7.149622395833324	83.52260899977132
7.249622395833324	84.69624899977099
7.3496223958333236	85.86988899977075
7.449622395833323	87.04352899977029
7.549622395833323	88.21716899976998
7.6496223958333225	89.39080899976953
7.749622395833322	90.56444899976894
7.849622395833322	91.73808899976845
7.949622395833321	92.91172899976794
8.049622395833321	94.08536899976731
8.14962239583332	95.25900899976699
8.24962239583332	96.43264899976651
8.34962239583332	97.60628899976622
8.44962239583332	98.77992899976584
8.54962239583332	99.9535689997656
8.649622395833319	101.1272089997654
8.749622395833319	102.30084899976518
8.849622395833318	103.47448899976503
8.949622395833318	104.64812899976494
9.049622395833318	105.82176899976486
9.149622395833317	106.99540899976499
9.249622395833317	108.16904899976487
9.349622395833316	109.34268899976486
9.449622395833316	110.516328999765
9.549622395833316	111.6899689997649
9.649622395833315	112.86360899976484
9.749622395833315	114.03724899976486
9.849622395833315	115.21088899976492
9.949622395833314	116.38452899976478
10.049622395833314	117.55816899976487
10.149622395833314	118.7318089997649
10.249622395833313	119.90544899976499
10.349622395833313	121.07908899976479
10.449622395833313	122.25272899976467
10.549622395833312	123.42636899976488
10.649622395833312	124.60000899976497
10.749622395833311	125.77364899976476
10.849622395833311	126.94728899976467
10.94962239583331	128.12092899976489
11.04962239583331	129.29456899976475
11.14962239583331	130.46820899976476
11.24962239583331	131.47330987580648
11.34962239583331	132.45010987580653
11.449622395833309	133.4269098758064
11.549622395833309	134.40370987580644
11.649622395833308	135.38050987580633
11.749622395833308	136.35730987580635
11.849622395833308	137.33410987580626
11.949622395833307	138.3109098758064
12.049622395833307	139.31719810497293
12.149622395833306	140.32359810497323
12.249622395833306	141.32999810497296
12.349622395833306	142.33639810497283
12.449622395833305	143.34279810497304
12.549622395833305	144.34919810497286
12.56	144.45363831330656
1000012.56	144.45363831330656
