-100000	0
0	0
0.0033333333333333335	0.03294155522496763
0.008333333333333333	0.08301968724132365
0.01583333333333333	0.15896206137200375
0.02708333333333333	0.2741868533969004
0.043958333333333335	0.44918495109463896
0.06927083333333334	0.7153213769839315
0.10723958333333333	1.1205788856100651
0.16419270833333333	1.7389592975157175
0.24962239583333334	2.6834915722114
0.3496223958333333	3.807808995724477
0.4496223958333333	4.946782952492908
0.5496223958333333	6.09660373118922
0.6496223958333333	7.2545287280113095
0.7496223958333332	8.418451124804676
0.8496223958333332	9.586673014574316
0.9496223958333332	10.757803186602148
1.0496223958333333	11.930648826169119
1.1496223958333334	13.104199187106373
1.2496223958333335	14.277839187106387
1.3496223958333335	15.451479187106377
1.4496223958333336	16.62511918710637
1.5496223958333337	17.798759187106437
1.6496223958333338	18.97239918710647
1.749622395833334	20.14603918710647
1.849622395833334	21.319679187106495
1.949622395833334	22.493319187106515
2.049622395833334	23.666959187106528
2.149622395833334	24.84059918710657
2.249622395833334	26.014239187106547
2.349622395833334	27.187879187106546
2.4496223958333343	28.361519187106566
2.5496223958333344	29.535159187106608
2.6496223958333345	30.708799187106678
2.7496223958333346	31.8824391871067
2.8496223958333347	33.05607918710665
2.9496223958333347	34.229719187106724
3.049622395833335	35.40335918710672
3.149622395833335	36.576999187106786
3.249622395833335	37.750639187106756
3.349622395833335	38.924279187106826
3.449622395833335	40.09791918710683
3.5496223958333353	41.27155918710673
3.6496223958333354	42.44519918710686
3.7496223958333355	43.618839187106914
3.8496223958333355	44.792479187106814
3.9496223958333356	45.966119187106884
4.049622395833335	47.13975918710685
4.149622395833335	48.31339918710693
4.249622395833335	49.48703918710693
4.349622395833334	50.660679187107036
4.449622395833334	51.83431918710697
4.5496223958333335	53.007959187106984
4.649622395833333	54.181599187106926
4.749622395833333	55.35523918710707
4.849622395833332	56.52887918710709
4.949622395833332	57.70251918710709
5.049622395833332	58.876159187107156
5.149622395833331	60.049799187107126
5.249622395833331	61.22343918710716
5.349622395833331	62.39707918710706
5.44962239583333	63.57071918710725
5.54962239583333	64.74435918710722
5.64962239583333	65.91799918710726
5.749622395833329	67.0916391871072
5.849622395833329	68.26527918710728
5.9496223958333285	69.43891918710726
6.049622395833328	70.61255918710734
6.149622395833328	71.78619918710719
6.2496223958333275	72.9598391871073
6.349622395833327	74.13347918710726
6.449622395833327	75.3071191871072
6.549622395833326	76.48075918710713
6.649622395833326	77.65439918710695
6.749622395833326	78.82803918710685
6.849622395833325	80.00167918710672
6.949622395833325	81.17531918710635
7.049622395833325	82.34895918710625
7.149622395833324	83.52259918710595
7.249622395833324	84.69623918710568
7.3496223958333236	85.86987918710541
7.449622395833323	87.043519187105
7.549622395833323	88.2171591871047
7.6496223958333225	89.39079918710422
7.749622395833322	90.56443918710373
7.849622395833322	91.73807918710324
7.949622395833321	92.9117191871028
8.049622395833321	94.08535918710223
8.14962239583332	95.2589991871019
8.24962239583332	96.43263918710151
8.34962239583332	97.60627918710107
8.44962239583332	98.77991918710097
8.54962239583332	99.95355918710057
8.649622395833319	101.12719918710046
8.749622395833319	102.30083918710012
8.849622395833318	103.47447918710019
8.949622395833318	104.64811918710018
9.049622395833318	105.82175918710008
9.149622395833317	106.99539918709999
9.249622395833317	108.1690391871
9.349622395833316	109.34267918710003
9.449622395833316	110.5163191871002
9.549622395833316	111.68995918710006
9.649622395833315	112.86359918710018
9.749622395833315	114.03723918710004
9.849622395833315	115.21087918710035
9.949622395833314	116.38451918710018
10.049622395833314	117.55815918710002
10.149622395833314	118.7317991871001
10.249622395833313	119.90543918710017
10.349622395833313	121.07907918710026
10.449622395833313	122.25271918710023
10.549622395833312	123.42635918710037
10.649622395833312	124.59999918710024
10.749622395833311	125.7736391871004
10.849622395833311	126.94727918710029
10.94962239583331	128.12091918710038
11.04962239583331	129.29455918710028
11.14962239583331	130.46819918710023
11.24962239583331	131.47330006314192
11.34962239583331	132.45010006314195
11.449622395833309	133.42690006314214
11.549622395833309	134.403700063142
11.649622395833308	135.38050006314185
11.749622395833308	136.35730006314196
11.849622395833308	137.33410006314207
11.949622395833307	138.31090006314213
12.049622395833307	139.31718829230866
12.149622395833306	140.32358829230873
12.249622395833306	141.32998829230868
12.349622395833306	142.33638829230898
12.449622395833305	143.34278829230868
12.549622395833305	144.34918829230872
12.56	144.45362850064265
1000012.56	144.45362850064265
