-100000	0
0	0
0.0033333333333333335	0.03294145295576976
0.008333333333333333	0.08301943381652672
0.01583333333333333	0.15896158552146855
0.02708333333333333	0.27418605238998245
0.043958333333333335	0.44918368049137697
0.06927083333333334	0.7153194387013201
0.10723958333333333	1.1205760348424045
0.16419270833333333	1.7389552232904844
0.24962239583333334	2.6834859697501208
0.3496223958333333	3.8078020056970927
0.4496223958333333	4.946774941370099
0.5496223958333333	6.096594989019537
0.6496223958333333	7.254519488953262
0.7496223958333332	8.418441570830915
0.8496223958333332	9.586663290239
0.9496223958333332	10.757793384032645
1.0496223958333333	11.930639001737813
1.1496223958333334	13.10418936098078
1.2496223958333335	14.277829360980839
1.3496223958333335	15.45146936098089
1.4496223958333336	16.62510936098083
1.5496223958333337	17.79874936098085
1.6496223958333338	18.972389360980916
1.749622395833334	20.146029360980872
1.849622395833334	21.31966936098093
1.949622395833334	22.49330936098097
2.049622395833334	23.666949360980965
2.149622395833334	24.84058936098098
2.249622395833334	26.01422936098104
2.349622395833334	27.187869360980944
2.4496223958333343	28.361509360980982
2.5496223958333344	29.535149360981006
2.6496223958333345	30.708789360981058
2.7496223958333346	31.882429360981106
2.8496223958333347	33.056069360981105
2.9496223958333347	34.22970936098102
3.049622395833335	35.40334936098104
3.149622395833335	36.57698936098108
3.249622395833335	37.750629360981186
3.349622395833335	38.92426936098115
3.449622395833335	40.097909360981134
3.5496223958333353	41.271549360981204
3.6496223958333354	42.44518936098119
3.7496223958333355	43.618829360981174
3.8496223958333355	44.792469360981244
3.9496223958333356	45.96610936098121
4.049622395833335	47.13974936098121
4.149622395833335	48.31338936098125
4.249622395833335	49.487029360981296
4.349622395833334	50.66066936098132
4.449622395833334	51.83430936098129
4.5496223958333335	53.00794936098131
4.649622395833333	54.18158936098127
4.749622395833333	55.35522936098143
4.849622395833332	56.528869360981446
4.949622395833332	57.7025093609814
5.049622395833332	58.876149360981316
5.149622395833331	60.04978936098139
5.249622395833331	61.223429360981406
5.349622395833331	62.397069360981334
5.44962239583333	63.57070936098136
5.54962239583333	64.74434936098152
5.64962239583333	65.91798936098135
5.749622395833329	67.0916293609814
5.849622395833329	68.2652693609814
5.9496223958333285	69.43890936098137
6.049622395833328	70.61254936098136
6.149622395833328	71.78618936098131
6.2496223958333275	72.95982936098143
6.349622395833327	74.13346936098138
6.449622395833327	75.30710936098144
6.549622395833326	76.48074936098133
6.649622395833326	77.65438936098123
6.749622395833326	78.82802936098109
6.849622395833325	80.00166936098084
6.949622395833325	81.17530936098072
7.049622395833325	82.34894936098037
7.149622395833324	83.52258936098023
7.249622395833324	84.69622936097986
7.3496223958333236	85.86986936097959
7.449622395833323	87.04350936097919
7.549622395833323	88.21714936097884
7.6496223958333225	89.39078936097853
7.749622395833322	90.56442936097811
7.849622395833322	91.73806936097746
7.949622395833321	92.91170936097704
8.049622395833321	94.08534936097648
8.14962239583332	95.25898936097619
8.24962239583332	96.4326293609758
8.34962239583332	97.60626936097535
8.44962239583332	98.77990936097503
8.54962239583332	99.95354936097492
8.649622395833319	101.12718936097464
8.749622395833319	102.30082936097446
8.849622395833318	103.4744693609744
8.949622395833318	104.64810936097436
9.049622395833318	105.8217493609743
9.149622395833317	106.99538936097436
9.249622395833317	108.16902936097432
9.349622395833316	109.34266936097448
9.449622395833316	110.51630936097435
9.549622395833316	111.6899493609744
9.649622395833315	112.8635893609743
9.749622395833315	114.03722936097432
9.849622395833315	115.21086936097436
9.949622395833314	116.38450936097448
10.049622395833314	117.55814936097437
10.149622395833314	118.73178936097437
10.249622395833313	119.90542936097435
10.349622395833313	121.07906936097444
10.449622395833313	122.25270936097452
10.549622395833312	123.42634936097437
10.649622395833312	124.59998936097433
10.749622395833311	125.7736293609745
10.849622395833311	126.94726936097452
10.94962239583331	128.12090936097437
11.04962239583331	129.29454936097463
11.14962239583331	130.46818936097443
11.24962239583331	131.47329023701624
11.34962239583331	132.45009023701635
11.449622395833309	133.4268902370163
11.549622395833309	134.40369023701612
11.649622395833308	135.38049023701632
11.749622395833308	136.35729023701626
11.849622395833308	137.33409023701634
11.949622395833307	138.3108902370163
12.049622395833307	139.317178466183
12.149622395833306	140.32357846618314
12.249622395833306	141.32997846618323
12.349622395833306	142.33637846618302
12.449622395833305	143.34277846618306
12.549622395833305	144.34917846618322
12.56	144.45361867451675
1000012.56	144.45361867451675
