-100000	0
0	0
0.0033333333333333335	0.03294135065332843
0.008333333333333333	0.08301918035848549
0.01583333333333333	0.15896110956380663
0.02708333333333333	0.2741852511447099
0.043958333333333335	0.4491824094435313
0.06927083333333334	0.7153174996587572
0.10723958333333333	1.120573182270819
0.16419270833333333	1.7389511461020146
0.24962239583333334	2.6834803627466095
0.3496223958333333	3.8077950098718243
0.4496223958333333	4.946766922365826
0.5496223958333333	6.0965862375459325
0.6496223958333333	7.2545102392131655
0.7496223958333332	8.418432004962263
0.8496223958333332	9.586653553489507
0.9496223958333332	10.757783568298892
1.0496223958333333	11.93062916392196
1.1496223958333334	13.104179521397107
1.2496223958333335	14.277819521397102
1.3496223958333335	15.451459521397087
1.4496223958333336	16.625099521397093
1.5496223958333337	17.798739521397096
1.6496223958333338	18.97237952139709
1.749622395833334	20.146019521397076
1.849622395833334	21.319659521397057
1.949622395833334	22.493299521397052
2.049622395833334	23.666939521397072
2.149622395833334	24.840579521397007
2.249622395833334	26.014219521397095
2.349622395833334	27.187859521397037
2.4496223958333343	28.361499521397025
2.5496223958333344	29.535139521397042
2.6496223958333345	30.708779521397062
2.7496223958333346	31.88241952139706
2.8496223958333347	33.05605952139709
2.9496223958333347	34.229699521397016
3.049622395833335	35.40333952139705
3.149622395833335	36.57697952139711
3.249622395833335	37.750619521396985
3.349622395833335	38.92425952139707
3.449622395833335	40.09789952139706
3.5496223958333353	41.271539521396946
3.6496223958333354	42.445179521396994
3.7496223958333355	43.61881952139691
3.8496223958333355	44.79245952139709
3.9496223958333356	45.96609952139693
4.049622395833335	47.139739521397004
4.149622395833335	48.31337952139695
4.249622395833335	49.48701952139697
4.349622395833334	50.66065952139694
4.449622395833334	51.83429952139702
4.5496223958333335	53.00793952139694
4.649622395833333	54.18157952139702
4.749622395833333	55.35521952139688
4.849622395833332	56.52885952139696
4.949622395833332	57.7024995213969
5.049622395833332	58.87613952139686
5.149622395833331	60.04977952139688
5.249622395833331	61.22341952139679
5.349622395833331	62.39705952139696
5.44962239583333	63.57069952139688
5.54962239583333	64.74433952139684
5.64962239583333	65.9179795213969
5.749622395833329	67.0916195213969
5.849622395833329	68.2652595213969
5.9496223958333285	69.43889952139685
6.049622395833328	70.61253952139694
6.149622395833328	71.78617952139696
6.2496223958333275	72.95981952139682
6.349622395833327	74.13345952139676
6.449622395833327	75.30709952139672
6.549622395833326	76.4807395213965
6.649622395833326	77.65437952139652
6.749622395833326	78.82801952139634
6.849622395833325	80.00165952139623
6.949622395833325	81.17529952139596
7.049622395833325	82.3489395213958
7.149622395833324	83.52257952139536
7.249622395833324	84.69621952139525
7.3496223958333236	85.86985952139506
7.449622395833323	87.0434995213944
7.549622395833323	88.21713952139412
7.6496223958333225	89.3907795213937
7.749622395833322	90.56441952139342
7.849622395833322	91.73805952139276
7.949622395833321	92.9116995213923
8.049622395833321	94.0853395213918
8.14962239583332	95.25897952139127
8.24962239583332	96.43261952139093
8.34962239583332	97.60625952139058
8.44962239583332	98.77989952139033
8.54962239583332	99.95353952138991
8.649622395833319	101.12717952138969
8.749622395833319	102.30081952138956
8.849622395833318	103.47445952138936
8.949622395833318	104.64809952138927
9.049622395833318	105.8217395213893
9.149622395833317	106.99537952138918
9.249622395833317	108.16901952138932
9.349622395833316	109.34265952138912
9.449622395833316	110.51629952138933
9.549622395833316	111.68993952138915
9.649622395833315	112.86357952138908
9.749622395833315	114.03721952138903
9.849622395833315	115.21085952138925
9.949622395833314	116.38449952138927
10.049622395833314	117.55813952138932
10.149622395833314	118.7317795213892
10.249622395833313	119.90541952138906
10.349622395833313	121.07905952138913
10.449622395833313	122.2526995213891
10.549622395833312	123.42633952138904
10.649622395833312	124.59997952138889
10.749622395833311	125.7736195213891
10.849622395833311	126.9472595213892
10.94962239583331	128.12089952138922
11.04962239583331	129.294539521389
11.14962239583331	130.46817952138912
11.24962239583331	131.47328039743067
11.34962239583331	132.45008039743078
11.449622395833309	133.4268803974307
11.549622395833309	134.40368039743078
11.649622395833308	135.3804803974309
11.749622395833308	136.35728039743086
11.849622395833308	137.33408039743054
11.949622395833307	138.31088039743082
12.049622395833307	139.31716862659746
12.149622395833306	140.32356862659734
12.249622395833306	141.32996862659724
12.349622395833306	142.33636862659725
12.449622395833305	143.34276862659718
12.549622395833305	144.34916862659733
12.56	144.45360883493103
1000012.56	144.45360883493103
