-100000	0
0	0
0.0033333333333333335	0.03293989995842967
0.008333333333333333	0.0830189268672043
0.01583333333333333	0.1589606334990245
0.02708333333333333	0.27418444966109734
0.043958333333333335	0.44918113795112236
0.06927083333333334	0.7153155598562758
0.10723958333333333	1.1205703278953645
0.16419270833333333	1.73894706595037
0.24962239583333334	2.6834747512009987
0.3496223958333333	3.8077880082488695
0.4496223958333333	4.946758895480301
0.5496223958333333	6.096577476768659
0.6496223958333333	7.2545009787913655
0.7496223958333332	8.418422427199157
0.8496223958333332	9.586643804326304
0.9496223958333332	10.757773739401413
1.0496223958333333	11.930619312722182
1.1496223958333334	13.10416966835584
1.2496223958333335	14.277809668355852
1.3496223958333335	15.451449668355863
1.4496223958333336	16.62508966835589
1.5496223958333337	17.798729668355886
1.6496223958333338	18.972369668355945
1.749622395833334	20.146009668355934
1.849622395833334	21.31964966835595
1.949622395833334	22.49328966835594
2.049622395833334	23.666929668355966
2.149622395833334	24.840569668355972
2.249622395833334	26.014209668356013
2.349622395833334	27.187849668356037
2.4496223958333343	28.361489668356057
2.5496223958333344	29.53512966835608
2.6496223958333345	30.70876966835603
2.7496223958333346	31.882409668356104
2.8496223958333347	33.05604966835607
2.9496223958333347	34.22968966835613
3.049622395833335	35.403329668356065
3.149622395833335	36.57696966835606
3.249622395833335	37.75060966835612
3.349622395833335	38.92424966835611
3.449622395833335	40.09788966835615
3.5496223958333353	41.27152966835628
3.6496223958333354	42.4451696683562
3.7496223958333355	43.618809668356235
3.8496223958333355	44.79244966835622
3.9496223958333356	45.966089668356226
4.049622395833335	47.13972966835628
4.149622395833335	48.31336966835631
4.249622395833335	49.487009668356244
4.349622395833334	50.660649668356314
4.449622395833334	51.834289668356305
4.5496223958333335	53.007929668356276
4.649622395833333	54.18156966835624
4.749622395833333	55.35520966835631
4.849622395833332	56.52884966835638
4.949622395833332	57.702489668356385
5.049622395833332	58.87612966835632
5.149622395833331	60.049769668356255
5.249622395833331	61.22340966835641
5.349622395833331	62.397049668356274
5.44962239583333	63.57068966835641
5.54962239583333	64.74432966835646
5.64962239583333	65.91796966835632
5.749622395833329	67.09160966835631
5.849622395833329	68.26524966835652
5.9496223958333285	69.43888966835637
6.049622395833328	70.61252966835639
6.149622395833328	71.78616966835644
6.2496223958333275	72.95980966835644
6.349622395833327	74.13344966835659
6.449622395833327	75.30708966835645
6.549622395833326	76.4807296683564
6.649622395833326	77.65436966835644
6.749622395833326	78.8280096683562
6.849622395833325	80.00164966835601
6.949622395833325	81.17528966835582
7.049622395833325	82.34892966835588
7.149622395833324	83.52256966835549
7.249622395833324	84.69620966835524
7.3496223958333236	85.86984966835492
7.449622395833323	87.04348966835461
7.549622395833323	88.21712966835422
7.6496223958333225	89.39076966835377
7.749622395833322	90.56440966835349
7.849622395833322	91.73804966835306
7.949622395833321	92.9116896683524
8.049622395833321	94.08532966835192
8.14962239583332	95.2589696683515
8.24962239583332	96.43260966835116
8.34962239583332	97.60624966835076
8.44962239583332	98.7798896683504
8.54962239583332	99.9535296683502
8.649622395833319	101.1271696683501
8.749622395833319	102.30080966834988
8.849622395833318	103.47444966834973
8.949622395833318	104.64808966834963
9.049622395833318	105.82172966834975
9.149622395833317	106.9953696683496
9.249622395833317	108.16900966834976
9.349622395833316	109.34264966834975
9.449622395833316	110.51628966834976
9.549622395833316	111.68992966834983
9.649622395833315	112.86356966834975
9.749622395833315	114.03720966834976
9.849622395833315	115.21084966834971
9.949622395833314	116.38448966834974
10.049622395833314	117.55812966834968
10.149622395833314	118.73176966834986
10.249622395833313	119.90540966834969
10.349622395833313	121.07904966834994
10.449622395833313	122.25268966834993
10.549622395833312	123.42632966834985
10.649622395833312	124.59996966834994
10.749622395833311	125.77360966834986
10.849622395833311	126.9472496683498
10.94962239583331	128.12088966834983
11.04962239583331	129.29452966834987
11.14962239583331	130.46816966834984
11.24962239583331	131.4732705443917
11.34962239583331	132.45007054439168
11.449622395833309	133.42687054439168
11.549622395833309	134.40367054439167
11.649622395833308	135.38047054439136
11.749622395833308	136.3572705443915
11.849622395833308	137.33407054439166
11.949622395833307	138.31087054439152
12.049622395833307	139.31715877355828
12.149622395833306	140.3235587735584
12.249622395833306	141.32995877355842
12.349622395833306	142.3363587735582
12.449622395833305	143.3427587735582
12.549622395833305	144.3491587735583
12.56	144.45359898189187
1000012.56	144.45359898189187
