-100000	0
0	0
0.0033333333333333335	0.0329387104618981
0.008333333333333333	0.08301867334267805
0.01583333333333333	0.1589601573271163
0.02708333333333333	0.27418364793912936
0.043958333333333335	0.44917986601412596
0.06927083333333334	0.715313619293841
0.10723958333333333	1.120567471715984
0.16419270833333333	1.7389429828354876
0.24962239583333334	2.68346913511315
0.3496223958333333	3.807781000828023
0.4496223958333333	4.946750860713283
0.5496223958333333	6.096568706687408
0.6496223958333333	7.254491707687478
0.7496223958333332	8.418412837541165
0.8496223958333332	9.586634042748793
0.9496223958333332	10.757763897339668
1.0496223958333333	11.930609448137828
1.1496223958333334	13.104159801856337
1.2496223958333335	14.277799801856297
1.3496223958333335	15.45143980185634
1.4496223958333336	16.62507980185636
1.5496223958333337	17.798719801856375
1.6496223958333338	18.972359801856417
1.749622395833334	20.145999801856394
1.849622395833334	21.31963980185641
1.949622395833334	22.49327980185644
2.049622395833334	23.66691980185646
2.149622395833334	24.840559801856454
2.249622395833334	26.014199801856464
2.349622395833334	27.18783980185655
2.4496223958333343	28.361479801856472
2.5496223958333344	29.535119801856528
2.6496223958333345	30.70875980185651
2.7496223958333346	31.88239980185653
2.8496223958333347	33.05603980185656
2.9496223958333347	34.229679801856506
3.049622395833335	35.40331980185657
3.149622395833335	36.57695980185658
3.249622395833335	37.750599801856644
3.349622395833335	38.924239801856636
3.449622395833335	40.09787980185667
3.5496223958333353	41.27151980185671
3.6496223958333354	42.445159801856676
3.7496223958333355	43.6187998018567
3.8496223958333355	44.792439801856744
3.9496223958333356	45.966079801856786
4.049622395833335	47.13971980185686
4.149622395833335	48.31335980185672
4.249622395833335	49.48699980185679
4.349622395833334	50.660639801856746
4.449622395833334	51.8342798018568
4.5496223958333335	53.00791980185685
4.649622395833333	54.181559801856814
4.749622395833333	55.35519980185685
4.849622395833332	56.528839801856876
4.949622395833332	57.70247980185687
5.049622395833332	58.876119801856895
5.149622395833331	60.04975980185697
5.249622395833331	61.223399801857084
5.349622395833331	62.39703980185699
5.44962239583333	63.57067980185695
5.54962239583333	64.74431980185705
5.64962239583333	65.91795980185698
5.749622395833329	67.09159980185687
5.849622395833329	68.26523980185709
5.9496223958333285	69.43887980185687
6.049622395833328	70.61251980185706
6.149622395833328	71.7861598018568
6.2496223958333275	72.959799801857
6.349622395833327	74.13343980185692
6.449622395833327	75.30707980185689
6.549622395833326	76.48071980185688
6.649622395833326	77.65435980185687
6.749622395833326	78.82799980185668
6.849622395833325	80.00163980185668
6.949622395833325	81.17527980185646
7.049622395833325	82.34891980185643
7.149622395833324	83.52255980185595
7.249622395833324	84.69619980185584
7.3496223958333236	85.8698398018555
7.449622395833323	87.04347980185513
7.549622395833323	88.21711980185489
7.6496223958333225	89.39075980185447
7.749622395833322	90.56439980185394
7.849622395833322	91.73803980185347
7.949622395833321	92.91167980185301
8.049622395833321	94.08531980185245
8.14962239583332	95.25895980185213
8.24962239583332	96.43259980185174
8.34962239583332	97.60623980185144
8.44962239583332	98.77987980185115
8.54962239583332	99.9535198018508
8.649622395833319	101.1271598018506
8.749622395833319	102.30079980185045
8.849622395833318	103.4744398018504
8.949622395833318	104.64807980185034
9.049622395833318	105.8217198018504
9.149622395833317	106.99535980185019
9.249622395833317	108.1689998018502
9.349622395833316	109.34263980185031
9.449622395833316	110.51627980185027
9.549622395833316	111.68991980185034
9.649622395833315	112.86355980185041
9.749622395833315	114.03719980185033
9.849622395833315	115.21083980185036
9.949622395833314	116.38447980185032
10.049622395833314	117.55811980185032
10.149622395833314	118.73175980185036
10.249622395833313	119.90539980185028
10.349622395833313	121.07903980185039
10.449622395833313	122.25267980185058
10.549622395833312	123.42631980185055
10.649622395833312	124.59995980185035
10.749622395833311	125.77359980185047
10.849622395833311	126.9472398018506
10.94962239583331	128.12087980185035
11.04962239583331	129.2945198018504
11.14962239583331	130.4681598018505
11.24962239583331	131.47326067789214
11.34962239583331	132.45006067789222
11.449622395833309	133.42686067789225
11.549622395833309	134.40366067789216
11.649622395833308	135.38046067789216
11.749622395833308	136.35726067789213
11.849622395833308	137.33406067789213
11.949622395833307	138.31086067789246
12.049622395833307	139.3171489070589
12.149622395833306	140.323548907059
12.249622395833306	141.32994890705902
12.349622395833306	142.3363489070591
12.449622395833305	143.342748907059
12.549622395833305	144.34914890705878
12.56	144.45358911539245
1000012.56	144.45358911539245
