-100000	0
5.530433105468749	0
5.533766438802082	0.0000009351307876554037
5.538766438802082	0.000008830163908909073
5.546266438802082	0.00004804446522517721
5.557516438802082	0.000211556965903769
5.574391438802082	0.0008379080895932232
5.599703938802082	0.0031246331357539753
5.637672688802082	0.011149856512455729
5.694625813802082	0.03699143108111156
5.780055501302082	0.10609407779395993
5.880055501302081	0.2291831739754713
5.980055501302081	0.39349183333605126
6.0800555013020805	0.5953349189164097
6.18005550130208	0.8315692153294085
6.28005550130208	1.0996197021269878
6.380055501302079	1.3972433983759098
6.480055501302079	1.7224927342603438
6.580055501302079	2.0737585221610133
6.680055501302078	2.449404502645606
6.780055501302078	2.8480685994908788
6.880055501302078	3.268514037245018
6.980055501302077	3.7095978206218723
7.080055501302077	4.170255529376148
7.180055501302077	4.649551398405144
7.280055501302076	5.146591177860424
7.380055501302076	5.660532653926802
7.4800555013020755	6.190602741797331
7.580055501302075	6.735988453770972
7.680055501302075	7.2961448641408655
7.7800555013020745	7.87030842361286
7.880055501302074	8.457964258379043
7.980055501302074	9.05850280608331
8.080055501302073	9.671333726218498
8.180055501302073	10.296053460119051
8.280055501302073	10.932045393298301
8.380055501302072	11.578981796238635
8.480055501302072	12.236290896158925
8.580055501302072	12.903685859827455
8.680055501302071	13.580649422046656
8.780055501302071	14.266910830317906
8.88005550130207	14.96202295726081
8.98005550130207	15.665715893703036
9.08005550130207	16.377610971216747
9.18005550130207	17.097415878086135
9.28005550130207	17.82486627668846
9.380055501302069	18.559607364386498
9.480055501302068	19.301478337152805
9.580055501302068	20.050067062687383
9.680055501302068	20.805286176391814
9.780055501302067	21.566901391502412
9.880055501302067	22.334698641615653
9.980055501302067	23.108488763908525
10.080055501302066	23.888109576211395
10.180055501302066	24.673373946098394
10.280055501302066	25.46408683129101
10.380055501302065	26.26007775341061
10.480055501302065	27.06115745034721
10.580055501302065	27.867128432481696
10.680055501302064	28.67781857379744
10.780055501302064	29.4930249272777
10.880055501302063	30.3125513537751
10.980055501302063	31.136217368317144
11.080055501302063	31.963806065078238
11.180055501302062	32.79512879816596
11.280055501302062	33.62998591370696
11.380055501302062	34.468155615888534
11.480055501302061	35.30945199348741
11.580055501302061	36.15365417729354
11.68005550130206	37.000544126881124
11.78005550130206	37.84992965674736
11.88005550130206	38.701572891601664
11.98005550130206	39.55529420950713
12.08005550130206	40.4108496131295
12.180055501302059	41.26801937065344
12.280055501302058	42.12658420728442
12.380055501302058	42.98632670679743
12.480055501302058	43.8470202497609
12.580055501302057	44.708446269479516
12.680055501302057	45.57037809117844
12.780055501302057	46.04228967139549
12.880055501302056	46.31228966297459
12.980055501302056	46.58228965455378
13.080055501302056	46.85228964613291
13.180055501302055	47.12228963771191
13.280055501302055	47.392289629291035
13.380055501302055	47.66228962087018
13.480055501302054	47.932289612449345
13.580055501302054	48.2022896040284
13.680055501302054	48.472289595607535
13.780055501302053	48.742289587186576
13.880055501302053	49.01228957876577
13.980055501302052	49.28228948341569
14.080055501302052	49.552289466584895
14.180055501302052	49.8222894497541
14.280055501302051	50.09228941834812
14.380055501302051	50.362289377166945
14.48005550130205	50.632289265080296
14.58005550130205	50.90228924735427
14.68005550130205	51.17228922962795
14.78005550130205	51.442289211901944
14.88005550130205	51.712289194175774
14.980055501302049	51.982289277105316
15.080055501302049	52.25228926711277
15.180055501302048	52.52228925712022
15.280055501302048	52.79228924712767
15.380055501302047	53.06228923713511
15.480055501302047	53.332289227142496
15.580055501302047	53.60228921714989
15.680055501302046	53.87228920715734
15.780055501302046	54.142289197164764
15.880055501302046	54.41228898907966
15.980055501302045	54.68228897159033
16.080055501302045	54.952288954100815
16.180055501302046	55.222288936611704
16.280055501302048	55.49228891912225
16.38005550130205	55.762288241581246
16.48005550130205	56.03228823102891
16.580055501302052	56.302288220476456
16.680055501302054	56.57228828333347
16.780055501302055	56.84228826252025
16.880055501302056	57.11228824170716
16.980055501302058	57.38228822089392
17.08005550130206	57.652288200080726
17.18005550130206	57.922288182855226
17.280055501302062	58.19228816274885
17.380055501302063	58.46228814264237
17.480055501302065	58.73228812253603
17.580055501302066	59.00228810242974
17.680055501302068	59.27228808232337
17.78005550130207	59.54228806221696
17.88005550130207	59.81228804211067
17.980055501302072	60.082288022004214
18.080055501302073	60.35228754142651
18.180055501302075	60.62228750914115
18.280055501302076	60.892287476676415
18.380055501302078	61.16228744421144
18.48005550130208	61.43228769067794
18.58005550130208	61.70228766684668
18.680055501302082	61.97228764301553
18.780055501302083	62.2422876191844
18.880055501302085	62.512287595353285
18.980055501302086	62.782287571522026
19.080055501302088	63.05228754769088
19.18005550130209	63.3222875238597
19.28005550130209	63.59228779718437
19.380055501302092	63.862287782505064
19.480055501302093	64.13228776782573
19.580055501302095	64.40228775314638
19.680055501302096	64.67228773846696
19.780055501302098	64.94228772378776
19.8800555013021	65.21228739932441
19.9800555013021	65.48228738674383
20.080055501302102	65.75228737416312
20.180055501302103	66.02228736158244
20.280055501302105	66.29228734900178
20.380055501302106	66.56228733642111
20.480055501302108	66.83228732384036
20.58005550130211	67.10228731125969
20.68005550130211	67.37228729867911
20.78005550130211	67.6422872860984
20.880055501302113	67.91228727351763
20.980055501302115	68.18228726093707
21.080055501302116	68.45228724835627
21.180055501302117	68.72228723577554
21.28005550130212	68.99228722319494
21.38005550130212	69.26228721061433
21.48005550130212	69.53228719803371
21.580055501302123	69.80228718545293
21.680055501302125	70.07228717287214
21.780055501302126	70.34228716029158
21.880055501302127	70.61228714771087
21.98005550130213	70.88228713513018
22.08005550130213	71.1522871225495
22.18005550130213	71.42228710996879
22.280055501302133	71.69228709738815
22.380055501302135	71.96228708480756
22.480055501302136	72.2322870722268
22.580055501302137	72.50228705964616
22.68005550130214	72.77228704706557
22.78005550130214	73.04228703448476
22.88005550130214	73.31228702190411
22.980055501302143	73.58228700932345
23.080055501302144	73.85228699674278
23.180055501302146	74.12228698416219
23.280055501302147	74.3922869715814
23.38005550130215	74.66228695900078
23.45	74.85113782243343
1000023.45	74.85113782243343
