-100000	0
0	0
0.0033333333333333335	0.03294308418476108
0.008333333333333333	0.08301841978490886
0.01583333333333333	0.1589596810480821
0.02708333333333333	0.2741828459788125
0.043958333333333335	0.44917859363255086
0.06927083333333334	0.7153116779714674
0.10723958333333333	1.1205646137326983
0.16419270833333333	1.7389388967573771
0.24962239583333334	2.6834635144831087
0.3496223958333333	3.80777398760937
0.4496223958333333	4.946742818064865
0.5496223958333333	6.096559927302269
0.6496223958333333	7.25448242590161
0.7496223958333332	8.418403235988439
0.8496223958333332	9.586624268757214
0.9496223958333332	10.757754042113781
1.0496223958333333	11.930599570169132
1.1496223958333334	13.104149921898795
1.2496223958333335	14.277789921898831
1.3496223958333335	15.451429921898843
1.4496223958333336	16.625069921898863
1.5496223958333337	17.798709921898855
1.6496223958333338	18.972349921898907
1.749622395833334	20.145989921898927
1.849622395833334	21.319629921898905
1.949622395833334	22.493269921898975
2.049622395833334	23.666909921898966
2.149622395833334	24.84054992189895
2.249622395833334	26.014189921899046
2.349622395833334	27.187829921899002
2.4496223958333343	28.36146992189902
2.5496223958333344	29.53510992189904
2.6496223958333345	30.70874992189913
2.7496223958333346	31.882389921899062
2.8496223958333347	33.05602992189915
2.9496223958333347	34.22966992189924
3.049622395833335	35.40330992189913
3.149622395833335	36.57694992189919
3.249622395833335	37.750589921899184
3.349622395833335	38.92422992189917
3.449622395833335	40.097869921899274
3.5496223958333353	41.271509921899245
3.6496223958333354	42.44514992189925
3.7496223958333355	43.61878992189924
3.8496223958333355	44.792429921899256
3.9496223958333356	45.966069921899255
4.049622395833335	47.139709921899275
4.149622395833335	48.31334992189934
4.249622395833335	49.48698992189934
4.349622395833334	50.66062992189939
4.449622395833334	51.8342699218994
4.5496223958333335	53.00790992189934
4.649622395833333	54.18154992189944
4.749622395833333	55.355189921899424
4.849622395833332	56.52882992189951
4.949622395833332	57.70246992189933
5.049622395833332	58.87610992189935
5.149622395833331	60.04974992189945
5.249622395833331	61.223389921899475
5.349622395833331	62.3970299218995
5.44962239583333	63.57066992189949
5.54962239583333	64.74430992189944
5.64962239583333	65.91794992189952
5.749622395833329	67.09158992189958
5.849622395833329	68.26522992189955
5.9496223958333285	69.43886992189945
6.049622395833328	70.61250992189957
6.149622395833328	71.78614992189952
6.2496223958333275	72.95978992189958
6.349622395833327	74.13342992189945
6.449622395833327	75.30706992189943
6.549622395833326	76.48070992189945
6.649622395833326	77.6543499218994
6.749622395833326	78.8279899218995
6.849622395833325	80.00162992189937
6.949622395833325	81.1752699218992
7.049622395833325	82.34890992189892
7.149622395833324	83.52254992189876
7.249622395833324	84.69618992189842
7.3496223958333236	85.8698299218982
7.449622395833323	87.04346992189784
7.549622395833323	88.2171099218976
7.6496223958333225	89.39074992189715
7.749622395833322	90.56438992189678
7.849622395833322	91.73802992189626
7.949622395833321	92.9116699218958
8.049622395833321	94.08530992189529
8.14962239583332	95.25894992189485
8.24962239583332	96.43258992189453
8.34962239583332	97.60622992189417
8.44962239583332	98.77986992189389
8.54962239583332	99.95350992189357
8.649622395833319	101.12714992189342
8.749622395833319	102.30078992189326
8.849622395833318	103.4744299218931
8.949622395833318	104.64806992189311
9.049622395833318	105.82170992189303
9.149622395833317	106.99534992189305
9.249622395833317	108.16898992189309
9.349622395833316	109.34262992189306
9.449622395833316	110.51626992189297
9.549622395833316	111.68990992189302
9.649622395833315	112.86354992189305
9.749622395833315	114.03718992189314
9.849622395833315	115.21082992189307
9.949622395833314	116.38446992189303
10.049622395833314	117.55810992189319
10.149622395833314	118.731749921893
10.249622395833313	119.90538992189299
10.349622395833313	121.07902992189305
10.449622395833313	122.25266992189317
10.549622395833312	123.4263099218931
10.649622395833312	124.59994992189323
10.749622395833311	125.77358992189313
10.849622395833311	126.9472299218932
10.94962239583331	128.1208699218931
11.04962239583331	129.29450992189308
11.14962239583331	130.46814992189306
11.24962239583331	131.47325079793484
11.34962239583331	132.4500507979351
11.449622395833309	133.4268507979348
11.549622395833309	134.40365079793514
11.649622395833308	135.38045079793503
11.749622395833308	136.35725079793497
11.849622395833308	137.33405079793508
11.949622395833307	138.31085079793513
12.049622395833307	139.31713902710152
12.149622395833306	140.32353902710173
12.249622395833306	141.32993902710152
12.349622395833306	142.33633902710164
12.449622395833305	143.34273902710186
12.549622395833305	144.3491390271017
12.56	144.45357923543517
1000012.56	144.45357923543517
