-100000	0
0	0
0.0033333333333333335	0.032942643227153755
0.008333333333333333	0.08301816619389431
0.01583333333333333	0.1589592046619204
0.02708333333333333	0.2741820437801386
0.043958333333333335	0.4491773208063902
0.06927083333333334	0.7153097358891349
0.10723958333333333	1.1205617539454797
0.16419270833333333	1.738934807716007
0.24962239583333334	2.6834578893108287
0.3496223958333333	3.8077669685928197
0.4496223958333333	4.946734767534906
0.5496223958333333	6.096551138613126
0.6496223958333333	7.254473133433629
0.7496223958333332	8.41839362254077
0.8496223958333332	9.586614482351424
0.9496223958333332	10.757744173723623
1.0496223958333333	11.930589678815815
1.1496223958333334	13.104140028483004
1.2496223958333335	14.277780028482988
1.3496223958333335	15.451420028482987
1.4496223958333336	16.62506002848299
1.5496223958333337	17.798700028482983
1.6496223958333338	18.972340028482986
1.749622395833334	20.14598002848295
1.849622395833334	21.31962002848297
1.949622395833334	22.493260028482986
2.049622395833334	23.66690002848293
2.149622395833334	24.84054002848292
2.249622395833334	26.01418002848291
2.349622395833334	27.18782002848292
2.4496223958333343	28.361460028482902
2.5496223958333344	29.53510002848297
2.6496223958333345	30.70874002848297
2.7496223958333346	31.88238002848292
2.8496223958333347	33.05602002848292
2.9496223958333347	34.2296600284829
3.049622395833335	35.40330002848284
3.149622395833335	36.57694002848287
3.249622395833335	37.75058002848286
3.349622395833335	38.92422002848287
3.449622395833335	40.097860028482934
3.5496223958333353	41.27150002848289
3.6496223958333354	42.44514002848283
3.7496223958333355	43.61878002848284
3.8496223958333355	44.79242002848289
3.9496223958333356	45.96606002848289
4.049622395833335	47.13970002848287
4.149622395833335	48.31334002848285
4.249622395833335	49.486980028482805
4.349622395833334	50.66062002848281
4.449622395833334	51.834260028482845
4.5496223958333335	53.00790002848289
4.649622395833333	54.181540028482786
4.749622395833333	55.35518002848274
4.849622395833332	56.52882002848277
4.949622395833332	57.70246002848283
5.049622395833332	58.876100028482824
5.149622395833331	60.04974002848285
5.249622395833331	61.223380028482744
5.349622395833331	62.39702002848273
5.44962239583333	63.57066002848276
5.54962239583333	64.74430002848271
5.64962239583333	65.91794002848263
5.749622395833329	67.09158002848268
5.849622395833329	68.26522002848266
5.9496223958333285	69.43886002848268
6.049622395833328	70.61250002848264
6.149622395833328	71.78614002848262
6.2496223958333275	72.95978002848254
6.349622395833327	74.1334200284825
6.449622395833327	75.30706002848254
6.549622395833326	76.48070002848259
6.649622395833326	77.65434002848242
6.749622395833326	78.82798002848237
6.849622395833325	80.00162002848236
6.949622395833325	81.1752600284821
7.049622395833325	82.3489000284819
7.149622395833324	83.52254002848166
7.249622395833324	84.69618002848145
7.3496223958333236	85.86982002848102
7.449622395833323	87.04346002848085
7.549622395833323	88.21710002848046
7.6496223958333225	89.39074002847993
7.749622395833322	90.56438002847973
7.849622395833322	91.73802002847913
7.949622395833321	92.91166002847856
8.049622395833321	94.0853000284781
8.14962239583332	95.25894002847777
8.24962239583332	96.4325800284773
8.34962239583332	97.60622002847691
8.44962239583332	98.77986002847666
8.54962239583332	99.95350002847648
8.649622395833319	101.12714002847619
8.749622395833319	102.30078002847608
8.849622395833318	103.47442002847573
8.949622395833318	104.64806002847565
9.049622395833318	105.8217000284756
9.149622395833317	106.99534002847558
9.249622395833317	108.16898002847573
9.349622395833316	109.34262002847572
9.449622395833316	110.51626002847554
9.549622395833316	111.6899000284756
9.649622395833315	112.86354002847555
9.749622395833315	114.0371800284754
9.849622395833315	115.21082002847567
9.949622395833314	116.38446002847553
10.049622395833314	117.55810002847552
10.149622395833314	118.7317400284754
10.249622395833313	119.90538002847542
10.349622395833313	121.07902002847548
10.449622395833313	122.2526600284756
10.549622395833312	123.4263000284753
10.649622395833312	124.59994002847527
10.749622395833311	125.77358002847522
10.849622395833311	126.94722002847537
10.94962239583331	128.12086002847525
11.04962239583331	129.2945000284754
11.14962239583331	130.46814002847532
11.24962239583331	131.47324090451696
11.34962239583331	132.4500409045171
11.449622395833309	133.42684090451704
11.549622395833309	134.40364090451695
11.649622395833308	135.38044090451677
11.749622395833308	136.35724090451686
11.849622395833308	137.33404090451683
11.949622395833307	138.31084090451685
12.049622395833307	139.31712913368358
12.149622395833306	140.32352913368354
12.249622395833306	141.32992913368355
12.349622395833306	142.33632913368342
12.449622395833305	143.34272913368335
12.549622395833305	144.3491291336836
12.56	144.453569342017
1000012.56	144.453569342017
