-100000	0
0	0
0.0033333333333333335	0.0329408387470073
0.008333333333333333	0.08301791256964111
0.01583333333333333	0.15895872816864068
0.02708333333333333	0.2741812413431266
0.043958333333333335	0.4491760475356707
0.06927083333333334	0.7153077930468932
0.10723958333333333	1.1205588923544008
0.16419270833333333	1.7389307157115033
0.24962239583333334	2.6834522595964647
0.3496223958333333	3.807759943778608
0.4496223958333333	4.946726709123755
0.5496223958333333	6.096542340620391
0.6496223958333333	7.254463830283999
0.7496223958333332	8.418382510293865
0.8496223958333332	9.586604683531856
0.9496223958333332	10.757734292169735
1.0496223958333333	11.930579774078655
1.1496223958333334	13.104130121609733
1.2496223958333335	14.277770121609773
1.3496223958333335	15.451410121609818
1.4496223958333336	16.625050121609792
1.5496223958333337	17.79869012160979
1.6496223958333338	18.97233012160983
1.749622395833334	20.145970121609874
1.849622395833334	21.319610121609863
1.949622395833334	22.493250121609886
2.049622395833334	23.666890121609914
2.149622395833334	24.840530121609888
2.249622395833334	26.01417012160991
2.349622395833334	27.187810121609942
2.4496223958333343	28.361450121609966
2.5496223958333344	29.535090121609954
2.6496223958333345	30.708730121609936
2.7496223958333346	31.882370121610034
2.8496223958333347	33.056010121610015
2.9496223958333347	34.22965012161002
3.049622395833335	35.403290121610034
3.149622395833335	36.57693012161003
3.249622395833335	37.75057012160996
3.349622395833335	38.924210121610095
3.449622395833335	40.097850121610094
3.5496223958333353	41.27149012161013
3.6496223958333354	42.44513012161017
3.7496223958333355	43.6187701216102
3.8496223958333355	44.792410121610246
3.9496223958333356	45.96605012161013
4.049622395833335	47.13969012161024
4.149622395833335	48.313330121610235
4.249622395833335	49.48697012161023
4.349622395833334	50.66061012161027
4.449622395833334	51.83425012161014
4.5496223958333335	53.00789012161034
4.649622395833333	54.181530121610294
4.749622395833333	55.355170121610364
4.849622395833332	56.528810121610306
4.949622395833332	57.70245012161028
5.049622395833332	58.87609012161024
5.149622395833331	60.04973012161039
5.249622395833331	61.22337012161025
5.349622395833331	62.39701012161035
5.44962239583333	63.570650121610285
5.54962239583333	64.74429012161033
5.64962239583333	65.91793012161034
5.749622395833329	67.09157012161027
5.849622395833329	68.26521012161044
5.9496223958333285	69.43885012161041
6.049622395833328	70.61249012161036
6.149622395833328	71.78613012161031
6.2496223958333275	72.95977012161036
6.349622395833327	74.13341012161048
6.449622395833327	75.30705012161052
6.549622395833326	76.48069012161052
6.649622395833326	77.65433012161044
6.749622395833326	78.82797012161038
6.849622395833325	80.00161012161038
6.949622395833325	81.17525012161016
7.049622395833325	82.34889012161001
7.149622395833324	83.52253012160983
7.249622395833324	84.69617012160954
7.3496223958333236	85.86981012160936
7.449622395833323	87.04345012160901
7.549622395833323	88.2170901216086
7.6496223958333225	89.3907301216083
7.749622395833322	90.56437012160788
7.849622395833322	91.73801012160749
7.949622395833321	92.91165012160697
8.049622395833321	94.08529012160653
8.14962239583332	95.25893012160597
8.24962239583332	96.43257012160566
8.34962239583332	97.6062101216053
8.44962239583332	98.77985012160495
8.54962239583332	99.95349012160463
8.649622395833319	101.12713012160455
8.749622395833319	102.30077012160426
8.849622395833318	103.4744101216042
8.949622395833318	104.64805012160417
9.049622395833318	105.82169012160408
9.149622395833317	106.99533012160404
9.249622395833317	108.16897012160402
9.349622395833316	109.34261012160411
9.449622395833316	110.51625012160402
9.549622395833316	111.6898901216042
9.649622395833315	112.86353012160407
9.749622395833315	114.03717012160422
9.849622395833315	115.21081012160411
9.949622395833314	116.38445012160416
10.049622395833314	117.55809012160424
10.149622395833314	118.73173012160414
10.249622395833313	119.90537012160418
10.349622395833313	121.07901012160413
10.449622395833313	122.2526501216043
10.549622395833312	123.42629012160401
10.649622395833312	124.59993012160433
10.749622395833311	125.77357012160437
10.849622395833311	126.94721012160433
10.94962239583331	128.12085012160432
11.04962239583331	129.29449012160407
11.14962239583331	130.4681301216043
11.24962239583331	131.47323099764597
11.34962239583331	132.4500309976459
11.449622395833309	133.4268309976461
11.549622395833309	134.40363099764596
11.649622395833308	135.38043099764604
11.749622395833308	136.35723099764624
11.849622395833308	137.3340309976461
11.949622395833307	138.31083099764618
12.049622395833307	139.31711922681257
12.149622395833306	140.3235192268125
12.249622395833306	141.3299192268128
12.349622395833306	142.33631922681283
12.449622395833305	143.34271922681268
12.549622395833305	144.34911922681272
12.56	144.45355943514642
1000012.56	144.45355943514642
