-100000	0
0	0
0.0033333333333333335	0.03294073633870813
0.008333333333333333	0.08301765891214284
0.01583333333333333	0.1589582515682328
0.02708333333333333	0.27418043866775854
0.043958333333333335	0.449174773820363
0.06927083333333334	0.7153058494446938
0.10723958333333333	1.1205560289593943
0.16419270833333333	1.7389266207437244
0.24962239583333334	2.683446625339867
0.3496223958333333	3.807752913166503
0.4496223958333333	4.946718642831092
0.5496223958333333	6.096533533323632
0.6496223958333333	7.254454516452239
0.7496223958333332	8.418373604418102
0.8496223958333332	9.5865948722981
0.9496223958333332	10.75772439745158
1.0496223958333333	11.930569855956977
1.1496223958333334	13.104120201278215
1.2496223958333335	14.27776020127825
1.3496223958333335	15.451400201278252
1.4496223958333336	16.625040201278253
1.5496223958333337	17.798680201278284
1.6496223958333338	18.972320201278272
1.749622395833334	20.14596020127832
1.849622395833334	21.3196002012783
1.949622395833334	22.493240201278354
2.049622395833334	23.66688020127833
2.149622395833334	24.840520201278338
2.249622395833334	26.014160201278358
2.349622395833334	27.187800201278414
2.4496223958333343	28.36144020127842
2.5496223958333344	29.535080201278415
2.6496223958333345	30.70872020127845
2.7496223958333346	31.882360201278434
2.8496223958333347	33.056000201278444
2.9496223958333347	34.22964020127848
3.049622395833335	35.40328020127852
3.149622395833335	36.57692020127853
3.249622395833335	37.75056020127856
3.349622395833335	38.924200201278545
3.449622395833335	40.097840201278515
3.5496223958333353	41.271480201278536
3.6496223958333354	42.44512020127864
3.7496223958333355	43.61876020127857
3.8496223958333355	44.79240020127858
3.9496223958333356	45.966040201278624
4.049622395833335	47.13968020127854
4.149622395833335	48.31332020127854
4.249622395833335	49.486960201278606
4.349622395833334	50.66060020127859
4.449622395833334	51.834240201278575
4.5496223958333335	53.00788020127865
4.649622395833333	54.18152020127863
4.749622395833333	55.35516020127859
4.849622395833332	56.52880020127864
4.949622395833332	57.70244020127868
5.049622395833332	58.876080201278604
5.149622395833331	60.04972020127866
5.249622395833331	61.22336020127884
5.349622395833331	62.39700020127881
5.44962239583333	63.57064020127877
5.54962239583333	64.74428020127874
5.64962239583333	65.91792020127882
5.749622395833329	67.09156020127874
5.849622395833329	68.26520020127884
5.9496223958333285	69.43884020127881
6.049622395833328	70.61248020127874
6.149622395833328	71.7861202012787
6.2496223958333275	72.95976020127885
6.349622395833327	74.13340020127883
6.449622395833327	75.30704020127891
6.549622395833326	76.48068020127894
6.649622395833326	77.65432020127889
6.749622395833326	78.82796020127896
6.849622395833325	80.00160020127879
6.949622395833325	81.17524020127863
7.049622395833325	82.34888020127855
7.149622395833324	83.52252020127844
7.249622395833324	84.69616020127812
7.3496223958333236	85.86980020127797
7.449622395833323	87.0434402012776
7.549622395833323	88.21708020127724
7.6496223958333225	89.39072020127695
7.749622395833322	90.56436020127632
7.849622395833322	91.73800020127598
7.949622395833321	92.91164020127546
8.049622395833321	94.08528020127501
8.14962239583332	95.25892020127465
8.24962239583332	96.43256020127417
8.34962239583332	97.60620020127382
8.44962239583332	98.7798402012735
8.54962239583332	99.95348020127317
8.649622395833319	101.12712020127316
8.749622395833319	102.3007602012729
8.849622395833318	103.47440020127264
8.949622395833318	104.64804020127266
9.049622395833318	105.82168020127256
9.149622395833317	106.99532020127266
9.249622395833317	108.16896020127253
9.349622395833316	109.34260020127262
9.449622395833316	110.51624020127244
9.549622395833316	111.68988020127257
9.649622395833315	112.86352020127273
9.749622395833315	114.0371602012726
9.849622395833315	115.21080020127253
9.949622395833314	116.38444020127265
10.049622395833314	117.55808020127265
10.149622395833314	118.73172020127271
10.249622395833313	119.90536020127274
10.349622395833313	121.0790002012726
10.449622395833313	122.25264020127271
10.549622395833312	123.42628020127256
10.649622395833312	124.59992020127271
10.749622395833311	125.77356020127274
10.849622395833311	126.94720020127276
10.94962239583331	128.12084020127267
11.04962239583331	129.29448020127265
11.14962239583331	130.4681202012729
11.24962239583331	131.47322107731446
11.34962239583331	132.45002107731446
11.449622395833309	133.4268210773147
11.549622395833309	134.40362107731426
11.649622395833308	135.3804210773145
11.749622395833308	136.35722107731436
11.849622395833308	137.33402107731465
11.949622395833307	138.31082107731444
12.049622395833307	139.31710930648114
12.149622395833306	140.32350930648104
12.249622395833306	141.32990930648114
12.349622395833306	142.33630930648133
12.449622395833305	143.3427093064812
12.549622395833305	144.3491093064815
12.56	144.45354951481482
1000012.56	144.45354951481482
