-100000	0
0	0
0.0033333333333333335	0.032940633927100046
0.008333333333333333	0.08301740522140083
0.01583333333333333	0.15895777486069987
0.02708333333333333	0.2741796357540405
0.043958333333333335	0.4491734996604766
0.06927083333333334	0.7153039050825502
0.10723958333333333	1.1205531637604782
0.16419270833333333	1.7389225228127405
0.24962239583333334	2.6834409865410684
0.3496223958333333	3.8077458767565835
0.4496223958333333	4.946710568657013
0.5496223958333333	6.09652471672302
0.6496223958333333	7.254445191938539
0.7496223958333332	8.418364711391282
0.8496223958333332	9.586585048650262
0.9496223958333332	10.757714489569315
1.0496223958333333	11.930559924450876
1.1496223958333334	13.104110267488682
1.2496223958333335	14.277750267488722
1.3496223958333335	15.451390267488724
1.4496223958333336	16.625030267488757
1.5496223958333337	17.798670267488767
1.6496223958333338	18.9723102674888
1.749622395833334	20.14595026748881
1.849622395833334	21.319590267488852
1.949622395833334	22.493230267488862
2.049622395833334	23.66687026748886
2.149622395833334	24.84051026748888
2.249622395833334	26.014150267488883
2.349622395833334	27.187790267488918
2.4496223958333343	28.361430267488892
2.5496223958333344	29.535070267488948
2.6496223958333345	30.708710267488943
2.7496223958333346	31.882350267489
2.8496223958333347	33.05599026748902
2.9496223958333347	34.22963026748898
3.049622395833335	35.40327026748903
3.149622395833335	36.57691026748906
3.249622395833335	37.75055026748912
3.349622395833335	38.92419026748904
3.449622395833335	40.097830267489094
3.5496223958333353	41.271470267489086
3.6496223958333354	42.4451102674891
3.7496223958333355	43.61875026748914
3.8496223958333355	44.79239026748908
3.9496223958333356	45.966030267489145
4.049622395833335	47.1396702674891
4.149622395833335	48.31331026748924
4.249622395833335	49.4869502674892
4.349622395833334	50.660590267489255
4.449622395833334	51.834230267489204
4.5496223958333335	53.00787026748924
4.649622395833333	54.18151026748931
4.749622395833333	55.355150267489265
4.849622395833332	56.52879026748918
4.949622395833332	57.70243026748926
5.049622395833332	58.8760702674893
5.149622395833331	60.04971026748932
5.249622395833331	61.22335026748934
5.349622395833331	62.39699026748941
5.44962239583333	63.57063026748935
5.54962239583333	64.74427026748936
5.64962239583333	65.91791026748929
5.749622395833329	67.09155026748931
5.849622395833329	68.26519026748933
5.9496223958333285	69.43883026748934
6.049622395833328	70.61247026748926
6.149622395833328	71.78611026748928
6.2496223958333275	72.9597502674894
6.349622395833327	74.13339026748926
6.449622395833327	75.30703026748947
6.549622395833326	76.48067026748944
6.649622395833326	77.65431026748938
6.749622395833326	78.82795026748931
6.849622395833325	80.00159026748928
6.949622395833325	81.17523026748935
7.049622395833325	82.34887026748912
7.149622395833324	83.5225102674889
7.249622395833324	84.69615026748892
7.3496223958333236	85.86979026748851
7.449622395833323	87.04343026748826
7.549622395833323	88.21707026748793
7.6496223958333225	89.39071026748756
7.749622395833322	90.56435026748717
7.849622395833322	91.73799026748671
7.949622395833321	92.91163026748615
8.049622395833321	94.08527026748567
8.14962239583332	95.25891026748523
8.24962239583332	96.43255026748488
8.34962239583332	97.60619026748454
8.44962239583332	98.77983026748416
8.54962239583332	99.95347026748391
8.649622395833319	101.1271102674837
8.749622395833319	102.30075026748358
8.849622395833318	103.47439026748341
8.949622395833318	104.64803026748326
9.049622395833318	105.82167026748338
9.149622395833317	106.99531026748339
9.249622395833317	108.16895026748323
9.349622395833316	109.34259026748339
9.449622395833316	110.51623026748324
9.549622395833316	111.68987026748327
9.649622395833315	112.86351026748338
9.749622395833315	114.0371502674834
9.849622395833315	115.21079026748332
9.949622395833314	116.3844302674833
10.049622395833314	117.55807026748349
10.149622395833314	118.73171026748352
10.249622395833313	119.90535026748333
10.349622395833313	121.07899026748338
10.449622395833313	122.25263026748335
10.549622395833312	123.4262702674834
10.649622395833312	124.59991026748355
10.749622395833311	125.77355026748347
10.849622395833311	126.94719026748348
10.94962239583331	128.12083026748343
11.04962239583331	129.2944702674835
11.14962239583331	130.46811026748335
11.24962239583331	131.4732111435251
11.34962239583331	132.45001114352524
11.449622395833309	133.42681114352519
11.549622395833309	134.4036111435252
11.649622395833308	135.38041114352518
11.749622395833308	136.35721114352523
11.849622395833308	137.3340111435254
11.949622395833307	138.3108111435252
12.049622395833307	139.31709937269193
12.149622395833306	140.32349937269214
12.249622395833306	141.32989937269198
12.349622395833306	142.33629937269197
12.449622395833305	143.34269937269198
12.549622395833305	144.3490993726919
12.56	144.45353958102578
1000012.56	144.45353958102578
