-100000	0
0	0
0.0033333333333333335	0.03294053151218275
0.008333333333333333	0.08301715149741366
0.01583333333333333	0.1589572980460401
0.02708333333333333	0.27417883260196774
0.043958333333333335	0.4491722250560027
0.06927083333333334	0.7153019599604545
0.10723958333333333	1.1205502967576306
0.16419270833333333	1.738918421918496
0.24962239583333334	2.6834353432000317
0.3496223958333333	3.8077388345487724
0.4496223958333333	4.946702486601431
0.5496223958333333	6.096515890818397
0.6496223958333333	7.254435856742723
0.7496223958333332	8.418355051441113
0.8496223958333332	9.586575212588112
0.9496223958333332	10.757704568522755
1.0496223958333333	11.930549979560183
1.1496223958333334	13.104100320240859
1.2496223958333335	14.277740320240847
1.3496223958333335	15.451380320240856
1.4496223958333336	16.625020320240846
1.5496223958333337	17.79866032024082
1.6496223958333338	18.97230032024084
1.749622395833334	20.14594032024081
1.849622395833334	21.319580320240796
1.949622395833334	22.49322032024078
2.049622395833334	23.666860320240712
2.149622395833334	24.84050032024078
2.249622395833334	26.014140320240806
2.349622395833334	27.18778032024077
2.4496223958333343	28.361420320240757
2.5496223958333344	29.535060320240746
2.6496223958333345	30.70870032024077
2.7496223958333346	31.882340320240743
2.8496223958333347	33.05598032024073
2.9496223958333347	34.22962032024068
3.049622395833335	35.40326032024069
3.149622395833335	36.57690032024071
3.249622395833335	37.75054032024068
3.349622395833335	38.9241803202407
3.449622395833335	40.09782032024071
3.5496223958333353	41.27146032024063
3.6496223958333354	42.44510032024068
3.7496223958333355	43.61874032024069
3.8496223958333355	44.79238032024068
3.9496223958333356	45.96602032024055
4.049622395833335	47.139660320240594
4.149622395833335	48.31330032024056
4.249622395833335	49.48694032024058
4.349622395833334	50.660580320240655
4.449622395833334	51.834220320240746
4.5496223958333335	53.00786032024055
4.649622395833333	54.181500320240666
4.749622395833333	55.35514032024043
4.849622395833332	56.52878032024043
4.949622395833332	57.702420320240584
5.049622395833332	58.876060320240455
5.149622395833331	60.049700320240454
5.249622395833331	61.22334032024049
5.349622395833331	62.39698032024048
5.44962239583333	63.570620320240394
5.54962239583333	64.7442603202404
5.64962239583333	65.91790032024049
5.749622395833329	67.09154032024038
5.849622395833329	68.26518032024042
5.9496223958333285	69.43882032024042
6.049622395833328	70.61246032024034
6.149622395833328	71.78610032024024
6.2496223958333275	72.9597403202403
6.349622395833327	74.13338032024029
6.449622395833327	75.3070203202403
6.549622395833326	76.48066032024042
6.649622395833326	77.65430032024034
6.749622395833326	78.8279403202402
6.849622395833325	80.00158032024014
6.949622395833325	81.17522032023993
7.049622395833325	82.34886032023994
7.149622395833324	83.52250032023979
7.249622395833324	84.69614032023955
7.3496223958333236	85.86978032023926
7.449622395833323	87.04342032023911
7.549622395833323	88.21706032023869
7.6496223958333225	89.39070032023832
7.749622395833322	90.56434032023792
7.849622395833322	91.73798032023743
7.949622395833321	92.91162032023686
8.049622395833321	94.08526032023636
8.14962239583332	95.25890032023595
8.24962239583332	96.43254032023546
8.34962239583332	97.60618032023521
8.44962239583332	98.77982032023475
8.54962239583332	99.95346032023461
8.649622395833319	101.12710032023426
8.749622395833319	102.30074032023403
8.849622395833318	103.47438032023398
8.949622395833318	104.64802032023373
9.049622395833318	105.82166032023372
9.149622395833317	106.9953003202336
9.249622395833317	108.16894032023366
9.349622395833316	109.34258032023364
9.449622395833316	110.51622032023363
9.549622395833316	111.68986032023366
9.649622395833315	112.86350032023358
9.749622395833315	114.03714032023372
9.849622395833315	115.21078032023362
9.949622395833314	116.38442032023362
10.049622395833314	117.55806032023355
10.149622395833314	118.73170032023354
10.249622395833313	119.90534032023336
10.349622395833313	121.07898032023371
10.449622395833313	122.25262032023369
10.549622395833312	123.42626032023377
10.649622395833312	124.59990032023362
10.749622395833311	125.77354032023366
10.849622395833311	126.94718032023334
10.94962239583331	128.12082032023332
11.04962239583331	129.29446032023338
11.14962239583331	130.46810032023348
11.24962239583331	131.47320119627503
11.34962239583331	132.45000119627508
11.449622395833309	133.42680119627502
11.549622395833309	134.40360119627496
11.649622395833308	135.38040119627493
11.749622395833308	136.35720119627496
11.849622395833308	137.33400119627498
11.949622395833307	138.3108011962749
12.049622395833307	139.31708942544168
12.149622395833306	140.3234894254415
12.249622395833306	141.32988942544165
12.349622395833306	142.33628942544166
12.449622395833305	143.34268942544168
12.549622395833305	144.34908942544175
12.56	144.45352963377542
1000012.56	144.45352963377542
