-100000	0
0	0
0.0033333333333333335	0.03294042909395703
0.008333333333333333	0.08301689774018722
0.01583333333333333	0.15895682112426088
0.02708333333333333	0.2741780292115542
0.043958333333333335	0.44917095000697144
0.06927083333333334	0.7153000140784447
0.10723958333333333	1.1205474279509229
0.16419270833333333	1.7389143180611009
0.24962239583333334	2.683429695316903
0.3496223958333333	3.8077317865433007
0.4496223958333333	4.946694396664634
0.5496223958333333	6.096507055610165
0.6496223958333333	7.254426510865248
0.7496223958333332	8.418345380174154
0.8496223958333332	9.58656536411233
0.9496223958333332	10.757694634312537
1.0496223958333333	11.93054002128565
1.1496223958333334	13.104090359535602
1.2496223958333335	14.277730359535658
1.3496223958333335	15.45137035953565
1.4496223958333336	16.625010359535665
1.5496223958333337	17.798650359535685
1.6496223958333338	18.97229035953573
1.749622395833334	20.1459303595357
1.849622395833334	21.31957035953571
1.949622395833334	22.493210359535755
2.049622395833334	23.666850359535733
2.149622395833334	24.84049035953574
2.249622395833334	26.01413035953584
2.349622395833334	27.18777035953579
2.4496223958333343	28.361410359535846
2.5496223958333344	29.535050359535838
2.6496223958333345	30.70869035953586
2.7496223958333346	31.882330359535917
2.8496223958333347	33.055970359535905
2.9496223958333347	34.22961035953597
3.049622395833335	35.40325035953599
3.149622395833335	36.57689035953594
3.249622395833335	37.75053035953596
3.349622395833335	38.924170359535985
3.449622395833335	40.097810359536
3.5496223958333353	41.27145035953602
3.6496223958333354	42.44509035953604
3.7496223958333355	43.6187303595361
3.8496223958333355	44.792370359536115
3.9496223958333356	45.96601035953615
4.049622395833335	47.13965035953609
4.149622395833335	48.31329035953605
4.249622395833335	49.486930359536146
4.349622395833334	50.660570359536095
4.449622395833334	51.83421035953622
4.5496223958333335	53.0078503595362
4.649622395833333	54.181490359536234
4.749622395833333	55.355130359536176
4.849622395833332	56.528770359536246
4.949622395833332	57.70241035953618
5.049622395833332	58.876050359536286
5.149622395833331	60.04969035953614
5.249622395833331	61.22333035953618
5.349622395833331	62.39697035953632
5.44962239583333	63.57061035953626
5.54962239583333	64.74425035953632
5.64962239583333	65.91789035953643
5.749622395833329	67.09153035953636
5.849622395833329	68.26517035953641
5.9496223958333285	69.43881035953638
6.049622395833328	70.61245035953631
6.149622395833328	71.78609035953639
6.2496223958333275	72.95973035953634
6.349622395833327	74.1333703595363
6.449622395833327	75.30701035953636
6.549622395833326	76.48065035953645
6.649622395833326	77.65429035953635
6.749622395833326	78.82793035953641
6.849622395833325	80.00157035953653
6.949622395833325	81.17521035953625
7.049622395833325	82.34885035953633
7.149622395833324	83.52249035953608
7.249622395833324	84.69613035953599
7.3496223958333236	85.86977035953572
7.449622395833323	87.04341035953541
7.549622395833323	88.21705035953511
7.6496223958333225	89.39069035953486
7.749622395833322	90.56433035953441
7.849622395833322	91.73797035953396
7.949622395833321	92.91161035953351
8.049622395833321	94.085250359533
8.14962239583332	95.25889035953234
8.24962239583332	96.43253035953212
8.34962239583332	97.60617035953182
8.44962239583332	98.77981035953144
8.54962239583332	99.95345035953117
8.649622395833319	101.12709035953094
8.749622395833319	102.30073035953069
8.849622395833318	103.47437035953074
8.949622395833318	104.64801035953069
9.049622395833318	105.82165035953054
9.149622395833317	106.99529035953047
9.249622395833317	108.16893035953049
9.349622395833316	109.34257035953046
9.449622395833316	110.51621035953059
9.549622395833316	111.68985035953058
9.649622395833315	112.86349035953059
9.749622395833315	114.03713035953054
9.849622395833315	115.21077035953071
9.949622395833314	116.38441035953063
10.049622395833314	117.55805035953082
10.149622395833314	118.73169035953077
10.249622395833313	119.90533035953061
10.349622395833313	121.0789703595308
10.449622395833313	122.25261035953068
10.549622395833312	123.4262503595307
10.649622395833312	124.59989035953069
10.749622395833311	125.77353035953065
10.849622395833311	126.94717035953069
10.94962239583331	128.12081035953076
11.04962239583331	129.29445035953086
11.14962239583331	130.46809035953075
11.24962239583331	131.47319123557244
11.34962239583331	132.44999123557258
11.449622395833309	133.4267912355723
11.549622395833309	134.40359123557255
11.649622395833308	135.38039123557255
11.749622395833308	136.3571912355724
11.849622395833308	137.33399123557268
11.949622395833307	138.31079123557237
12.049622395833307	139.31707946473927
12.149622395833306	140.32347946473917
12.249622395833306	141.32987946473912
12.349622395833306	142.33627946473914
12.449622395833305	143.342679464739
12.549622395833305	144.34907946473908
12.56	144.45351967307272
1000012.56	144.45351967307272
