-100000	0
0	0
0.0033333333333333335	0.03294032667242143
0.008333333333333333	0.08301664394971553
0.01583333333333333	0.15895634409535364
0.02708333333333333	0.2741772255827861
0.043958333333333335	0.4491696745133517
0.06927083333333334	0.7152980674364812
0.10723958333333333	1.1205445573402861
0.16419270833333333	1.7389102112404407
0.24962239583333334	2.683424042891527
0.3496223958333333	3.807724732739916
0.4496223958333333	4.946686298846319
0.5496223958333333	6.0964982110979555
0.6496223958333333	7.254417154305631
0.7496223958333332	8.418335697589818
0.8496223958333332	9.586555503222202
0.9496223958333332	10.75768468693796
1.0496223958333333	11.930530049626507
1.1496223958333334	13.104080385372088
1.2496223958333335	14.27772038537208
1.3496223958333335	15.451360385372102
1.4496223958333336	16.62500038537213
1.5496223958333337	17.798640385372128
1.6496223958333338	18.972280385372155
1.749622395833334	20.145920385372207
1.849622395833334	21.31956038537219
1.949622395833334	22.49320038537222
2.049622395833334	23.666840385372293
2.149622395833334	24.840480385372278
2.249622395833334	26.01412038537229
2.349622395833334	27.187760385372254
2.4496223958333343	28.36140038537225
2.5496223958333344	29.53504038537227
2.6496223958333345	30.708680385372343
2.7496223958333346	31.88232038537239
2.8496223958333347	33.05596038537235
2.9496223958333347	34.22960038537236
3.049622395833335	35.40324038537241
3.149622395833335	36.576880385372334
3.249622395833335	37.75052038537248
3.349622395833335	38.92416038537253
3.449622395833335	40.09780038537243
3.5496223958333353	41.27144038537246
3.6496223958333354	42.44508038537248
3.7496223958333355	43.61872038537253
3.8496223958333355	44.792360385372504
3.9496223958333356	45.96600038537255
4.049622395833335	47.13964038537255
4.149622395833335	48.313280385372515
4.249622395833335	49.48692038537258
4.349622395833334	50.66056038537273
4.449622395833334	51.83420038537259
4.5496223958333335	53.007840385372745
4.649622395833333	54.181480385372566
4.749622395833333	55.355120385372636
4.849622395833332	56.52876038537263
4.949622395833332	57.7024003853727
5.049622395833332	58.87604038537276
5.149622395833331	60.04968038537268
5.249622395833331	61.22332038537267
5.349622395833331	62.39696038537279
5.44962239583333	63.570600385372785
5.54962239583333	64.74424038537276
5.64962239583333	65.91788038537268
5.749622395833329	67.09152038537279
5.849622395833329	68.26516038537285
5.9496223958333285	69.43880038537276
6.049622395833328	70.61244038537274
6.149622395833328	71.78608038537286
6.2496223958333275	72.95972038537296
6.349622395833327	74.13336038537285
6.449622395833327	75.3070003853728
6.549622395833326	76.48064038537285
6.649622395833326	77.65428038537286
6.749622395833326	78.82792038537279
6.849622395833325	80.00156038537291
6.949622395833325	81.17520038537273
7.049622395833325	82.34884038537267
7.149622395833324	83.52248038537266
7.249622395833324	84.69612038537247
7.3496223958333236	85.86976038537225
7.449622395833323	87.04340038537205
7.549622395833323	88.21704038537179
7.6496223958333225	89.39068038537145
7.749622395833322	90.56432038537113
7.849622395833322	91.73796038537056
7.949622395833321	92.91160038536994
8.049622395833321	94.08524038536963
8.14962239583332	95.25888038536912
8.24962239583332	96.43252038536887
8.34962239583332	97.60616038536828
8.44962239583332	98.77980038536806
8.54962239583332	99.9534403853679
8.649622395833319	101.12708038536758
8.749622395833319	102.30072038536755
8.849622395833318	103.47436038536718
8.949622395833318	104.64800038536707
9.049622395833318	105.82164038536713
9.149622395833317	106.99528038536718
9.249622395833317	108.16892038536709
9.349622395833316	109.34256038536711
9.449622395833316	110.51620038536709
9.549622395833316	111.6898403853671
9.649622395833315	112.86348038536708
9.749622395833315	114.03712038536733
9.849622395833315	115.2107603853672
9.949622395833314	116.38440038536727
10.049622395833314	117.55804038536716
10.149622395833314	118.73168038536726
10.249622395833313	119.90532038536722
10.349622395833313	121.07896038536728
10.449622395833313	122.25260038536737
10.549622395833312	123.42624038536718
10.649622395833312	124.59988038536719
10.749622395833311	125.7735203853673
10.849622395833311	126.94716038536728
10.94962239583331	128.12080038536743
11.04962239583331	129.29444038536732
11.14962239583331	130.46808038536736
11.24962239583331	131.47318126140897
11.34962239583331	132.44998126140914
11.449622395833309	133.42678126140925
11.549622395833309	134.4035812614092
11.649622395833308	135.38038126140907
11.749622395833308	136.35718126140912
11.849622395833308	137.3339812614091
11.949622395833307	138.31078126140906
12.049622395833307	139.31706949057582
12.149622395833306	140.32346949057603
12.249622395833306	141.32986949057585
12.349622395833306	142.3362694905757
12.449622395833305	143.3426694905758
12.549622395833305	144.3490694905759
12.56	144.45350969890944
1000012.56	144.45350969890944
