-100000	0
0	0
0.0033333333333333335	0.03294022424757578
0.008333333333333333	0.08301639012599946
0.01583333333333333	0.15895586695931904
0.02708333333333333	0.27417642171566203
0.043958333333333335	0.4491683985751426
0.06927083333333334	0.7152961200345586
0.10723958333333333	1.1205416849257195
0.16419270833333333	1.7389061014565348
0.24962239583333334	2.6834183859239262
0.3496223958333333	3.8077176731386517
0.4496223958333333	4.9466781931464725
0.5496223958333333	6.096489357281712
0.6496223958333333	7.2544077870639585
0.7496223958333332	8.418326003688126
0.8496223958333332	9.586545629917854
0.9496223958333332	10.757674726399058
1.0496223958333333	11.930520064582753
1.1496223958333334	13.104070397750212
1.2496223958333335	14.2777103977502
1.3496223958333335	15.451350397750184
1.4496223958333336	16.62499039775019
1.5496223958333337	17.798630397750134
1.6496223958333338	18.97227039775018
1.749622395833334	20.145910397750168
1.849622395833334	21.31955039775019
1.949622395833334	22.493190397750123
2.049622395833334	23.666830397750115
2.149622395833334	24.84047039775009
2.249622395833334	26.01411039775008
2.349622395833334	27.1877503977501
2.4496223958333343	28.361390397750082
2.5496223958333344	29.535030397750063
2.6496223958333345	30.708670397750087
2.7496223958333346	31.882310397750047
2.8496223958333347	33.05595039775004
2.9496223958333347	34.22959039775002
3.049622395833335	35.40323039774998
3.149622395833335	36.57687039774999
3.249622395833335	37.750510397749935
3.349622395833335	38.92415039774997
3.449622395833335	40.097790397750025
3.5496223958333353	41.271430397749974
3.6496223958333354	42.44507039774999
3.7496223958333355	43.6187103977499
3.8496223958333355	44.79235039775009
3.9496223958333356	45.96599039774988
4.049622395833335	47.13963039774992
4.149622395833335	48.31327039774991
4.249622395833335	49.486910397749945
4.349622395833334	50.66055039774978
4.449622395833334	51.83419039774983
4.5496223958333335	53.00783039774985
4.649622395833333	54.181470397749926
4.749622395833333	55.355110397749804
4.849622395833332	56.52875039774976
4.949622395833332	57.70239039774974
5.049622395833332	58.87603039774975
5.149622395833331	60.04967039774977
5.249622395833331	61.22331039774973
5.349622395833331	62.396950397749755
5.44962239583333	63.57059039774972
5.54962239583333	64.74423039774969
5.64962239583333	65.91787039774971
5.749622395833329	67.09151039774957
5.849622395833329	68.26515039774964
5.9496223958333285	69.43879039774957
6.049622395833328	70.61243039774948
6.149622395833328	71.78607039774957
6.2496223958333275	72.95971039774949
6.349622395833327	74.13335039774967
6.449622395833327	75.30699039774967
6.549622395833326	76.48063039774961
6.649622395833326	77.6542703977496
6.749622395833326	78.82791039774956
6.849622395833325	80.0015503977496
6.949622395833325	81.1751903977495
7.049622395833325	82.3488303977494
7.149622395833324	83.52247039774932
7.249622395833324	84.69611039774918
7.3496223958333236	85.86975039774899
7.449622395833323	87.04339039774854
7.549622395833323	88.2170303977483
7.6496223958333225	89.39067039774807
7.749622395833322	90.5643103977475
7.849622395833322	91.73795039774714
7.949622395833321	92.91159039774662
8.049622395833321	94.08523039774607
8.14962239583332	95.25887039774568
8.24962239583332	96.43251039774525
8.34962239583332	97.60615039774491
8.44962239583332	98.77979039774455
8.54962239583332	99.95343039774416
8.649622395833319	101.12707039774389
8.749622395833319	102.30071039774379
8.849622395833318	103.47435039774365
8.949622395833318	104.64799039774358
9.049622395833318	105.8216303977434
9.149622395833317	106.99527039774334
9.249622395833317	108.16891039774329
9.349622395833316	109.34255039774314
9.449622395833316	110.51619039774327
9.549622395833316	111.68983039774322
9.649622395833315	112.86347039774306
9.749622395833315	114.03711039774318
9.849622395833315	115.21075039774328
9.949622395833314	116.38439039774309
10.049622395833314	117.55803039774324
10.149622395833314	118.7316703977433
10.249622395833313	119.90531039774322
10.349622395833313	121.07895039774343
10.449622395833313	122.25259039774348
10.549622395833312	123.42623039774321
10.649622395833312	124.59987039774333
10.749622395833311	125.77351039774324
10.849622395833311	126.94715039774319
10.94962239583331	128.12079039774315
11.04962239583331	129.294430397743
11.14962239583331	130.46807039774313
11.24962239583331	131.4731712737846
11.34962239583331	132.4499712737849
11.449622395833309	133.4267712737847
11.549622395833309	134.40357127378493
11.649622395833308	135.38037127378476
11.749622395833308	136.35717127378481
11.849622395833308	137.3339712737847
11.949622395833307	138.3107712737847
12.049622395833307	139.31705950295134
12.149622395833306	140.32345950295147
12.249622395833306	141.32985950295145
12.349622395833306	142.33625950295124
12.449622395833305	143.34265950295114
12.549622395833305	144.34905950295143
12.56	144.45349971128485
1000012.56	144.45349971128485
