-100000	0
0	0
0.0033333333333333335	0.032940121819422345
0.008333333333333333	0.08301613626904317
0.01583333333333333	0.15895538971616593
0.02708333333333333	0.27417561761019926
0.043958333333333335	0.4491671221923754
0.06927083333333334	0.7152941718727264
0.10723958333333333	1.1205388107072904
0.16419270833333333	1.738901988709486
0.24962239583333334	2.683412724414217
0.3496223958333333	3.807710607739736
0.4496223958333333	4.9466700795654495
0.5496223958333333	6.096480494161854
0.6496223958333333	7.254398409140599
0.7496223958333332	8.418316298469636
0.8496223958333332	9.586535744199857
0.9496223958333332	10.757664752696542
1.0496223958333333	11.9305100661552
1.1496223958333334	13.104060396670961
1.2496223958333335	14.27770039667099
1.3496223958333335	15.451340396670979
1.4496223958333336	16.624980396671024
1.5496223958333337	17.798620396671
1.6496223958333338	18.972260396671093
1.749622395833334	20.14590039667112
1.849622395833334	21.319540396671137
1.949622395833334	22.49318039667113
2.049622395833334	23.666820396671152
2.149622395833334	24.84046039667117
2.249622395833334	26.01410039667117
2.349622395833334	27.18774039667121
2.4496223958333343	28.36138039667125
2.5496223958333344	29.535020396671193
2.6496223958333345	30.70866039667125
2.7496223958333346	31.882300396671333
2.8496223958333347	33.05594039667129
2.9496223958333347	34.22958039667133
3.049622395833335	35.4032203966714
3.149622395833335	36.57686039667135
3.249622395833335	37.7505003966714
3.349622395833335	38.92414039667141
3.449622395833335	40.09778039667142
3.5496223958333353	41.27142039667134
3.6496223958333354	42.445060396671494
3.7496223958333355	43.618700396671386
3.8496223958333355	44.7923403966715
3.9496223958333356	45.965980396671476
4.049622395833335	47.1396203966715
4.149622395833335	48.313260396671495
4.249622395833335	49.486900396671544
4.349622395833334	50.66054039667149
4.449622395833334	51.83418039667149
4.5496223958333335	53.00782039667152
4.649622395833333	54.18146039667166
4.749622395833333	55.355100396671624
4.849622395833332	56.528740396671694
4.949622395833332	57.70238039667171
5.049622395833332	58.87602039667169
5.149622395833331	60.04966039667168
5.249622395833331	61.2233003966717
5.349622395833331	62.39694039667166
5.44962239583333	63.570580396671716
5.54962239583333	64.74422039667166
5.64962239583333	65.91786039667168
5.749622395833329	67.09150039667173
5.849622395833329	68.26514039667173
5.9496223958333285	69.43878039667179
6.049622395833328	70.61242039667172
6.149622395833328	71.78606039667181
6.2496223958333275	72.95970039667179
6.349622395833327	74.13334039667168
6.449622395833327	75.30698039667176
6.549622395833326	76.48062039667172
6.649622395833326	77.65426039667179
6.749622395833326	78.82790039667167
6.849622395833325	80.00154039667181
6.949622395833325	81.17518039667178
7.049622395833325	82.3488203966717
7.149622395833324	83.52246039667166
7.249622395833324	84.69610039667155
7.3496223958333236	85.86974039667146
7.449622395833323	87.0433803966711
7.549622395833323	88.21702039667083
7.6496223958333225	89.39066039667057
7.749622395833322	90.56430039667019
7.849622395833322	91.7379403966697
7.949622395833321	92.91158039666918
8.049622395833321	94.08522039666862
8.14962239583332	95.2588603966684
8.24962239583332	96.43250039666795
8.34962239583332	97.60614039666753
8.44962239583332	98.77978039666733
8.54962239583332	99.95342039666703
8.649622395833319	101.12706039666668
8.749622395833319	102.30070039666656
8.849622395833318	103.47434039666624
8.949622395833318	104.64798039666641
9.049622395833318	105.8216203966662
9.149622395833317	106.99526039666623
9.249622395833317	108.16890039666619
9.349622395833316	109.34254039666617
9.449622395833316	110.51618039666609
9.549622395833316	111.68982039666632
9.649622395833315	112.8634603966663
9.749622395833315	114.03710039666622
9.849622395833315	115.21074039666631
9.949622395833314	116.38438039666626
10.049622395833314	117.55802039666632
10.149622395833314	118.73166039666631
10.249622395833313	119.90530039666626
10.349622395833313	121.0789403966664
10.449622395833313	122.2525803966663
10.549622395833312	123.42622039666644
10.649622395833312	124.59986039666626
10.749622395833311	125.77350039666632
10.849622395833311	126.94714039666619
10.94962239583331	128.12078039666633
11.04962239583331	129.29442039666634
11.14962239583331	130.4680603966662
11.24962239583331	131.47316127270815
11.34962239583331	132.4499612727081
11.449622395833309	133.426761272708
11.549622395833309	134.40356127270817
11.649622395833308	135.3803612727081
11.749622395833308	136.35716127270805
11.849622395833308	137.3339612727081
11.949622395833307	138.31076127270808
12.049622395833307	139.31704950187483
12.149622395833306	140.32344950187482
12.249622395833306	141.3298495018748
12.349622395833306	142.3362495018749
12.449622395833305	143.3426495018749
12.549622395833305	144.34904950187482
12.56	144.45348971020837
1000012.56	144.45348971020837
