-100000	0
2.012615962497865	0
2.015949295831198	0.00000005635376427028976
2.020949295831198	0.0000003703996286324844
2.028449295831198	0.0000014399204010163956
2.039699295831198	0.000004507670511899835
2.056574295831198	0.000012633285921549113
2.081886795831198	0.00003252620617121536
2.1198555458311983	0.00007874264446699869
2.1768086708311984	0.0001776687719925199
2.2622383583311985	0.0003747638282938623
2.3622383583311986	0.0006038022428953941
2.4622383583311986	0.0006655865659800581
2.5622383583311987	0.0006655865659800581
2.662238358331199	0.0006655865659800581
2.762238358331199	0.0006655865659800581
2.862238358331199	0.0006655865659800581
2.962238358331199	0.0006655865659800581
3.062238358331199	0.0006655865659800581
3.1622383583311993	0.0006655865659800581
3.2622383583311994	0.0006655865659800581
3.3622383583311994	0.0006655865659800581
3.4622383583311995	0.0006655865659800581
3.5622383583311996	0.0006655865659800581
3.6622383583311997	0.0006655865659800581
3.7622383583312	0.0006655865659800581
3.8622383583312	0.0006655865659800581
3.9622383583312	0.0006655865659800581
4.0622383583312	0.0006655865659800581
4.1622383583312	0.0006655865659800581
4.262238358331199	0.0006655865659800581
4.362238358331199	0.0006655865659800581
4.462238358331199	0.0006655865659800581
4.562238358331198	0.0006655865659800581
4.662238358331198	0.0006655865659800581
4.762238358331198	0.0006655865659800581
4.862238358331197	0.0006655865659800581
4.962238358331197	0.0006655865659800581
5.0622383583311965	0.0006655865659800581
5.162238358331196	0.0006655865659800581
5.262238358331196	0.0006655865659800581
5.362238358331195	0.0006655865659800581
5.462238358331195	0.002925745095883824
5.562238358331195	0.02874391817632459
5.662238358331194	0.10313353899210911
5.762238358331194	0.22401277405671213
5.862238358331194	0.38712415825292906
5.962238358331193	0.5888397586402323
6.062238358331193	0.8260873746747921
6.162238358331193	1.0963278822011797
6.262238358331192	1.3974291492851716
6.362238358331192	1.727231729474636
6.4622383583311915	2.0838608534143686
6.562238358331191	2.4656819467471216
6.662238358331191	2.8713494039271774
6.7622383583311905	3.299595725397961
6.86223835833119	3.7492097712144568
6.96223835833119	4.219068287164772
7.062238358331189	4.707991843824934
7.162238358331189	5.215180660844404
7.262238358331189	5.739880625109931
7.362238358331188	6.2811240938153245
7.462238358331188	6.838174244189263
7.562238358331188	7.410383918962265
7.662238358331187	7.997014885663481
7.762238358331187	8.597517857102979
7.862238358331187	9.211238480668367
7.962238358331186	9.837732281046275
8.062238358331186	10.476359188357819
8.162238358331185	11.126610921793999
8.262238358331185	11.788061959043617
8.362238358331185	12.460213784115117
8.462238358331184	13.142742394701127
8.562238358331184	13.835165147271024
8.662238358331184	14.537091186132267
8.762238358331183	15.248162430371677
8.862238358331183	15.968015157464073
8.962238358331183	16.696240204125253
9.062238358331182	17.432588165118936
9.162238358331182	18.176728314568148
9.262238358331182	18.928389463158016
9.362238358331181	19.687275332588193
9.46223835833118	20.453111192570656
9.56223835833118	21.225631222496443
9.66223835833118	22.004576308828337
9.76223835833118	22.78973957203276
9.86223835833118	23.58087617280904
9.962238358331179	24.377783878597825
10.062238358331179	25.180270829441366
10.162238358331178	25.98815537940082
10.262238358331178	26.801235278086235
10.362238358331178	27.619328249245566
10.462238358331177	28.442250525676624
10.562238358331177	29.269797528566908
10.662238358331177	30.10178699384128
10.762238358331176	30.938022137639226
10.862238358331176	31.77829629854783
10.962238358331176	32.62242410356933
11.062238358331175	33.47019513456741
11.162238358331175	34.32140663452156
11.262238358331174	35.175863077226
11.362238358331174	36.03334697365885
11.462238358331174	36.89366118652466
11.562238358331173	37.75659693924599
11.662238358331173	38.621935944952085
11.762238358331173	39.48948379678747
11.862238358331172	40.35902076668671
11.962238358331172	41.2303580873277
12.062238358331172	42.10326620204029
12.162238358331171	42.97753523146091
12.262238358331171	43.85295546007865
12.36223835833117	44.72931630424043
12.46223835833117	45.60640617975588
12.56223835833117	46.48401455794274
12.66223835833117	47.361932346407244
12.76223835833117	47.90178441633831
12.862238358331169	48.17178439736198
12.962238358331168	48.4417843783855
13.062238358331168	48.71178435940904
13.162238358331168	48.981784340432554
13.262238358331167	49.251784321456
13.362238358331167	49.52178409704269
13.462238358331167	49.79178408960169
13.562238358331166	50.06178408216083
13.662238358331166	50.331784074720005
13.762238358331166	50.60178406727903
13.862238358331165	50.87178405983808
13.962238358331165	51.141784120881134
14.062238358331165	51.411784108017244
14.162238358331164	51.681784095153596
14.262238358331164	51.95178392732889
14.362238358331163	52.22178390632323
14.462238358331163	52.49178388531757
14.562238358331163	52.76178386431193
14.662238358331162	53.031783843306386
14.762238358331162	53.30178382230081
14.862238358331162	53.57178380129512
14.962238358331161	53.84178378028957
15.062238358331161	54.111783237413036
15.16223835833116	54.381783218854615
15.26223835833116	54.651783468575054
15.36223835833116	54.921783459949644
15.46223835833116	55.19178345132436
15.56223835833116	55.461783442699016
15.662238358331159	55.731783434073684
15.762238358331158	56.00178342544849
15.862238358331158	56.271783416823105
15.962238358331158	56.54178350621075
16.062238358331157	56.81178349394106
16.16223835833116	57.08178348167129
16.26223835833116	57.3517834694015
16.36223835833116	57.62178271059459
16.462238358331163	57.89178269906685
16.562238358331165	58.161782687539095
16.662238358331166	58.431782676011274
16.762238358331167	58.70178231568532
16.86223835833117	58.97178229249246
16.96223835833117	59.241782269299684
17.06223835833117	59.511782246106854
17.162238358331173	59.781782342639524
17.262238358331174	60.051782315883926
17.362238358331176	60.32178262670641
17.462238358331177	60.5917826127461
17.56223835833118	60.86178259878591
17.66223835833118	61.13178258482565
17.76223835833118	61.401782570865436
17.862238358331183	61.671782556905285
17.962238358331184	61.941782542944985
18.062238358331186	62.21178252898475
18.162238358331187	62.48178182925435
18.26223835833119	62.75178180018013
18.36223835833119	63.02178177110575
18.46223835833119	63.291781742031276
18.562238358331193	63.56178171295689
18.662238358331194	63.83178168388251
18.762238358331196	64.10178165480811
18.862238358331197	64.37178162573372
18.9622383583312	64.64178197927424
19.0622383583312	64.91178196176485
19.1622383583312	65.18178194425529
19.262238358331203	65.45178192674595
19.362238358331204	65.72178190923644
19.462238358331206	65.99178189172697
19.562238358331207	66.26178187421746
19.66223835833121	66.5317818567081
19.76223835833121	66.80178183919854
19.86223835833121	67.07178182168906
19.962238358331213	67.34178139713778
20.062238358331214	67.61178138157123
20.162238358331216	67.88178136600494
20.262238358331217	68.1517813504386
20.36223835833122	68.42178133487218
20.46223835833122	68.69178131930575
20.56223835833122	68.96178130373931
20.662238358331223	69.23178128817307
20.762238358331224	69.50178127260658
20.862238358331226	69.77178125704025
20.962238358331227	70.04178124147398
21.06223835833123	70.3117812259076
21.16223835833123	70.58178121034112
21.26223835833123	70.85178119477476
21.362238358331233	71.12178117920854
21.462238358331234	71.39178116364215
21.562238358331236	71.66178114807575
21.662238358331237	71.93178113250943
21.76223835833124	72.20178111694301
21.86223835833124	72.47178110137664
21.96223835833124	72.74178108581022
22.062238358331243	73.01178107024386
22.162238358331244	73.28178105467761
22.262238358331246	73.55178103911122
22.362238358331247	73.82178102354492
22.46223835833125	74.09178100797848
22.56223835833125	74.36178099241214
22.66223835833125	74.63178097684573
22.762238358331253	74.90178096127924
22.862238358331254	75.17178094571295
22.962238358331255	75.44178093014658
23.062238358331257	75.71178091458034
23.16223835833126	75.98178089901398
23.26223835833126	76.25178088344752
23.36223835833126	76.52178086788119
23.45	76.75873824879925
1000023.45	76.75873824879925
