-100000	0
0	0
0.0033333333333333335	0.032940019387958826
0.008333333333333333	0.0830158823788422
0.01583333333333333	0.15895491236588408
0.02708333333333333	0.27417481326638043
0.043958333333333335	0.44916584536502047
0.06927083333333334	0.7152922229509341
0.10723958333333333	1.1205359346849268
0.16419270833333333	1.7388978729991698
0.24962239583333334	2.68340705838641
0.3496223958333333	3.807703536542894
0.4496223958333333	4.9466619581028795
0.5496223958333333	6.0964716217380035
0.6496223958333333	7.2543890205350845
0.7496223958333332	8.418306581933717
0.8496223958333332	9.58652584606752
0.9496223958333332	10.757654765829638
1.0496223958333333	11.930500054342964
1.1496223958333334	13.104050382133309
1.2496223958333335	14.277690382133347
1.3496223958333335	15.451330382133367
1.4496223958333336	16.62497038213338
1.5496223958333337	17.798610382133383
1.6496223958333338	18.972250382133378
1.749622395833334	20.145890382133445
1.849622395833334	21.319530382133443
1.949622395833334	22.493170382133457
2.049622395833334	23.666810382133416
2.149622395833334	24.84045038213346
2.249622395833334	26.014090382133453
2.349622395833334	27.187730382133548
2.4496223958333343	28.361370382133494
2.5496223958333344	29.535010382133542
2.6496223958333345	30.708650382133545
2.7496223958333346	31.8822903821336
2.8496223958333347	33.055930382133525
2.9496223958333347	34.229570382133566
3.049622395833335	35.40321038213353
3.149622395833335	36.5768503821336
3.249622395833335	37.75049038213359
3.349622395833335	38.924130382133626
3.449622395833335	40.097770382133696
3.5496223958333353	41.27141038213362
3.6496223958333354	42.445050382133665
3.7496223958333355	43.618690382133586
3.8496223958333355	44.79233038213375
3.9496223958333356	45.96597038213373
4.049622395833335	47.13961038213378
4.149622395833335	48.313250382133724
4.249622395833335	49.486890382133794
4.349622395833334	50.6605303821338
4.449622395833334	51.83417038213369
4.5496223958333335	53.00781038213368
4.649622395833333	54.181450382133676
4.749622395833333	55.35509038213368
4.849622395833332	56.52873038213373
4.949622395833332	57.70237038213375
5.049622395833332	58.87601038213374
5.149622395833331	60.04965038213375
5.249622395833331	61.22329038213382
5.349622395833331	62.396930382133874
5.44962239583333	63.57057038213392
5.54962239583333	64.74421038213383
5.64962239583333	65.91785038213384
5.749622395833329	67.09149038213384
5.849622395833329	68.26513038213396
5.9496223958333285	69.43877038213377
6.049622395833328	70.61241038213386
6.149622395833328	71.78605038213385
6.2496223958333275	72.95969038213383
6.349622395833327	74.13333038213385
6.449622395833327	75.30697038213388
6.549622395833326	76.48061038213388
6.649622395833326	77.65425038213388
6.749622395833326	78.82789038213393
6.849622395833325	80.00153038213374
6.949622395833325	81.1751703821339
7.049622395833325	82.34881038213392
7.149622395833324	83.52245038213374
7.249622395833324	84.69609038213366
7.3496223958333236	85.86973038213351
7.449622395833323	87.0433703821334
7.549622395833323	88.21701038213301
7.6496223958333225	89.39065038213273
7.749622395833322	90.5642903821324
7.849622395833322	91.73793038213186
7.949622395833321	92.91157038213139
8.049622395833321	94.08521038213094
8.14962239583332	95.25885038213048
8.24962239583332	96.43249038213006
8.34962239583332	97.6061303821298
8.44962239583332	98.77977038212947
8.54962239583332	99.95341038212916
8.649622395833319	101.12705038212893
8.749622395833319	102.30069038212861
8.849622395833318	103.4743303821286
8.949622395833318	104.64797038212856
9.049622395833318	105.82161038212844
9.149622395833317	106.99525038212845
9.249622395833317	108.16889038212838
9.349622395833316	109.34253038212842
9.449622395833316	110.51617038212851
9.549622395833316	111.68981038212854
9.649622395833315	112.86345038212853
9.749622395833315	114.03709038212857
9.849622395833315	115.21073038212852
9.949622395833314	116.3843703821285
10.049622395833314	117.55801038212851
10.149622395833314	118.73165038212845
10.249622395833313	119.90529038212856
10.349622395833313	121.07893038212868
10.449622395833313	122.25257038212854
10.549622395833312	123.42621038212849
10.649622395833312	124.59985038212862
10.749622395833311	125.77349038212854
10.849622395833311	126.9471303821284
10.94962239583331	128.12077038212863
11.04962239583331	129.29441038212843
11.14962239583331	130.4680503821286
11.24962239583331	131.47315125817036
11.34962239583331	132.44995125817033
11.449622395833309	133.42675125817024
11.549622395833309	134.4035512581703
11.649622395833308	135.38035125817038
11.749622395833308	136.35715125817046
11.849622395833308	137.33395125817037
11.949622395833307	138.31075125817043
12.049622395833307	139.317039487337
12.149622395833306	140.32343948733686
12.249622395833306	141.32983948733698
12.349622395833306	142.33623948733697
12.449622395833305	143.34263948733712
12.549622395833305	144.34903948733717
12.56	144.4534796956704
1000012.56	144.4534796956704
