-100000	0
0	0
0.0033333333333333335	0.032939916953186224
0.008333333333333333	0.08301562845539767
0.01583333333333333	0.15895443490847833
0.02708333333333333	0.27417400868421155
0.043958333333333335	0.449164568093087
0.06927083333333334	0.7152902732692032
0.10723958333333333	1.1205330568586633
0.16419270833333333	1.7388937543256413
0.24962239583333334	2.683401388158916
0.3496223958333333	3.8076964595482665
0.4496223958333333	4.946653828758927
0.5496223958333333	6.096462740010249
0.6496223958333333	7.254379621247654
0.7496223958333332	8.418296854080653
0.8496223958333332	9.586515935521149
0.9496223958333332	10.75764476579871
1.0496223958333333	11.93049002914646
1.1496223958333334	13.104040354137807
1.2496223958333335	14.277680354137798
1.3496223958333335	15.45132035413782
1.4496223958333336	16.624960354137805
1.5496223958333337	17.798600354137864
1.6496223958333338	18.972240354137867
1.749622395833334	20.14588035413787
1.849622395833334	21.31952035413791
1.949622395833334	22.49316035413787
2.049622395833334	23.66680035413791
2.149622395833334	24.840440354137918
2.249622395833334	26.014080354137967
2.349622395833334	27.187720354137983
2.4496223958333343	28.36136035413801
2.5496223958333344	29.535000354138013
2.6496223958333345	30.708640354138055
2.7496223958333346	31.882280354138008
2.8496223958333347	33.05592035413803
2.9496223958333347	34.229560354138066
3.049622395833335	35.403200354138015
3.149622395833335	36.576840354138135
3.249622395833335	37.7504803541381
3.349622395833335	38.92412035413812
3.449622395833335	40.09776035413809
3.5496223958333353	41.27140035413812
3.6496223958333354	42.44504035413818
3.7496223958333355	43.618680354138206
3.8496223958333355	44.79232035413822
3.9496223958333356	45.965960354138225
4.049622395833335	47.13960035413815
4.149622395833335	48.313240354138266
4.249622395833335	49.48688035413825
4.349622395833334	50.660520354138235
4.449622395833334	51.83416035413828
4.5496223958333335	53.007800354138254
4.649622395833333	54.18144035413833
4.749622395833333	55.355080354138195
4.849622395833332	56.528720354138265
4.949622395833332	57.70236035413828
5.049622395833332	58.87600035413819
5.149622395833331	60.04964035413838
5.249622395833331	61.22328035413831
5.349622395833331	62.396920354138324
5.44962239583333	63.57056035413835
5.54962239583333	64.7442003541384
5.64962239583333	65.91784035413824
5.749622395833329	67.0914803541385
5.849622395833329	68.26512035413836
5.9496223958333285	69.43876035413844
6.049622395833328	70.61240035413843
6.149622395833328	71.7860403541383
6.2496223958333275	72.9596803541383
6.349622395833327	74.13332035413828
6.449622395833327	75.30696035413844
6.549622395833326	76.48060035413832
6.649622395833326	77.65424035413855
6.749622395833326	78.82788035413846
6.849622395833325	80.0015203541385
6.949622395833325	81.17516035413836
7.049622395833325	82.3488003541385
7.149622395833324	83.52244035413848
7.249622395833324	84.69608035413837
7.3496223958333236	85.86972035413814
7.449622395833323	87.04336035413795
7.549622395833323	88.21700035413775
7.6496223958333225	89.3906403541374
7.749622395833322	90.564280354137
7.849622395833322	91.73792035413675
7.949622395833321	92.91156035413613
8.049622395833321	94.08520035413571
8.14962239583332	95.25884035413524
8.24962239583332	96.43248035413484
8.34962239583332	97.60612035413439
8.44962239583332	98.77976035413418
8.54962239583332	99.95340035413396
8.649622395833319	101.1270403541337
8.749622395833319	102.30068035413345
8.849622395833318	103.47432035413324
8.949622395833318	104.64796035413336
9.049622395833318	105.82160035413304
9.149622395833317	106.99524035413324
9.249622395833317	108.16888035413312
9.349622395833316	109.34252035413311
9.449622395833316	110.51616035413325
9.549622395833316	111.68980035413313
9.649622395833315	112.8634403541331
9.749622395833315	114.03708035413315
9.849622395833315	115.21072035413329
9.949622395833314	116.38436035413307
10.049622395833314	117.55800035413317
10.149622395833314	118.73164035413316
10.249622395833313	119.9052803541331
10.349622395833313	121.07892035413326
10.449622395833313	122.2525603541332
10.549622395833312	123.42620035413326
10.649622395833312	124.59984035413336
10.749622395833311	125.77348035413343
10.849622395833311	126.94712035413328
10.94962239583331	128.1207603541336
11.04962239583331	129.29440035413324
11.14962239583331	130.4680403541332
11.24962239583331	131.47314123017506
11.34962239583331	132.449941230175
11.449622395833309	133.42674123017514
11.549622395833309	134.403541230175
11.649622395833308	135.38034123017508
11.749622395833308	136.35714123017522
11.849622395833308	137.3339412301751
11.949622395833307	138.31074123017504
12.049622395833307	139.3170294593418
12.149622395833306	140.32342945934172
12.249622395833306	141.3298294593417
12.349622395833306	142.33622945934192
12.449622395833305	143.34262945934205
12.549622395833305	144.34902945934186
12.56	144.45346966767553
1000012.56	144.45346966767553
