-100000	0
0	0
0.0033333333333333335	0.03293981451510363
0.008333333333333333	0.08301537449870908
0.01583333333333333	0.15895395734394507
0.02708333333333333	0.2741732038636863
0.043958333333333335	0.4491632903765675
0.06927083333333334	0.7152883228275164
0.10723958333333333	1.120530177228467
0.16419270833333333	1.7388896326888528
0.24962239583333334	2.68339571395659
0.3496223958333333	3.807689376755737
0.4496223958333333	4.9466456915334565
0.5496223958333333	6.0964538489785784
0.6496223958333333	7.254370211278134
0.7496223958333332	8.418287114910287
0.8496223958333332	9.586506012560507
0.9496223958333332	10.75763475260346
1.0496223958333333	11.93047999056535
1.1496223958333334	13.10403031268397
1.2496223958333335	14.277670312683954
1.3496223958333335	15.451310312683937
1.4496223958333336	16.62495031268394
1.5496223958333337	17.798590312683928
1.6496223958333338	18.972230312683944
1.749622395833334	20.145870312683908
1.849622395833334	21.31951031268393
1.949622395833334	22.49315031268392
2.049622395833334	23.66679031268388
2.149622395833334	24.84043031268393
2.249622395833334	26.014070312683877
2.349622395833334	27.187710312683933
2.4496223958333343	28.361350312683843
2.5496223958333344	29.53499031268391
2.6496223958333345	30.708630312683898
2.7496223958333346	31.88227031268392
2.8496223958333347	33.0559103126839
2.9496223958333347	34.22955031268391
3.049622395833335	35.4031903126839
3.149622395833335	36.57683031268385
3.249622395833335	37.75047031268386
3.349622395833335	38.92411031268383
3.449622395833335	40.097750312683814
3.5496223958333353	41.27139031268383
3.6496223958333354	42.44503031268378
3.7496223958333355	43.61867031268384
3.8496223958333355	44.79231031268379
3.9496223958333356	45.96595031268384
4.049622395833335	47.13959031268384
4.149622395833335	48.31323031268387
4.249622395833335	49.48687031268385
4.349622395833334	50.660510312683755
4.449622395833334	51.83415031268368
4.5496223958333335	53.00779031268364
4.649622395833333	54.18143031268369
4.749622395833333	55.3550703126838
4.849622395833332	56.52871031268368
4.949622395833332	57.702350312683734
5.049622395833332	58.87599031268382
5.149622395833331	60.04963031268372
5.249622395833331	61.22327031268373
5.349622395833331	62.39691031268368
5.44962239583333	63.57055031268368
5.54962239583333	64.74419031268367
5.64962239583333	65.91783031268366
5.749622395833329	67.09147031268357
5.849622395833329	68.26511031268369
5.9496223958333285	69.43875031268367
6.049622395833328	70.61239031268366
6.149622395833328	71.78603031268344
6.2496223958333275	72.95967031268354
6.349622395833327	74.13331031268346
6.449622395833327	75.30695031268331
6.549622395833326	76.48059031268345
6.649622395833326	77.65423031268328
6.749622395833326	78.82787031268343
6.849622395833325	80.00151031268335
6.949622395833325	81.17515031268333
7.049622395833325	82.34879031268336
7.149622395833324	83.52243031268327
7.249622395833324	84.69607031268318
7.3496223958333236	85.86971031268304
7.449622395833323	87.04335031268285
7.549622395833323	88.21699031268263
7.6496223958333225	89.3906303126822
7.749622395833322	90.56427031268183
7.849622395833322	91.73791031268134
7.949622395833321	92.91155031268096
8.049622395833321	94.08519031268038
8.14962239583332	95.25883031268002
8.24962239583332	96.43247031267943
8.34962239583332	97.60611031267916
8.44962239583332	98.77975031267876
8.54962239583332	99.95339031267856
8.649622395833319	101.12703031267839
8.749622395833319	102.30067031267802
8.849622395833318	103.4743103126778
8.949622395833318	104.64795031267771
9.049622395833318	105.82159031267753
9.149622395833317	106.99523031267755
9.249622395833317	108.16887031267757
9.349622395833316	109.34251031267762
9.449622395833316	110.51615031267755
9.549622395833316	111.68979031267756
9.649622395833315	112.86343031267745
9.749622395833315	114.03707031267741
9.849622395833315	115.21071031267778
9.949622395833314	116.38435031267748
10.049622395833314	117.55799031267735
10.149622395833314	118.73163031267734
10.249622395833313	119.9052703126771
10.349622395833313	121.07891031267725
10.449622395833313	122.2525503126773
10.549622395833312	123.42619031267715
10.649622395833312	124.59983031267717
10.749622395833311	125.77347031267726
10.849622395833311	126.94711031267695
10.94962239583331	128.12075031267713
11.04962239583331	129.294390312677
11.14962239583331	130.4680303126771
11.24962239583331	131.47313118871887
11.34962239583331	132.4499311887187
11.449622395833309	133.42673118871855
11.549622395833309	134.40353118871863
11.649622395833308	135.38033118871857
11.749622395833308	136.35713118871868
11.849622395833308	137.3339311887187
11.949622395833307	138.31073118871865
12.049622395833307	139.31701941788518
12.149622395833306	140.32341941788522
12.249622395833306	141.32981941788535
12.349622395833306	142.33621941788542
12.449622395833305	143.34261941788517
12.549622395833305	144.34901941788524
12.56	144.45345962621897
1000012.56	144.45345962621897
