-100000	0
0	0
0.0033333333333333335	0.03293971207371291
0.008333333333333333	0.08301512050878011
0.01583333333333333	0.1589534796722922
0.02708333333333333	0.27417239880482347
0.043958333333333335	0.4491620122154873
0.06927083333333334	0.7152863716259149
0.10723958333333333	1.120527295794404
0.16419270833333333	1.738885508088905
0.24962239583333334	2.683390035784331
0.3496223958333333	3.8076822881655428
0.4496223958333333	4.9466375464267465
0.5496223958333333	6.096444948643206
0.6496223958333333	7.254360790626888
0.7496223958333332	8.418277364422998
0.8496223958333332	9.586496077186165
0.9496223958333332	10.757624726244478
1.0496223958333333	11.930469938600314
1.1496223958333334	13.104020257772582
1.2496223958333335	14.277660257772608
1.3496223958333335	15.451300257772608
1.4496223958333336	16.624940257772643
1.5496223958333337	17.79858025777262
1.6496223958333338	18.97222025777266
1.749622395833334	20.145860257772696
1.849622395833334	21.31950025777264
1.949622395833334	22.49314025777272
2.049622395833334	23.666780257772686
2.149622395833334	24.840420257772717
2.249622395833334	26.01406025777271
2.349622395833334	27.187700257772754
2.4496223958333343	28.361340257772767
2.5496223958333344	29.534980257772794
2.6496223958333345	30.708620257772818
2.7496223958333346	31.882260257772803
2.8496223958333347	33.055900257772834
2.9496223958333347	34.229540257772875
3.049622395833335	35.40318025777282
3.149622395833335	36.57682025777288
3.249622395833335	37.75046025777282
3.349622395833335	38.92410025777291
3.449622395833335	40.0977402577729
3.5496223958333353	41.27138025777287
3.6496223958333354	42.44502025777291
3.7496223958333355	43.61866025777297
3.8496223958333355	44.79230025777296
3.9496223958333356	45.965940257772985
4.049622395833335	47.13958025777297
4.149622395833335	48.31322025777308
4.249622395833335	49.48686025777299
4.349622395833334	50.66050025777298
4.449622395833334	51.83414025777301
4.5496223958333335	53.00778025777308
4.649622395833333	54.18142025777307
4.749622395833333	55.35506025777312
4.849622395833332	56.528700257773
4.949622395833332	57.702340257773145
5.049622395833332	58.87598025777308
5.149622395833331	60.04962025777304
5.249622395833331	61.22326025777317
5.349622395833331	62.39690025777301
5.44962239583333	63.57054025777319
5.54962239583333	64.74418025777308
5.64962239583333	65.91782025777299
5.749622395833329	67.09146025777316
5.849622395833329	68.26510025777316
5.9496223958333285	69.43874025777312
6.049622395833328	70.61238025777315
6.149622395833328	71.78602025777306
6.2496223958333275	72.9596602577731
6.349622395833327	74.13330025777314
6.449622395833327	75.30694025777306
6.549622395833326	76.48058025777321
6.649622395833326	77.65422025777328
6.749622395833326	78.82786025777314
6.849622395833325	80.00150025777327
6.949622395833325	81.17514025777328
7.049622395833325	82.34878025777326
7.149622395833324	83.5224202577733
7.249622395833324	84.69606025777325
7.3496223958333236	85.86970025777306
7.449622395833323	87.04334025777301
7.549622395833323	88.21698025777278
7.6496223958333225	89.39062025777247
7.749622395833322	90.56426025777213
7.849622395833322	91.73790025777174
7.949622395833321	92.91154025777129
8.049622395833321	94.08518025777073
8.14962239583332	95.25882025777035
8.24962239583332	96.43246025776996
8.34962239583332	97.60610025776963
8.44962239583332	98.77974025776923
8.54962239583332	99.95338025776901
8.649622395833319	101.12702025776862
8.749622395833319	102.30066025776851
8.849622395833318	103.4743002577683
8.949622395833318	104.6479402577682
9.049622395833318	105.82158025776813
9.149622395833317	106.99522025776822
9.249622395833317	108.16886025776809
9.349622395833316	109.34250025776818
9.449622395833316	110.51614025776823
9.549622395833316	111.6897802577682
9.649622395833315	112.86342025776834
9.749622395833315	114.03706025776825
9.849622395833315	115.21070025776815
9.949622395833314	116.38434025776817
10.049622395833314	117.55798025776821
10.149622395833314	118.73162025776813
10.249622395833313	119.90526025776808
10.349622395833313	121.07890025776813
10.449622395833313	122.25254025776832
10.549622395833312	123.42618025776831
10.649622395833312	124.5998202577682
10.749622395833311	125.77346025776835
10.849622395833311	126.94710025776826
10.94962239583331	128.12074025776835
11.04962239583331	129.29438025776815
11.14962239583331	130.46802025776836
11.24962239583331	131.47312113381003
11.34962239583331	132.44992113380994
11.449622395833309	133.42672113380976
11.549622395833309	134.40352113380985
11.649622395833308	135.38032113380993
11.749622395833308	136.3571211338099
11.849622395833308	137.33392113380998
11.949622395833307	138.31072113381015
12.049622395833307	139.317009362977
12.149622395833306	140.32340936297686
12.249622395833306	141.32980936297656
12.349622395833306	142.33620936297666
12.449622395833305	143.34260936297667
12.549622395833305	144.3490093629768
12.56	144.45344957131053
1000012.56	144.45344957131053
