-100000	0
0	0
0.0033333333333333335	0.032939609629012344
0.008333333333333333	0.0830148664856066
0.01583333333333333	0.15895300189351244
0.02708333333333333	0.2741715935076038
0.043958333333333335	0.44916073360982084
0.06927083333333334	0.7152844196643584
0.10723958333333333	1.1205244125564158
0.16419270833333333	1.7388813805257062
0.24962239583333334	2.683384353641979
0.3496223958333333	3.8076751937774542
0.4496223958333333	4.946629393438574
0.5496223958333333	6.09643603900386
0.6496223958333333	7.254351359293562
0.7496223958333332	8.418267602618409
0.8496223958333332	9.58648612939756
0.9496223958333332	10.757614686721231
1.0496223958333333	11.930459873250792
1.1496223958333334	13.104010189402993
1.2496223958333335	14.27765018940305
1.3496223958333335	15.451290189403087
1.4496223958333336	16.62493018940311
1.5496223958333337	17.7985701894031
1.6496223958333338	18.972210189403103
1.749622395833334	20.145850189403113
1.849622395833334	21.319490189403215
1.949622395833334	22.49313018940322
2.049622395833334	23.666770189403206
2.149622395833334	24.84041018940324
2.249622395833334	26.014050189403253
2.349622395833334	27.187690189403273
2.4496223958333343	28.361330189403287
2.5496223958333344	29.534970189403293
2.6496223958333345	30.70861018940332
2.7496223958333346	31.88225018940333
2.8496223958333347	33.0558901894034
2.9496223958333347	34.22953018940337
3.049622395833335	35.4031701894034
3.149622395833335	36.576810189403375
3.249622395833335	37.75045018940342
3.349622395833335	38.9240901894034
3.449622395833335	40.09773018940342
3.5496223958333353	41.271370189403505
3.6496223958333354	42.44501018940348
3.7496223958333355	43.61865018940355
3.8496223958333355	44.79229018940351
3.9496223958333356	45.96593018940354
4.049622395833335	47.13957018940349
4.149622395833335	48.31321018940344
4.249622395833335	49.486850189403576
4.349622395833334	50.660490189403646
4.449622395833334	51.83413018940354
4.5496223958333335	53.00777018940362
4.649622395833333	54.18141018940362
4.749622395833333	55.35505018940371
4.849622395833332	56.52869018940358
4.949622395833332	57.702330189403696
5.049622395833332	58.875970189403745
5.149622395833331	60.04961018940359
5.249622395833331	61.22325018940368
5.349622395833331	62.39689018940362
5.44962239583333	63.57053018940372
5.54962239583333	64.74417018940366
5.64962239583333	65.91781018940381
5.749622395833329	67.0914501894038
5.849622395833329	68.26509018940372
5.9496223958333285	69.43873018940376
6.049622395833328	70.61237018940369
6.149622395833328	71.78601018940373
6.2496223958333275	72.95965018940373
6.349622395833327	74.13329018940384
6.449622395833327	75.30693018940383
6.549622395833326	76.48057018940388
6.649622395833326	77.65421018940368
6.749622395833326	78.82785018940386
6.849622395833325	80.00149018940373
6.949622395833325	81.17513018940384
7.049622395833325	82.34877018940387
7.149622395833324	83.52241018940394
7.249622395833324	84.6960501894039
7.3496223958333236	85.86969018940393
7.449622395833323	87.0433301894037
7.549622395833323	88.2169701894034
7.6496223958333225	89.39061018940322
7.749622395833322	90.56425018940277
7.849622395833322	91.73789018940234
7.949622395833321	92.91153018940199
8.049622395833321	94.08517018940141
8.14962239583332	95.2588101894011
8.24962239583332	96.43245018940068
8.34962239583332	97.60609018940035
8.44962239583332	98.77973018940001
8.54962239583332	99.95337018939973
8.649622395833319	101.12701018939946
8.749622395833319	102.30065018939936
8.849622395833318	103.47429018939918
8.949622395833318	104.64793018939898
9.049622395833318	105.82157018939895
9.149622395833317	106.99521018939888
9.249622395833317	108.16885018939881
9.349622395833316	109.34249018939886
9.449622395833316	110.51613018939885
9.549622395833316	111.68977018939871
9.649622395833315	112.86341018939888
9.749622395833315	114.0370501893989
9.849622395833315	115.21069018939887
9.949622395833314	116.38433018939891
10.049622395833314	117.55797018939884
10.149622395833314	118.731610189399
10.249622395833313	119.90525018939898
10.349622395833313	121.07889018939888
10.449622395833313	122.25253018939904
10.549622395833312	123.42617018939902
10.649622395833312	124.59981018939894
10.749622395833311	125.77345018939901
10.849622395833311	126.94709018939912
10.94962239583331	128.1207301893989
11.04962239583331	129.29437018939896
11.14962239583331	130.468010189399
11.24962239583331	131.4731110654408
11.34962239583331	132.44991106544077
11.449622395833309	133.42671106544088
11.549622395833309	134.4035110654408
11.649622395833308	135.38031106544088
11.749622395833308	136.3571110654408
11.849622395833308	137.33391106544067
11.949622395833307	138.31071106544087
12.049622395833307	139.31699929460757
12.149622395833306	140.32339929460747
12.249622395833306	141.3297992946075
12.349622395833306	142.33619929460755
12.449622395833305	143.34259929460748
12.549622395833305	144.3489992946074
12.56	144.4534395029411
1000012.56	144.4534395029411
