-100000	0
0	0
0.0033333333333333335	0.0329395071810026
0.008333333333333333	0.08301461242918969
0.01583333333333333	0.1589525240076069
0.02708333333333333	0.2741707879720338
0.043958333333333335	0.4491594545595737
0.06927083333333334	0.7152824669428597
0.10723958333333333	1.1205215275145215
0.16419270833333333	1.7388772499992935
0.24962239583333334	2.6833786675295834
0.3496223958333333	3.8076680935915417
0.4496223958333333	4.946621232568948
0.5496223958333333	6.096427120060659
0.6496223958333333	7.254341917278286
0.7496223958333332	8.4182578294966
0.8496223958333332	9.586476169194851
0.9496223958333332	10.757604634033866
1.0496223958333333	11.930449794516825
1.1496223958333334	13.104000107575407
1.2496223958333335	14.277640107575433
1.3496223958333335	15.451280107575446
1.4496223958333336	16.624920107575456
1.5496223958333337	17.798560107575458
1.6496223958333338	18.972200107575514
1.749622395833334	20.14584010757552
1.849622395833334	21.319480107575533
1.949622395833334	22.49312010757556
2.049622395833334	23.666760107575563
2.149622395833334	24.840400107575622
2.249622395833334	26.01404010757564
2.349622395833334	27.18768010757566
2.4496223958333343	28.361320107575686
2.5496223958333344	29.534960107575706
2.6496223958333345	30.7086001075757
2.7496223958333346	31.88224010757575
2.8496223958333347	33.055880107575746
2.9496223958333347	34.229520107575816
3.049622395833335	35.4031601075758
3.149622395833335	36.576800107575835
3.249622395833335	37.75044010757582
3.349622395833335	38.92408010757588
3.449622395833335	40.09772010757583
3.5496223958333353	41.27136010757591
3.6496223958333354	42.445000107575815
3.7496223958333355	43.61864010757586
3.8496223958333355	44.792280107575905
3.9496223958333356	45.96592010757598
4.049622395833335	47.13956010757591
4.149622395833335	48.31320010757598
4.249622395833335	49.48684010757598
4.349622395833334	50.66048010757606
4.449622395833334	51.834120107576084
4.5496223958333335	53.007760107576104
4.649622395833333	54.181400107576124
4.749622395833333	55.355040107576116
4.849622395833332	56.52868010757608
4.949622395833332	57.70232010757622
5.049622395833332	58.87596010757626
5.149622395833331	60.0496001075762
5.249622395833331	61.223240107576224
5.349622395833331	62.39688010757627
5.44962239583333	63.57052010757619
5.54962239583333	64.74416010757629
5.64962239583333	65.91780010757626
5.749622395833329	67.09144010757626
5.849622395833329	68.26508010757635
5.9496223958333285	69.43872010757634
6.049622395833328	70.61236010757624
6.149622395833328	71.7860001075764
6.2496223958333275	72.95964010757638
6.349622395833327	74.13328010757621
6.449622395833327	75.30692010757619
6.549622395833326	76.48056010757635
6.649622395833326	77.65420010757627
6.749622395833326	78.82784010757626
6.849622395833325	80.00148010757628
6.949622395833325	81.17512010757643
7.049622395833325	82.34876010757627
7.149622395833324	83.5224001075764
7.249622395833324	84.69604010757651
7.3496223958333236	85.86968010757631
7.449622395833323	87.04332010757619
7.549622395833323	88.21696010757621
7.6496223958333225	89.39060010757582
7.749622395833322	90.56424010757536
7.849622395833322	91.73788010757512
7.949622395833321	92.9115201075746
8.049622395833321	94.08516010757408
8.14962239583332	95.25880010757365
8.24962239583332	96.43244010757326
8.34962239583332	97.60608010757292
8.44962239583332	98.77972010757266
8.54962239583332	99.95336010757241
8.649622395833319	101.12700010757214
8.749622395833319	102.30064010757202
8.849622395833318	103.4742801075717
8.949622395833318	104.64792010757158
9.049622395833318	105.8215601075715
9.149622395833317	106.99520010757148
9.249622395833317	108.1688401075715
9.349622395833316	109.34248010757166
9.449622395833316	110.51612010757161
9.549622395833316	111.68976010757136
9.649622395833315	112.86340010757145
9.749622395833315	114.03704010757168
9.849622395833315	115.21068010757152
9.949622395833314	116.38432010757164
10.049622395833314	117.55796010757169
10.149622395833314	118.73160010757157
10.249622395833313	119.90524010757179
10.349622395833313	121.07888010757163
10.449622395833313	122.25252010757168
10.549622395833312	123.42616010757168
10.649622395833312	124.59980010757168
10.749622395833311	125.77344010757176
10.849622395833311	126.94708010757176
10.94962239583331	128.12072010757169
11.04962239583331	129.2943601075718
11.14962239583331	130.46800010757175
11.24962239583331	131.47310098361365
11.34962239583331	132.44990098361342
11.449622395833309	133.4267009836136
11.549622395833309	134.40350098361353
11.649622395833308	135.38030098361352
11.749622395833308	136.35710098361338
11.849622395833308	137.33390098361363
11.949622395833307	138.3107009836137
12.049622395833307	139.31698921278004
12.149622395833306	140.32338921278028
12.249622395833306	141.32978921278027
12.349622395833306	142.33618921278023
12.449622395833305	143.34258921278038
12.549622395833305	144.3489892127802
12.56	144.45342942111378
1000012.56	144.45342942111378
