-100000	0
0	0
0.0033333333333333335	0.03293940472968351
0.008333333333333333	0.08301435833952976
0.01583333333333333	0.15895204601457752
0.02708333333333333	0.27416998219811567
0.043958333333333335	0.449158175064752
0.06927083333333334	0.7152805134614233
0.10723958333333333	1.1205186406687206
0.16419270833333333	1.7388731165096587
0.24962239583333334	2.683372977447156
0.3496223958333333	3.807660987607828
0.4496223958333333	4.94661306381793
0.5496223958333333	6.096418191813591
0.6496223958333333	7.254332464581037
0.7496223958333332	8.418248045057643
0.8496223958333332	9.586466196578115
0.9496223958333332	10.75759456818241
1.0496223958333333	11.930439702398518
1.1496223958333334	13.1039900122898
1.2496223958333335	14.27763001228981
1.3496223958333335	15.451270012289838
1.4496223958333336	16.62491001228984
1.5496223958333337	17.79855001228983
1.6496223958333338	18.972190012289886
1.749622395833334	20.145830012289924
1.849622395833334	21.319470012289905
1.949622395833334	22.493110012289883
2.049622395833334	23.666750012289906
2.149622395833334	24.84039001228995
2.249622395833334	26.014030012289897
2.349622395833334	27.187670012289978
2.4496223958333343	28.361310012289984
2.5496223958333344	29.534950012290004
2.6496223958333345	30.708590012290017
2.7496223958333346	31.882230012289988
2.8496223958333347	33.05587001229003
2.9496223958333347	34.22951001229004
3.049622395833335	35.40315001229
3.149622395833335	36.57679001228998
3.249622395833335	37.750430012289996
3.349622395833335	38.92407001229003
3.449622395833335	40.09771001229008
3.5496223958333353	41.27135001229011
3.6496223958333354	42.44499001229009
3.7496223958333355	43.61863001229008
3.8496223958333355	44.79227001229008
3.9496223958333356	45.96591001229002
4.049622395833335	47.13955001229009
4.149622395833335	48.31319001229009
4.249622395833335	49.486830012290106
4.349622395833334	50.66047001229014
4.449622395833334	51.83411001229011
4.5496223958333335	53.00775001229007
4.649622395833333	54.18139001229014
4.749622395833333	55.35503001229009
4.849622395833332	56.52867001229014
4.949622395833332	57.70231001229009
5.049622395833332	58.87595001229003
5.149622395833331	60.049590012290004
5.249622395833331	61.22323001229005
5.349622395833331	62.396870012290066
5.44962239583333	63.57051001229
5.54962239583333	64.74415001229006
5.64962239583333	65.91779001229011
5.749622395833329	67.09143001229022
5.849622395833329	68.2650700122902
5.9496223958333285	69.43871001229009
6.049622395833328	70.61235001229014
6.149622395833328	71.78599001229009
6.2496223958333275	72.95963001229013
6.349622395833327	74.13327001229038
6.449622395833327	75.30691001229039
6.549622395833326	76.48055001229027
6.649622395833326	77.6541900122903
6.749622395833326	78.8278300122903
6.849622395833325	80.00147001229034
6.949622395833325	81.17511001229029
7.049622395833325	82.34875001229025
7.149622395833324	83.52239001229046
7.249622395833324	84.69603001229031
7.3496223958333236	85.86967001229038
7.449622395833323	87.04331001229019
7.549622395833323	88.21695001229007
7.6496223958333225	89.39059001228988
7.749622395833322	90.56423001228954
7.849622395833322	91.73787001228919
7.949622395833321	92.91151001228866
8.049622395833321	94.0851500122881
8.14962239583332	95.25879001228766
8.24962239583332	96.43243001228731
8.34962239583332	97.60607001228699
8.44962239583332	98.77971001228671
8.54962239583332	99.9533500122863
8.649622395833319	101.12699001228599
8.749622395833319	102.30063001228588
8.849622395833318	103.47427001228574
8.949622395833318	104.64791001228552
9.049622395833318	105.82155001228541
9.149622395833317	106.99519001228546
9.249622395833317	108.16883001228544
9.349622395833316	109.34247001228545
9.449622395833316	110.51611001228537
9.549622395833316	111.6897500122853
9.649622395833315	112.8633900122854
9.749622395833315	114.03703001228543
9.849622395833315	115.21067001228543
9.949622395833314	116.38431001228548
10.049622395833314	117.55795001228552
10.149622395833314	118.73159001228548
10.249622395833313	119.90523001228553
10.349622395833313	121.07887001228546
10.449622395833313	122.2525100122854
10.549622395833312	123.42615001228556
10.649622395833312	124.59979001228555
10.749622395833311	125.77343001228556
10.849622395833311	126.94707001228552
10.94962239583331	128.12071001228543
11.04962239583331	129.2943500122856
11.14962239583331	130.46799001228564
11.24962239583331	131.47309088832714
11.34962239583331	132.44989088832722
11.449622395833309	133.4266908883274
11.549622395833309	134.40349088832747
11.649622395833308	135.38029088832735
11.749622395833308	136.35709088832718
11.849622395833308	137.33389088832735
11.949622395833307	138.3106908883274
12.049622395833307	139.31697911749384
12.149622395833306	140.32337911749391
12.249622395833306	141.32977911749416
12.349622395833306	142.33617911749383
12.449622395833305	143.34257911749395
12.549622395833305	144.3489791174941
12.56	144.45341932582784
1000012.56	144.45341932582784
