-100000	0
0	0
0.0033333333333333335	0.03293930227505543
0.008333333333333333	0.0830141042166261
0.01583333333333333	0.1589515679144229
0.02708333333333333	0.2741691761858452
0.043958333333333335	0.44915689512534973
0.06927083333333334	0.7152785592200415
0.10723958333333333	1.1205157520190048
0.16419270833333333	1.7388689800567987
0.24962239583333334	2.683367283394688
0.3496223958333333	3.8076538758262903
0.4496223958333333	4.946604887185465
0.5496223958333333	6.096409254262628
0.6496223958333333	7.254323001201845
0.7496223958333332	8.418238249301506
0.8496223958333332	9.586456211547295
0.9496223958333332	10.757584489166868
1.0496223958333333	11.930429596895872
1.1496223958333334	13.103979903546223
1.2496223958333335	14.277619903546277
1.3496223958333335	15.45125990354627
1.4496223958333336	16.62489990354627
1.5496223958333337	17.798539903546313
1.6496223958333338	18.972179903546333
1.749622395833334	20.145819903546332
1.849622395833334	21.319459903546367
1.949622395833334	22.493099903546405
2.049622395833334	23.666739903546443
2.149622395833334	24.84037990354637
2.249622395833334	26.014019903546487
2.349622395833334	27.18765990354643
2.4496223958333343	28.361299903546424
2.5496223958333344	29.53493990354644
2.6496223958333345	30.70857990354654
2.7496223958333346	31.88221990354652
2.8496223958333347	33.05585990354652
2.9496223958333347	34.22949990354651
3.049622395833335	35.4031399035466
3.149622395833335	36.576779903546544
3.249622395833335	37.75041990354658
3.349622395833335	38.92405990354658
3.449622395833335	40.09769990354659
3.5496223958333353	41.271339903546576
3.6496223958333354	42.44497990354666
3.7496223958333355	43.61861990354665
3.8496223958333355	44.79225990354671
3.9496223958333356	45.965899903546706
4.049622395833335	47.13953990354665
4.149622395833335	48.31317990354671
4.249622395833335	49.48681990354663
4.349622395833334	50.66045990354676
4.449622395833334	51.83409990354675
4.5496223958333335	53.00773990354669
4.649622395833333	54.18137990354666
4.749622395833333	55.35501990354679
4.849622395833332	56.528659903546846
4.949622395833332	57.70229990354685
5.049622395833332	58.87593990354681
5.149622395833331	60.04957990354681
5.249622395833331	61.223219903547026
5.349622395833331	62.39685990354687
5.44962239583333	63.57049990354682
5.54962239583333	64.74413990354684
5.64962239583333	65.91777990354689
5.749622395833329	67.091419903547
5.849622395833329	68.26505990354698
5.9496223958333285	69.43869990354699
6.049622395833328	70.61233990354697
6.149622395833328	71.78597990354693
6.2496223958333275	72.95961990354695
6.349622395833327	74.13325990354696
6.449622395833327	75.30689990354682
6.549622395833326	76.48053990354703
6.649622395833326	77.6541799035468
6.749622395833326	78.82781990354678
6.849622395833325	80.00145990354697
6.949622395833325	81.17509990354688
7.049622395833325	82.34873990354701
7.149622395833324	83.52237990354692
7.249622395833324	84.69601990354721
7.3496223958333236	85.86965990354703
7.449622395833323	87.0432999035471
7.549622395833323	88.21693990354692
7.6496223958333225	89.39057990354667
7.749622395833322	90.56421990354632
7.849622395833322	91.73785990354605
7.949622395833321	92.91149990354556
8.049622395833321	94.08513990354515
8.14962239583332	95.2587799035447
8.24962239583332	96.43241990354437
8.34962239583332	97.60605990354388
8.44962239583332	98.77969990354349
8.54962239583332	99.95333990354332
8.649622395833319	101.12697990354296
8.749622395833319	102.30061990354287
8.849622395833318	103.4742599035427
8.949622395833318	104.64789990354244
9.049622395833318	105.82153990354234
9.149622395833317	106.99517990354246
9.249622395833317	108.16881990354248
9.349622395833316	109.34245990354246
9.449622395833316	110.51609990354248
9.549622395833316	111.68973990354264
9.649622395833315	112.86337990354254
9.749622395833315	114.03701990354236
9.849622395833315	115.2106599035426
9.949622395833314	116.38429990354247
10.049622395833314	117.55793990354255
10.149622395833314	118.73157990354242
10.249622395833313	119.9052199035426
10.349622395833313	121.07885990354258
10.449622395833313	122.25249990354246
10.549622395833312	123.42613990354259
10.649622395833312	124.59977990354255
10.749622395833311	125.77341990354229
10.849622395833311	126.9470599035425
10.94962239583331	128.12069990354254
11.04962239583331	129.29433990354258
11.14962239583331	130.46797990354256
11.24962239583331	131.47308077958434
11.34962239583331	132.4498807795843
11.449622395833309	133.42668077958436
11.549622395833309	134.40348077958447
11.649622395833308	135.3802807795844
11.749622395833308	136.3570807795845
11.849622395833308	137.33388077958435
11.949622395833307	138.31068077958446
12.049622395833307	139.31696900875136
12.149622395833306	140.32336900875097
12.249622395833306	141.3297690087513
12.349622395833306	142.33616900875106
12.449622395833305	143.342569008751
12.549622395833305	144.3489690087511
12.649622395833305	144.4534092170845
12.749622395833304	144.4534092170845
12.849622395833304	144.4534092170845
12.949622395833304	144.4534092170845
13.049622395833303	144.4534092170845
13.149622395833303	144.4534092170845
13.249622395833303	144.4534092170845
13.349622395833302	144.4534092170845
13.449622395833302	144.4534092170845
13.549622395833302	144.4534092170845
13.649622395833301	144.4534092170845
13.7496223958333	144.4534092170845
13.8496223958333	144.4534092170845
13.9496223958333	144.4534092170845
14.0496223958333	144.4534092170845
14.1496223958333	144.4534092170845
14.249622395833299	144.4534092170845
14.349622395833299	144.4534092170845
14.449622395833298	144.4534092170845
14.549622395833298	144.4534092170845
14.649622395833298	144.4534092170845
14.749622395833297	144.4534092170845
14.849622395833297	144.4534092170845
14.949622395833297	144.4534092170845
15.049622395833296	144.4534092170845
15.149622395833296	144.4534092170845
15.249622395833295	144.4534092170845
15.349622395833295	144.4534092170845
15.449622395833295	144.4534092170845
15.549622395833294	144.4534092170845
15.649622395833294	144.4534092170845
15.749622395833294	144.4534092170845
15.849622395833293	144.4534092170845
15.949622395833293	144.4534092170845
16.049622395833293	144.4534092170845
16.149622395833294	144.4534092170845
16.249622395833295	144.4534092170845
16.349622395833297	144.4534092170845
16.4496223958333	144.4534092170845
16.5496223958333	144.4534092170845
16.6496223958333	144.4534092170845
16.749622395833303	144.4534092170845
16.849622395833304	144.4534092170845
16.949622395833305	144.4534092170845
17.049622395833307	144.4534092170845
17.14962239583331	144.4534092170845
17.24962239583331	144.4534092170845
17.34962239583331	144.4534092170845
17.449622395833313	144.4534092170845
17.549622395833314	144.4534092170845
17.649622395833315	144.4534092170845
17.749622395833317	144.4534092170845
17.849622395833318	144.4534092170845
17.94962239583332	144.4534092170845
18.04962239583332	144.4534092170845
18.149622395833322	144.4534092170845
18.249622395833324	144.4534092170845
18.349622395833325	144.4534092170845
18.449622395833327	144.4534092170845
18.549622395833328	144.4534092170845
18.64962239583333	144.4534092170845
18.74962239583333	144.4534092170845
18.849622395833332	144.4534092170845
18.949622395833334	144.4534092170845
19.049622395833335	144.4534092170845
19.149622395833337	144.4534092170845
19.249622395833338	144.4534092170845
19.34962239583334	144.4534092170845
19.44962239583334	144.4534092170845
19.549622395833342	144.4534092170845
19.649622395833344	144.4534092170845
19.749622395833345	144.4534092170845
19.849622395833347	144.4534092170845
19.949622395833348	144.4534092170845
20.04962239583335	144.4534092170845
20.14962239583335	144.4534092170845
20.249622395833352	144.4534092170845
20.349622395833354	144.4534092170845
20.449622395833355	144.4534092170845
20.549622395833357	144.4534092170845
20.649622395833358	144.4534092170845
20.74962239583336	144.4534092170845
20.84962239583336	144.4534092170845
20.949622395833362	144.4534092170845
21.049622395833364	144.4534092170845
21.149622395833365	144.4534092170845
21.249622395833367	144.4534092170845
21.349622395833368	144.4534092170845
21.44962239583337	144.4534092170845
21.54962239583337	144.4534092170845
21.649622395833372	144.4534092170845
21.749622395833374	144.4534092170845
21.849622395833375	144.4534092170845
21.949622395833376	144.4534092170845
22.049622395833378	144.4534092170845
22.14962239583338	144.4534092170845
22.24962239583338	144.4534092170845
22.349622395833382	144.4534092170845
22.449622395833384	144.4534092170845
22.549622395833385	144.4534092170845
22.649622395833386	144.4534092170845
22.749622395833388	144.4534092170845
22.84962239583339	144.4534092170845
22.94962239583339	144.4534092170845
23.049622395833392	144.4534092170845
23.149622395833394	144.4534092170845
23.249622395833395	144.4534092170845
23.349622395833396	144.4534092170845
23.449622395833398	144.4534092170845
23.5496223958334	144.4534092170845
23.6496223958334	144.4534092170845
23.749622395833402	144.4534092170845
23.849622395833403	144.4534092170845
23.949622395833405	144.4534092170845
24.049622395833406	144.4534092170845
24.149622395833408	144.4534092170845
24.24962239583341	144.4534092170845
24.34962239583341	144.4534092170845
24.449622395833412	144.4534092170845
24.549622395833413	144.4534092170845
24.649622395833415	144.49849985380385
24.749622395833416	144.55036985380391
24.849622395833418	144.60223985380372
24.94962239583342	144.6541098538036
25.04962239583342	144.70597985380354
25.149622395833422	144.75784985380355
25.20122834645669	144.78429928873828
1000025.2012283464	144.78429928873828
