-100000	0
0	0
0.0033333333333333335	0.03293909735587101
0.008333333333333333	0.08301359587109075
0.01583333333333333	0.15895061139274066
0.02708333333333333	0.27416756344625665
0.043958333333333335	0.44915433391281306
0.06927083333333334	0.7152746484574566
0.10723958333333333	1.1205099693078666
0.16419270833333333	1.7388606982614345
0.24962239583333334	2.6833558833796025
0.3496223958333333	3.8076396348697745
0.4496223958333333	4.946588510276403
0.5496223958333333	6.096391351249109
0.6496223958333333	7.2543040423975444
0.7496223958333332	8.41821862383769
0.8496223958333332	9.58643620424346
0.9496223958333332	10.757564291896013
1.0496223958333333	11.930409345737663
1.1496223958333334	13.103959645684979
1.2496223958333335	14.27759964568504
1.3496223958333335	15.45123964568504
1.4496223958333336	16.62487964568506
1.5496223958333337	17.798519645685094
1.6496223958333338	18.97215964568513
1.749622395833334	20.14579964568516
1.849622395833334	21.319439645685154
1.949622395833334	22.493079645685164
2.049622395833334	23.666719645685184
2.149622395833334	24.84035964568526
2.249622395833334	26.013999645685264
2.349622395833334	27.18763964568529
2.4496223958333343	28.36127964568524
2.5496223958333344	29.53491964568534
2.6496223958333345	30.70855964568532
2.7496223958333346	31.882199645685347
2.8496223958333347	33.055839645685396
2.9496223958333347	34.22947964568535
3.049622395833335	35.40311964568537
3.149622395833335	36.57675964568539
3.249622395833335	37.750399645685505
3.349622395833335	38.924039645685454
3.449622395833335	40.097679645685425
3.5496223958333353	41.27131964568554
3.6496223958333354	42.444959645685536
3.7496223958333355	43.618599645685514
3.8496223958333355	44.792239645685484
3.9496223958333356	45.96587964568553
4.049622395833335	47.13951964568547
4.149622395833335	48.31315964568564
4.249622395833335	49.486799645685636
4.349622395833334	50.66043964568553
4.449622395833334	51.83407964568559
4.5496223958333335	53.007719645685675
4.649622395833333	54.18135964568549
4.749622395833333	55.35499964568564
4.849622395833332	56.52863964568565
4.949622395833332	57.70227964568564
5.049622395833332	58.8759196456857
5.149622395833331	60.04955964568574
5.249622395833331	61.223199645685725
5.349622395833331	62.39683964568573
5.44962239583333	63.570479645685836
5.54962239583333	64.74411964568579
5.64962239583333	65.91775964568586
5.749622395833329	67.0913996456857
5.849622395833329	68.26503964568565
5.9496223958333285	69.43867964568585
6.049622395833328	70.61231964568586
6.149622395833328	71.78595964568584
6.2496223958333275	72.9595996456859
6.349622395833327	74.13323964568586
6.449622395833327	75.30687964568583
6.549622395833326	76.48051964568577
6.649622395833326	77.65415964568595
6.749622395833326	78.82779964568589
6.849622395833325	80.00143964568588
6.949622395833325	81.17507964568598
7.049622395833325	82.3487196456859
7.149622395833324	83.52235964568588
7.249622395833324	84.69599964568589
7.3496223958333236	85.86963964568592
7.449622395833323	87.04327964568584
7.549622395833323	88.21691964568589
7.6496223958333225	89.39055964568576
7.749622395833322	90.56419964568556
7.849622395833322	91.73783964568516
7.949622395833321	92.91147964568472
8.049622395833321	94.08511964568429
8.14962239583332	95.25875964568372
8.24962239583332	96.4323996456835
8.34962239583332	97.606039645683
8.44962239583332	98.7796796456827
8.54962239583332	99.9533196456826
8.649622395833319	101.12695964568212
8.749622395833319	102.30059964568186
8.849622395833318	103.47423964568189
8.949622395833318	104.64787964568171
9.049622395833318	105.82151964568165
9.149622395833317	106.99515964568147
9.249622395833317	108.16879964568159
9.349622395833316	109.34243964568145
9.449622395833316	110.51607964568153
9.549622395833316	111.68971964568163
9.649622395833315	112.8633596456814
9.749622395833315	114.03699964568139
9.849622395833315	115.21063964568167
9.949622395833314	116.38427964568157
10.049622395833314	117.55791964568162
10.149622395833314	118.73155964568163
10.249622395833313	119.90519964568158
10.349622395833313	121.07883964568163
10.449622395833313	122.25247964568163
10.549622395833312	123.42611964568142
10.649622395833312	124.59975964568162
10.749622395833311	125.7733996456816
10.849622395833311	126.9470396456815
10.94962239583331	128.12067964568146
11.04962239583331	129.29431964568164
11.14962239583331	130.46795964568156
11.24962239583331	131.47306052172323
11.34962239583331	132.4498605217235
11.449622395833309	133.4266605217235
11.549622395833309	134.40346052172347
11.649622395833308	135.3802605217235
11.749622395833308	136.3570605217235
11.849622395833308	137.33386052172344
11.949622395833307	138.31066052172358
12.049622395833307	139.3169487508903
12.149622395833306	140.32334875089018
12.249622395833306	141.32974875089013
12.349622395833306	142.33614875089023
12.449622395833305	143.34254875089024
12.549622395833305	144.34894875089017
12.649622395833305	144.453388959224
12.749622395833304	144.453388959224
12.849622395833304	144.453388959224
12.949622395833304	144.453388959224
13.049622395833303	144.453388959224
13.149622395833303	144.453388959224
13.249622395833303	144.453388959224
13.349622395833302	144.453388959224
13.449622395833302	144.453388959224
13.549622395833302	144.453388959224
13.649622395833301	144.453388959224
13.7496223958333	144.453388959224
13.8496223958333	144.453388959224
13.9496223958333	144.453388959224
14.0496223958333	144.453388959224
14.1496223958333	144.453388959224
14.249622395833299	144.453388959224
14.349622395833299	144.453388959224
14.449622395833298	144.453388959224
14.549622395833298	144.453388959224
14.649622395833298	144.453388959224
14.749622395833297	144.453388959224
14.849622395833297	144.453388959224
14.949622395833297	144.453388959224
15.049622395833296	144.453388959224
15.149622395833296	144.453388959224
15.249622395833295	144.453388959224
15.349622395833295	144.453388959224
15.449622395833295	144.453388959224
15.549622395833294	144.453388959224
15.649622395833294	144.453388959224
15.749622395833294	144.453388959224
15.849622395833293	144.453388959224
15.949622395833293	144.453388959224
16.049622395833293	144.453388959224
16.149622395833294	144.453388959224
16.249622395833295	144.453388959224
16.349622395833297	144.453388959224
16.4496223958333	144.453388959224
16.5496223958333	144.453388959224
16.6496223958333	144.453388959224
16.749622395833303	144.453388959224
16.849622395833304	144.453388959224
16.949622395833305	144.453388959224
17.049622395833307	144.453388959224
17.14962239583331	144.453388959224
17.24962239583331	144.453388959224
17.34962239583331	144.453388959224
17.449622395833313	144.453388959224
17.549622395833314	144.453388959224
17.649622395833315	144.453388959224
17.749622395833317	144.453388959224
17.849622395833318	144.453388959224
17.94962239583332	144.453388959224
18.04962239583332	144.453388959224
18.149622395833322	144.453388959224
18.249622395833324	144.453388959224
18.349622395833325	144.453388959224
18.449622395833327	144.453388959224
18.549622395833328	144.453388959224
18.64962239583333	144.453388959224
18.74962239583333	144.453388959224
18.849622395833332	144.453388959224
18.949622395833334	144.453388959224
19.049622395833335	144.453388959224
19.149622395833337	144.453388959224
19.249622395833338	144.453388959224
19.34962239583334	144.453388959224
19.44962239583334	144.453388959224
19.549622395833342	144.453388959224
19.649622395833344	144.453388959224
19.749622395833345	144.453388959224
19.849622395833347	144.453388959224
19.949622395833348	144.453388959224
20.04962239583335	144.453388959224
20.14962239583335	144.453388959224
20.249622395833352	144.453388959224
20.349622395833354	144.453388959224
20.449622395833355	144.453388959224
20.549622395833357	144.453388959224
20.649622395833358	144.453388959224
20.74962239583336	144.453388959224
20.84962239583336	144.453388959224
20.949622395833362	144.453388959224
21.049622395833364	144.453388959224
21.149622395833365	144.453388959224
21.249622395833367	144.453388959224
21.349622395833368	144.453388959224
21.44962239583337	144.453388959224
21.54962239583337	144.453388959224
21.649622395833372	144.453388959224
21.749622395833374	144.453388959224
21.849622395833375	144.453388959224
21.949622395833376	144.453388959224
22.049622395833378	144.453388959224
22.14962239583338	144.453388959224
22.24962239583338	144.453388959224
22.349622395833382	144.453388959224
22.449622395833384	144.453388959224
22.549622395833385	144.453388959224
22.649622395833386	144.453388959224
22.749622395833388	144.453388959224
22.84962239583339	144.453388959224
22.94962239583339	144.453388959224
23.049622395833392	144.453388959224
23.149622395833394	144.453388959224
23.249622395833395	144.453388959224
23.349622395833396	144.453388959224
23.449622395833398	144.453388959224
23.5496223958334	144.453388959224
23.6496223958334	144.453388959224
23.749622395833402	144.453388959224
23.849622395833403	144.453388959224
23.949622395833405	144.453388959224
24.049622395833406	144.453388959224
24.149622395833408	144.453388959224
24.24962239583341	144.453388959224
24.34962239583341	144.453388959224
24.449622395833412	144.453388959224
24.549622395833413	144.48865817327408
24.649622395833415	144.58707817327408
24.749622395833416	144.6854981732744
24.849622395833418	144.78391817327417
24.94962239583342	144.88233817327392
25.04962239583342	144.98075817327404
25.149622395833422	145.079178173274
25.205889763779528	145.13340957507444
1000025.2058897638	145.13340957507444
