25.273956978489245	0	0	0	8.072173493929235
25.204902451225614	4.093458261029166	1.687273907765318	0.06675938829845138	8.071569412364648
25.135847923961983	184.30525988287496	88.7050340299464	3.5191734688754863	8.040397466111736
25.066793396698348	370.25966434444683	177.6418871135723	7.057421048693602	8.0084616150365
24.997738869434716	561.9217670723209	268.4859787752215	10.681502127752134	7.975759490477308
24.72152076038019	1374.9004183326758	646.672092494772	25.874031493383615	7.8387019634723485
24.65246623311656	1587.0299741712179	743.9274298598118	29.808066875256173	7.803209092186364
24.859629814907453	961.1608399540747	455.3732970965049	18.168090672649004	7.908218051224306
24.44530265132566	2264.25972625428	1047.7658143215747	42.168090765946985	7.691644880257592
24.583411705852924	1802.818688059187	842.2042199301451	33.7945560622217	7.76723784938229
24.37624812406203	2486.773032172317	1144.2842041835916	46.116431731029294	7.655984688295756
24.169084542271136	3086.1976116588703	1394.9158350757505	56.42598869541088	7.562905042510208
24.928684342171085	759.5307308198733	361.34465704258145	14.39618523378695	7.942245390077415
24.3071935967984	2698.2208332226064	1234.2530472022097	49.807272198388844	7.6226502802635405
24.514357178589293	2033.115611657753	945.3636988186746	37.99086046955556	7.729362614569953
24.790575287643822	1166.1303680736069	550.445452180431	21.99244991660269	7.87371858480561
24.100030015007505	3261.68066964156	1465.5646674159077	59.34909619733776	7.536548825548672
24.238139069534768	2898.217632009616	1317.823816054598	53.24538069576124	7.591607146698027
24.030975487743873	3424.554947246272	1529.9207978869392	62.019471729277484	7.512498405719253
23.96192096048024	3573.4736860259623	1587.6753539429099	64.42280970802324	7.490883593315177
23.823811905952976	3827.3792500865616	1683.527264025604	68.42837300593283	7.454954288286989
23.754757378689344	3931.3334268556086	1721.6983786602916	70.03059832509666	7.440631202174354
23.892866433216607	3707.9205617247003	1638.8652158877944	66.55911013357502	7.471703296162187
23.685702851425713	4018.6850457026117	1753.1888896570497	71.35624903559531	7.4288116206719685
23.54759379689845	4116.074411974152	1787.6100676677004	72.81064999495534	7.415894257707267
23.61664832416208	4089.4810642929533	1778.2628863355696	72.41486219289999	7.419400630966361
23.478539269634815	4143.286362032633	1797.154492768513	73.2159748524819	7.412317132252184
23.20232116058029	4256.549386418836	1859.5734194145477	75.88635038442163	7.388963591208962
23.064212106053027	4313.142831734142	1890.2854925662741	77.21200109492028	7.377495309392927
23.13326663331666	4284.5325271382735	1874.8418652684231	76.54440721193535	7.383260243689745
23.340430215107553	4199.464673993809	1828.3446927184577	74.54639409071616	7.400640122972689
23.27137568784392	4227.795742002284	1843.9266211562906	75.2139879737011	7.394812107039543
23.409484742371184	4171.153363291047	1812.7166639006307	73.87880020773123	7.406489110004188
22.995157578789396	4341.345377901199	1905.573037149008	77.8748264501696	7.371792480973884
22.926103051525764	4369.133909159334	1920.705157593478	78.53288327768333	7.366151509608893
22.787993996998498	4424.768267862209	1950.8330730729974	79.84899693271076	7.354932190199277
22.718939469734867	4452.614095306922	1965.8288681080564	80.50705376022448	7.349353887425255
22.85704852426213	4396.941539146339	1935.7918362348062	79.19094010519704	7.360531405144381
22.580830415207604	4515.108292745803	2015.1549575474778	82.68150240766111	7.331016384755125
22.649884942471235	4483.851644661934	1990.5294517086213	81.5942780839428	7.34016998342773
22.304612306153075	4641.19473395281	2113.1199114760075	87.0399367580056	7.294626677066539
22.511775887943973	4546.384039558536	2039.7053856246332	83.76872673137943	7.321893145798138
22.373666833416706	4609.426930873609	2088.6880272331127	85.94794390655167	7.303698194158903
22.44272136068034	4577.678885100137	2064.1807359400864	84.85595105509775	7.312800321077709
22.09744872436218	4736.616687024723	2185.9631219038756	90.31591531236737	7.267596338524794
22.166503251625812	4704.789612028376	2161.757458811382	89.22392246091344	7.276575693738314
22.02839419709855	4768.463519326786	2210.0933779462434	91.40790816382129	7.258647815183209
22.235557778889444	4672.982294337733	2137.4763886687592	88.13192960945952	7.285585825111581
21.890285142571287	4832.216455848007	2258.127668880573	93.59189386672914	7.24084348763777
21.959339669834918	4800.330108934534	2234.1482269384724	92.49990101527521	7.2497301795603075
21.75217608804402	4896.048421592094	2305.860331614366	95.77587956963698	7.223163159497858
21.821230615307655	4864.122560067191	2282.0317037725426	94.68388671818306	7.231987795532674
21.68312156078039	4927.994040422706	2329.6135524060637	96.86787242109091	7.2143696359223455
21.614067033516758	4959.959416559037	2353.2913661476227	97.95986527254483	7.205607281331755
21.406903451725864	5056.607509158873	2424.0775117625067	101.24538088237782	7.179431862011497
21.545012506253126	4991.94455000107	2376.8937728390556	99.05185812399876	7.196876152388721
21.475957978989495	5024.144808141199	2400.52351047006	100.14861950318829	7.188138292161409
21.337848924462232	5089.29224993165	2447.6578561292326	102.34691078930295	7.170719179191701
21.268794397198597	5122.650254960856	2471.3656351178042	103.4579777516993	7.161962925612313
21.130685342671335	5185.511739577444	2517.336604758995	105.62288934366472	7.144994781974814
21.199739869934966	5154.724296278605	2494.5910065585886	104.54997060315323	7.1533884139787745
20.992576288144072	5243.2162948887235	2561.399018668436	107.71150449186044	7.1287466395587735
20.92352176088044	5270.128138286318	2582.721102992327	108.72720089954466	7.1208903366420735
20.85446723361681	5295.093290945735	2603.37440251789	109.71428614081523	7.113284852280105
21.061630815407703	5215.009950549958	2539.6050640264702	106.6767339732338	7.136781153667311
20.57824912456228	5396.296478635146	2685.699143956736	113.68170121683997	7.08301587868659
20.716358179089546	5345.023596264569	2644.476513454898	111.68845662335639	7.098162987898146
20.50919459729865	5423.254422412753	2706.6003976689685	114.69739762452419	7.0753428927558035
20.785412706353178	5320.058443605158	2623.9595393387485	110.70137138208581	7.105709052990434
20.64730365182591	5369.338534857544	2664.7277518092305	112.66600480915575	7.090719367009846
20.232976488244123	5528.443192338527	2788.729541781255	118.7220350333762	7.045240756575975
20.302031015507755	5504.128253745548	2768.883328194014	117.74448684757684	7.052507470489746
20.16392196098049	5552.758130931509	2808.5082512406534	119.69958321917557	7.038003961220408
20.371085542771386	5477.170309967946	2748.192489787608	116.72879043989262	7.06008863642158
20.440140070035017	5450.212366190345	2727.431512945928	115.7130940322084	7.067700461275342
20.094867433716857	5577.073069524495	2828.219456572201	120.67713140497493	7.030797133703705
19.887703851925963	5650.017885303446	2886.948047799745	123.60977596237302	7.00935695261926
19.81864932466233	5674.332823896431	2906.389236619897	124.58732414817239	7.002270491434657
19.956758379189594	5625.702946710465	2867.4393548517455	122.63222777657366	7.0164735798511675
20.025812906453226	5601.388008117476	2847.8631577759024	121.6546795907743	7.023620323414782
19.611485742871437	5747.2776396753225	2964.3077783132667	127.51996870557048	6.981192602964714
19.7495947973987	5698.6477624894	2925.762921312199	125.56487233397175	6.9952142461224405
19.542431215607802	5772.051705691915	2983.572468535736	128.50228541910394	6.974193309428858
19.68054027013507	5722.962701082367	2945.0691018766547	126.54242051977111	6.988188266617475
19.40432216108054	5822.875997868567	3022.3633039929205	130.490761484846	6.9601174842182125
19.33526763381691	5848.51243905385	3041.7020841117983	131.4873837815848	6.953109082837911
19.47337668834417	5797.239556683274	3002.9557025924723	129.49413918810717	6.967156847198048
18.989994997498748	5981.331099859952	3138.6419631623285	136.5372546535772	6.918070660727767
19.266213106553277	5874.14888023914	3060.972042949115	132.48400607832363	6.946131695398033
19.197158579289646	5900.457268527153	3080.3569234479937	133.49016543053364	6.939118864548693
19.05904952476238	5954.373156082351	3119.2837550261565	135.52155824589602	6.925055075601782
19.128104052026014	5927.415212304752	3099.855408454713	134.50586183821483	6.932071161740879
18.851885942971485	6036.580344390898	3177.509193534935	138.58772157988196	6.90406683055126
18.920940470235116	6008.748829638048	3158.0205871810685	137.557719588994	6.911085311221133
18.782831415707854	6064.859790760808	3197.016569329225	139.62249209850552	6.897048157558893
18.713776888444222	6093.139237130729	3216.4524895345166	140.65726261712908	6.890061823068968
18.57566783391696	6150.158245159495	3255.1988710538267	142.7315721821118	6.876154482857069
18.50661330665333	6179.759194121743	3274.774738841245	143.78541681167772	6.869138406697696
18.64472236118059	6121.418683500649	3235.8169541508164	141.69203313575264	6.883107884139703
18.437558779389693	6209.360143083979	3294.2778338859584	144.83926144124365	6.8621553466822665
18.368504252126062	6238.961092046221	3313.708156187976	145.89310607080958	6.855205362280456
18.29944972486243	6268.562041008438	3333.0657057472886	146.9469507003755	6.8482885131047695
17.95417708854427	6423.187799606675	3430.4926023835865	152.311544402917	6.813585327547363
18.2303951975988	6299.037219522757	3352.6122668645785	148.01510091314822	6.841311358706833
18.023231615807905	6391.804574186361	3411.0691951385816	151.23385713467312	6.820488985313311
18.092286143071536	6360.8821226318205	3391.6576422770054	150.16093839416482	6.827395968295987
18.161340670335168	6329.959671077292	3372.1719995190106	149.08801965365652	6.834336780130983
17.747013506753376	6519.472718295457	3488.9982653450234	155.58275442953342	6.792836780934327
17.88512256128064	6454.984810001746	3450.0128204265843	153.39876872663208	6.8066549060518655
17.608904452226113	6584.635866576187	3527.85067773835	157.77627718790595	6.77909742893346
17.677958979489745	6551.716672442323	3508.377877229049	156.6747472809841	6.785979584463454
17.539849924962482	6618.201323315357	3547.415349719213	158.887344150299	6.772190910004338
17.816068034017007	6487.228764148601	3469.5432464108662	154.49076157808275	6.799728576415133
17.332686343171584	6719.464038404316	3605.8982917790413	162.23485062068488	6.7515953272173395
17.47079539769885	6651.7667800545405	3566.9032974962033	159.99841111269203	6.765319642844562
17.40174087043522	6685.384693008124	3586.3978310417638	161.11424660282066	6.75845433733715
17.263631815907953	6754.009954278097	3625.569323922294	163.36976022175588	6.7446848382397135
16.84930465232616	6968.014804878381	3744.385479721945	170.32227366024966	6.703129215112597
16.918359179589796	6931.486666341736	3724.458590469733	169.14444730955833	6.7100761317417055
17.12552276138069	6824.100585958035	3665.0049061225286	165.65865353484025	6.730856836517802
17.05646823411706	6859.1993458777	3684.68581691866	166.80786871911803	6.723968901297565
17.19457728864432	6789.05527011806	3645.3266296338293	164.51420687829807	6.7377526396807585
16.987413706853427	6895.012630461639	3704.531371929058	167.9713894866026	6.7170322773770055
16.573086543271636	7116.988091989537	3824.2352893319503	175.0908013958421	6.675385627551674
16.7111955977989	7041.179945841647	3784.1556189655344	172.68746341710352	6.689292278669341
16.78025012506253	7004.597375360004	3764.3113811088756	171.5048685386766	6.6961918696546485
16.642141070535267	7079.084018915604	3804.236944490733	173.8891324064728	6.682319769175186
16.504032016008004	7154.892165063462	3844.1506534891896	176.2924703852114	6.668489933991063
16.434977488744373	7192.796238137367	3863.9830369624447	177.4941393745807	6.661632768909278
16.227813906953475	7309.8122138398985	3923.7620582770064	181.1468316200445	6.641024022375964
16.29686843421711	7270.5866381736705	3903.86776857922	179.92608851973284	6.647872423571157
16.36592296148074	7231.361062507438	3883.8891810436935	178.70534541942118	6.654760059368593
15.882541270635317	7510.367349544416	4022.9628316777585	187.31253798216554	6.607032590325353
16.158759379689844	7349.037789506126	3943.5720501370947	182.36757472035617	6.634214939382956
16.02065032516258	7429.273193027287	3983.3230906518306	184.83290355965747	6.620583327288803
16.089704852426213	7388.726114768712	3963.374797651756	183.59308634840343	6.6274187954946235
15.813486743371683	7550.914427802957	4042.6542797036063	188.55235519341957	6.600317495606813
15.744432216108052	7592.338369921038	4062.486333888437	189.80647798788038	6.593565626527444
15.951595797898948	7469.82027128586	4003.185768660498	186.0727207709115	6.613787896601143
15.537268634317156	7717.944112473646	4121.687124722482	193.5831519544696	6.5734785647921585
15.399159579789893	7803.466184940914	4161.0887902145705	196.12477723754037	6.560167922602379
15.606323161580788	7676.075531622773	4102.040459922939	192.3242606322732	6.5801332438682225
15.67537768884442	7634.206950771903	4082.3068629782747	191.0653693100768	6.58682896130262
15.468214107053525	7760.27610149772	4141.32094727332	194.8468118044016	6.56683994503121
15.261050525262629	7889.846351827341	4200.359728200534	198.68070810381792	6.546949339151792
15.330105052526262	7846.656268384131	4180.76838385697	197.40274267067915	6.5535376892725425
15.191995997998998	7933.036435270516	4219.862823245257	199.9586735369567	6.5404029666330095
15.053886943471733	8021.61562718559	4259.110052464389	202.5479840973834	6.527267034435912
14.984832416208102	8066.127213221102	4278.635539122222	203.84502364146454	6.520751014063259
14.777668834417208	8201.589793271105	4337.029244017915	207.75998491238593	6.501342524531682
14.708614307153574	8247.314347297324	4356.337400312946	209.06656151193826	6.494951611009095
14.846723361680839	8155.811136588277	4317.560065681347	206.448639785098	6.507800289056655
15.122941470735366	7977.104041150086	4239.49499935396	201.25094455330225	6.533825801710389
14.639559779889943	8293.03890132351	4375.555331578565	210.3731381114906	6.4886041843994695
14.91577788894447	8110.638799256615	4298.071459327502	205.14206318554568	6.514277838668583
14.570505252626312	8339.370433277765	4394.752846961627	211.6844832387785	6.482277321030359
14.432396198099047	8433.248111619341	4433.014845202637	214.31671054882554	6.469709529027198
14.501450725362679	8386.309272448547	4413.929287885267	213.00059689380203	6.475971405335875
14.363341670835416	8480.133835998875	4451.940697632143	215.62805567611346	6.46351434081824
14.294287143571784	8527.16280084482	4470.775995743811	216.93940080340138	6.45736327319686
14.087123561780889	8671.521212823094	4527.2137273741055	220.9068158794143	6.439020948787697
14.225232616308153	8575.31724231386	4489.725227651748	218.26505151389608	6.451189756709615
13.949014507253624	8769.024294311484	4564.605087010028	223.56765435587488	6.426944796077616
14.15617808904452	8623.419227568496	4508.515083960289	219.5859336966552	6.445083010018826
13.672796398199099	8967.551314197783	4639.011100319643	228.94178511388756	6.40310332243843
13.74185092546273	8917.490125244673	4620.466563890385	227.5922917647149	6.40902117822835
13.603741870935465	9018.296304637013	4657.592846341324	230.3008155185314	6.39719015212796
14.018069034517257	8719.818894758506	4545.888332732641	222.232466589909	6.432981938337105
13.810905452726361	8867.871270005344	4601.894696521563	226.24756694327783	6.414964080094553
13.879959979989993	8818.447782158415	4583.296156790001	224.90761064957636	6.4209316255775954
13.534687343671834	9069.041295076244	4676.080745160879	231.65984592317525	6.3913235691340855
13.39657828914457	9171.363356588005	4712.9679642127485	234.39221231566972	6.379669604177794
13.327523761880938	9223.429849619572	4731.429849246471	235.77031683125594	6.373862934122975
13.465632816408203	9119.981323619448	4694.539337310307	233.0236448555547	6.385483249990882
13.258469234617307	9275.496342651168	4749.796569924363	237.14842134684216	6.368103837476825
13.189414707353675	9328.199219635206	4768.194573002982	238.53606291789956	6.362352874256732
13.120360180090044	9381.36813909983	4786.559647238727	239.92847301669255	6.356630372792072
12.98225112556278	9488.144130347599	4823.126139361245	242.72283026974972	6.34529171604024
13.05130565282641	9434.75613472371	4804.891134054767	241.32565164322114	6.35093675217804
12.844142071035515	9596.877349563281	4859.676825639135	245.54579868922045	6.334033792933851
12.913196598299148	9542.167851347076	4841.38847560729	244.1295459517495	6.339657154651907
12.775087543771884	9651.58684777946	4877.867377007721	246.9620514266914	6.328459925482623
12.706033016508252	9718.620726203024	4899.8589047067735	248.68348993924027	6.321744029503227
12.63697848924462	9807.21074773329	4925.3063144632015	250.6862715881891	6.313996688011065
12.498869434717356	10472.28455064077	5059.579927674324	261.3582366604769	6.273203212201527
12.56792396198099	9915.800746353447	4952.60399589952	252.84641465241248	6.305710022609924
12.360760380190094	11642.144297521394	5277.46909296403	278.839659339263	6.206491051337271
12.29170585292646	12245.647900512728	5387.397095500807	287.7329635661959	6.172567146183274
12.222651325662829	12849.103986616337	5496.652361778208	296.6214992653932	6.138668216553952
12.153596798399198	13452.560072720245	5605.293834424933	305.5100349645905	6.104776287421157
12.015487743871935	14658.703915670369	5820.677773351319	323.28233783524945	6.037032180882275
12.429814907453725	11047.832065661505	5167.875318182303	270.0226515561	6.240132016601861
11.946433216608302	15260.817294142478	5927.363272732484	332.1613364789755	6.003198723165065
11.87737868934467	15863.505380277078	6033.49260395795	341.04510365043717	5.969354893257311
12.084542271135566	14055.951618292203	5713.32151344097	314.3985706637878	6.0708914764328865
11.601160580290143	18260.44789328026	6448.451673645241	376.289292144411	5.835191559598933
11.739269634817406	17062.933697983346	6242.273322027108	358.6743506890275	5.902223404951198
11.670215107553775	17661.690795631584	6345.666595700267	367.48182141671924	5.868701674217503
11.808324162081039	16463.538669294292	6138.215544305292	349.86211143360015	5.935774606271339
11.46305152576288	19456.049612610208	6652.031939561745	393.8899280165876	5.768261919317045
11.532106053026512	18858.567389176802	6550.573235406794	385.0919943443671	5.8017115054596555
11.393996998499247	20053.548530398322	6752.828444686968	402.68309316107246	5.734843217680164
11.255887943971985	21246.635865739227	6952.437492155316	420.25511786683535	5.668100180440565
11.11777888944472	22448.494604562537	7151.112677640668	437.9606613491956	5.60090341252288
11.186833416708351	21842.22494186796	7051.251351652396	429.03397742811336	5.634776725127466
11.324942471235616	20650.41050501214	6852.963409359128	411.4714897778217	5.701455826302139
11.048724362181089	23054.12831194794	7250.3045602538305	446.88257674254226	5.567056329879371
10.910615307653826	24264.124474677777	7446.734986522426	464.7168704737643	5.49942413012468
10.70345172586293	26075.308255521973	7736.4528245928705	491.4396999041836	5.398153328290118
10.979669834917457	23659.126393312643	7348.827658068756	455.7997236081533	5.533235842303865
10.841560780390193	24868.487259308204	7543.974518043119	473.6292488116397	5.465639547004879
10.772506253126561	25472.21507649322	7640.5469112077035	482.53685862177946	5.431882480719715
10.634397198599297	26678.401434550735	7831.743956482068	500.34254118658777	5.364434321007982
10.565342671335666	27280.860304711947	7926.369596457306	509.2406139412563	5.330743823964729
10.427233616808403	28484.510085877417	8113.677086814438	527.027222394943	5.263431901537066
10.496288144072034	27882.685195294114	8020.330403095429	518.1339181681161	5.297082259761445
10.220070035017507	30286.184173036418	8389.736699444495	553.6785239090103	5.1626601167427895
10.358179089544771	29085.70132617019	8206.35992506049	535.9157580940343	5.22981112268956
10.081960980490242	31485.43409589793	8570.465994863303	571.422215613044	5.09563298380229
10.151015507753876	30886.12546568012	8480.431952736175	562.552754024895	5.129130824932071
10.289124562281138	29686.259245460147	8298.379576411558	544.7995252653901	5.1962203738109745
9.598579289644821	35675.70067389632	9187.690811060205	633.9376142262884	4.859934116228253
10.012906453226611	32084.110392979095	8659.839484402884	580.2869086734576	5.062167091137506
9.94385192596298	32682.78669006159	8748.600826753916	589.1516017338711	5.028715541584267
9.736688344172084	34475.02487536837	9010.930099780955	615.7170697486982	4.928559506717328
9.805742871435717	33878.24360196522	8924.145475866097	606.8666822714914	4.961911209386283
9.667633816908452	35071.80614876944	9097.103564372559	624.5674572259051	4.89522410469191
9.874797398699348	33280.83098329426	8836.7026043827	598.011526266549	4.995296736663084
9.529524762381188	36278.964512331055	9277.585234894324	643.3030026989361	4.824650862494932
9.391415707853925	37484.86183179756	9455.388802626812	662.029011116496	4.754068183011986
9.460470235117556	36882.22835076751	9366.8329362547	652.6683911715838	4.789356266325862
9.18425212606303	39290.242491704135	9717.000556169629	690.0917968402903	4.648206711888922
9.322361180590294	38086.86528470898	9543.253492587552	671.3848625336726	4.718786636244028
9.253306653326662	38688.86873762219	9630.472118651636	680.7407139508492	4.683493524115647
9.115197598799398	39891.002912020034	9802.795668356677	699.4333426742602	4.6129443588484795
9.046143071535766	40491.134292083894	9887.90223843976	708.7701199804945	4.577688634435505
8.977088544272133	41091.26567215014	9972.364061779872	718.1068972867289	4.542421411286513
8.76992496248124	42888.51691610606	10221.668989594076	746.0933865667541	4.4366399797605975
8.83897948974487	42289.64262868023	10139.22570432074	736.7661463159909	4.4719061501140445
8.631815907953975	44084.38166308709	10384.49849532801	764.7335614850739	4.366126109145138
8.908034017008502	41690.76834125294	10056.13833088131	727.4389060652277	4.507160576111479
8.700870435217608	43486.763151145555	10303.42636707087	755.4158582897818	4.401379960859974
8.562761380690343	44682.0001750288	10464.92719399595	774.051264680366	4.330860243543182
8.148434217108553	48256.47285117488	10933.152947745188	829.8573447696717	4.119389083510179
8.217488744372185	47661.97230891274	10856.819938551922	820.568252740793	4.154619462284992
8.286543271635816	47066.84568999373	10779.805960888527	811.2743921841787	4.1898557801566305
8.355597798899447	46471.092665130054	10702.11035617797	801.9757630998289	4.22509802703501
8.424652326163079	45875.355346759105	10623.732465843612	792.6723654877435	4.260346193014848
8.493706853426712	45278.99129315521	10544.671631308556	783.3641993479225	4.295600268369439
8.07937968984492	48850.97339343535	11008.844503079716	839.1464367985504	4.084146404222157
8.010325162581289	49444.8481883271	11083.856077809438	848.4307602996936	4.048909356617207
7.941270635317658	50038.09756513958	11158.188330510538	857.7103152731012	4.013677942965544
7.803161580790394	51223.34614118654	11304.855043017127	876.2598881644452	3.943213744910559
7.595997998999499	52998.09586630831	11519.867544594787	904.0604048627835	3.837511949283689
7.665052526263131	52406.72076800776	11448.848921349694	894.7951554725826	3.872752797031765
7.872216108054026	50630.72185316292	11231.841919760533	866.9851017187732	3.9784521654629494
7.734107053526762	51815.3456697071	11377.190490687888	885.5299060823817	3.9079806244684065
7.181670835417708	56535.212476285364	11931.69804492204	959.5374565383353	3.626228949262057
7.3197798899449715	55358.04316500053	11797.080654590838	941.0594115630247	3.6966547263535103
7.5269434717358665	53588.86224088541	11590.17391696907	913.3161171975132	3.8022943433199803
7.388834417208604	54768.52400441299	11728.762196459309	931.8132362837661	3.731874910645443
7.457888944472235	54179.0048438245	11659.805248064959	922.5670610045074	3.767082000129031
7.250725362681339	55946.93921252839	11864.725717886136	950.3008183145478	3.661439412888307
7.1126163081540765	57123.48574004278	11998.032540271965	968.7740947621228	3.5910049486197617
7.043561780890444	57711.13654931615	12063.695287227789	978.0059644581747	3.5557853785578173
6.905452726363181	58885.20896538468	12193.008170264262	996.4553982670719	3.4853593883989764
6.974507253626812	58298.16523339369	12128.686944366222	987.2330656264911	3.520570204024741
6.767343671835917	60058.67463345953	12319.707491043851	1014.895295020498	3.4149134870466766
6.836398199099549	59472.25269737573	12256.692552341603	1005.6777309076527	3.4501344924278063
6.698289144572285	60645.096569543944	12382.08591521323	1024.1128591333459	3.3796778985735334
6.629234617308653	61231.5185056284	12443.827824850363	1033.3304232464109	3.344427262299032
6.49112556278139	62404.37709642207	12565.370818127194	1051.7607829448052	3.2738973371914475
6.283961980990495	64165.77763897265	12742.440072664896	1079.3324103124937	3.168268529392487
6.4220710355177575	62990.82814046652	12625.141277943036	1060.9688100023989	3.238635889130653
6.560180090045022	61817.940441712904	12504.933219955261	1042.5479873594759	3.3091610935569875
6.14585292646323	65344.65073400878	12856.84508067726	1097.6387882897604	3.098065609523481
6.2149074537268625	64754.88471780502	12800.00331214448	1088.4927520927306	3.1331461070103375
6.353016508254126	63577.9679877748	12684.153386507933	1070.1577629490498	3.2034320538128354
6.076798399199599	65935.70133559797	12912.96735399238	1106.7705189035833	3.0630278931863617
6.0077438719359675	66528.02443825122	12968.401085203524	1115.8927124619347	3.028015334487957
5.869634817408703	67716.47487587227	13077.179871123908	1134.1037198844879	2.958086164682108
5.938689344672335	67121.61609051144	13023.14759146441	1125.0053689648148	2.9930284141351176
5.800580290145072	68312.59299076373	13130.527889429011	1143.1925337486896	2.923171028579486
5.593416708354176	70109.07808274597	13286.343222345262	1170.3779103697882	2.8186886473772663
5.662471235617808	69508.58715377386	13235.09408848348	1161.327244727472	2.853480472361093
5.317198599299648	72523.29924527794	13484.230420619544	1206.423211523776	2.6800826143470315
5.179089544772386	73737.74348435532	13579.123442797627	1224.386255504074	2.6109981313147164
5.248144072036017	73129.90729157424	13531.9996343685	1215.4071177777928	2.6455313993223206
5.524362181090544	70710.7981772932	13336.860677318937	1179.4095019011618	2.7839644414403013
5.73152576288144	68909.96605508175	13183.165303305297	1152.2670420296843	2.888302113452376
5.455307653826913	71313.74457317297	13386.675430785628	1188.4267878493283	2.7492909490899193
5.386253126563281	71917.9103553237	13435.789458476504	1197.4297682142878	2.7146694269330527
5.110035017508753	74346.81977735605	13625.627201115813	1233.365393230355	2.5764647018239177
4.902871435717858	76180.21932279156	13761.370428583348	1260.293269353727	2.47290108356965
4.833816908454226	76793.00034054591	13805.370606979843	1269.2676385522725	2.4383865953560555
4.97192596298149	75568.05802585976	13716.750529364466	1251.3189001551816	2.5074159246740244
4.764762381190594	77406.3848446354	13848.728014363947	1278.2372392230823	2.4038910784445546
5.040980490245121	74957.13617057496	13671.510909323193	1242.3445309566362	2.541931104246777
4.281380690345172	81716.9592266288	14135.079536831832	1341.0673606683717	2.16227267783847
4.419489744872435	80482.6853377321	14056.333172744584	1323.1090852158095	2.231331747219421
4.488544272136067	79866.16844339525	14016.029915534713	1314.1299474895284	2.265861177686276
4.6957078539269625	78020.38874025871	13891.466030214086	1287.206839893892	2.3693964892331114
4.557598799399699	79250.28882152452	13975.128341250314	1305.155578290983	2.300372481579936
4.143271635817908	82952.50897760564	14211.386202951468	1359.0351731764054	2.0931754166591205
4.626653326663331	78635.02892048021	13933.607046143396	1296.1812090924375	2.334884259018166
4.350435217608804	81099.8222821806	14096.016379843615	1332.0882229420906	2.1968022483666005
4.212326163081539	82334.73410211768	14173.543059591271	1350.0512669223885	2.127724395598943
4.074217108554277	83570.922113422	14248.628724218122	1368.0238479581578	2.0586070580869484
3.8670535267633808	85427.45625174361	14356.68867350151	1395.0041778866223	1.9548365716097593
3.9361080540270126	84808.38697466976	14321.270739417148	1386.0059660493985	1.989447377824606
3.797998999499749	86046.52552881809	14391.48524032135	1404.0023897238461	1.920222740917424
4.005162581290644	84189.33524923708	14285.250536797106	1377.0125227399103	2.0240372898745753
3.6598899449724853	87284.69852766464	14459.250164606125	1422.0083504537652	1.8509472536585625
3.45272636318159	89143.94202561931	14556.35435858029	1449.0506712427934	1.7468655995930031
3.728944472236117	86665.6120282414	14425.678550740211	1413.0053700888056	1.8855870350987127
3.5908354177088535	87904.44083905761	14492.234986490725	1431.020867874196	1.8162657595768603
3.383671835917958	89763.71713527534	14587.505043918265	1458.0727257186957	1.712126682561026
3.3146173086543262	90383.50815013029	14618.048850682431	1467.0995487223336	1.6773602183325358
3.038399199599799	92860.22326027128	14734.034443148996	1503.2211463200922	1.5381310624381586
3.1765082541270626	91621.8279179376	14677.250629380871	1485.1484262018737	1.6078157105801512
3.5217808904452217	88524.1831504506	14524.597453245497	1440.033385294627	1.781578236008242
3.107453726863431	92241.0108364151	14705.939554427418	1494.1800177332473	1.5729987693782455
3.2455627813906944	91002.66024607971	14647.953508606917	1476.1216031982358	1.6426023536652201
2.69312656328164	95952.67440835071	14865.279919969325	1548.4744745316736	1.3633294246546168
2.9002901450725354	94098.05196535638	14788.379876103252	1521.3129405492534	1.4683084637295705
2.8312356178089035	94716.66758800656	14814.629432471138	1530.3636061915697	1.4333501858387256
2.969344672336167	93479.44994288612	14761.519489700526	1512.2670434346728	1.5032286973234958
2.7621810905452717	95334.65822121988	14840.253999401772	1539.414271833886	1.398370337061953
2.5550175087543763	97186.8298385683	14913.454817062116	1566.594879927249	1.2931641261476972
2.624072036018008	96570.06494746653	14889.68019252277	1557.5346772294613	1.3282614214431598
2.347853926963481	99034.62191981866	14981.024802595499	1593.7754880206119	1.1876705812451362
2.278799399699849	99649.49890100585	15002.285639271848	1602.8309221906638	1.1524477487349878
2.1406903451725854	100877.34433887507	15042.899415469934	1620.9274849475607	1.0819259535314851
2.4859629814907445	97802.96908165654	14936.603793587346	1575.6550826250366	1.2580350923605166
2.209744872436217	100263.73959759544	15022.910290704376	1611.8815878329801	1.117200511487632
2.0716358179089536	101488.52314417323	15062.22304832142	1629.9543079511986	1.0466784948882202
2.4169084542271126	98419.1083247443	14959.12712209847	1584.7152853228242	1.2228715934481231
2.0025812906453218	102094.85106536809	15080.844308954953	1638.9429827329511	1.0115357160190486
1.3120360180090034	108058.00761270736	15231.382465521912	1727.8712564756047	0.6618061348448148
1.5882541270635306	105689.44668227147	15178.831983787928	1692.4792436214047	0.8014255351681416
1.9335267633816897	102698.15726845995	15098.79711407866	1647.9078148760252	0.9764458676227913
1.5191995997998988	106283.48570976497	15192.918942760814	1701.3487052097653	0.7664887678984245
1.6573086543271625	105094.16923222427	15164.108839571223	1683.5954764498372	0.8363828993186637
1.2429814907453716	108647.56152741869	15242.944440825106	1736.683495731137	0.6269562269535659
1.7263631815907943	104497.64677385379	15148.747534380118	1674.6974036950626	0.8713605358890646
1.3810905452726352	107467.76551640632	15219.19220789719	1719.0447116368653	0.6966785894325755
1.450145072536267	106876.24811724709	15206.371692220337	1710.2038612149188	0.7315729730580361
1.795417708854426	103899.25224263874	15132.73753098491	1665.7802568293453	0.9063761778159911
1.864472236118058	103299.6243275507	15116.093976652834	1656.8535729081566	0.9413922029062053
1.104872436218108	109824.10745596494	15264.202972482375	1754.2745945480522	0.5572849040219364
0.9667633816908444	110997.31956342894	15282.97570579125	1771.8132395598748	0.48768343158022454
1.0358179089544761	110411.04931860384	15273.897223817454	1763.0486855816991	0.5224826153533828
1.1739269634817397	109236.47115525558	15253.886036729058	1745.4861979311981	0.5921096670171966
0.6905452726363172	113339.0332591561	15313.146099476036	1806.7617793346567	0.3485431626041941
0.6214907453726853	113924.78058828643	15319.165491949168	1815.4786480354755	0.3137258393062474
0.41432716358178984	115683.08748877753	15333.589312982547	1841.5815688605753	0.20897818561573966
0.759599799899949	112753.74410080987	15306.517523410219	1798.0353735783665	0.3833462368269687
0.8286543271635808	112168.97949893054	15299.286349520286	1789.3089678220763	0.41810625240943955
0.2762181090545262	116843.8604618701	15340.144787016878	1858.838870735993	0.13919984024504778
0.8977088544272126	111583.49609163773	15291.439735557524	1780.568256482579	0.452885362647901
0.345272636318158	116264.74554104169	15337.171312507618	1850.226909645359	0.17408290985867825
0.5524362181090535	114512.79658410848	15324.588872366758	1824.2050537917657	0.27880026705640604
0.48338169084542165	115098.90550315981	15329.396483422632	1832.9076169093776	0.24388063831222917
0.06905452726363079	118559.69966108163	15345.44764786905	1884.4029479269611	0.034744168200607266
0.20716358179089442	117419.79356228968	15342.511712240757	1867.4079150770058	0.10435384122856807
0	119121.8044387146	15346.027854080026	1892.8050937972253	-0.0000000000000010323779591620155
0.1381090545272626	117991.95903818625	15344.278015371105	1875.9340426683975	0.06952553199677126
-0.0000000000000010323779591620007	119121.8044387146	15346.027854080026	1892.8050937972253	-0.0000000000000010323779591620155
